NAME: .\SDVRP instances\p01\p01_1050
BEST_KNOWN: 0
COMMENT: 0
DIMENSION: 51
CAPACITY: 160
EDGE_WEIGHT_FORMAT: FUNCTION
EDGE_WEIGHT_TYPE: EXACT_2D
NODE_COORD_SECTION
1 0 0
2 7 12
3 19 9
4 22 24
5 -10 -14
6 10 -10
7 -9 7
8 -13 23
9 1 22
10 22 -7
11 21 -19
12 12 1
13 1 -8
14 -25 -15
15 -18 2
16 6 -24
17 22 1
18 -3 -17
19 -13 -7
20 -17 -27
21 27 18
22 32 2
23 12 17
24 -14 17
25 -22 12
26 -23 -2
27 -3 28
28 0 8
29 13 27
30 28 8
31 28 -13
32 7 29
33 8 6
34 16 -30
35 31 -7
36 32 23
37 33 29
38 2 -18
39 15 -5
40 29 -25
41 -25 -34
42 -20 -23
43 -9 -30
44 -25 24
45 0 -25
46 9 -30
47 2 -1
48 -5 -8
49 -5 15
50 18 -12
51 26 -3
DEMAND_SECTION
1 0
2 70
3 41
4 30
5 51
6 74
7 71
8 47
9 23
10 29
11 18
12 67
13 41
14 45
15 49
16 60
17 35
18 21
19 48
20 70
21 50
22 22
23 56
24 57
25 53
26 66
27 62
28 18
29 65
30 25
31 22
32 70
33 67
34 69
35 29
36 70
37 46
38 65
39 46
40 47
41 69
42 28
43 20
44 56
45 58
46 72
47 34
48 47
49 43
50 70
51 55
DEPOT_SECTION
1
-1
EOF
