NAME: .\SDVRP instances\p01\p01_110
BEST_KNOWN: 0
COMMENT: 0
DIMENSION: 51
CAPACITY: 160
EDGE_WEIGHT_FORMAT: FUNCTION
EDGE_WEIGHT_TYPE: EXACT_2D
NODE_COORD_SECTION
1 0 0
2 7 12
3 19 9
4 22 24
5 -10 -14
6 10 -10
7 -9 7
8 -13 23
9 1 22
10 22 -7
11 21 -19
12 12 1
13 1 -8
14 -25 -15
15 -18 2
16 6 -24
17 22 1
18 -3 -17
19 -13 -7
20 -17 -27
21 27 18
22 32 2
23 12 17
24 -14 17
25 -22 12
26 -23 -2
27 -3 28
28 0 8
29 13 27
30 28 8
31 28 -13
32 7 29
33 8 6
34 16 -30
35 31 -7
36 32 23
37 33 29
38 2 -18
39 15 -5
40 29 -25
41 -25 -34
42 -20 -23
43 -9 -30
44 -25 24
45 0 -25
46 9 -30
47 2 -1
48 -5 -8
49 -5 15
50 18 -12
51 26 -3
DEMAND_SECTION
1 0
2 13
3 6
4 4
5 9
6 14
7 13
8 8
9 2
10 4
11 1
12 13
13 6
14 8
15 8
16 11
17 5
18 2
19 8
20 13
21 9
22 2
23 10
24 10
25 9
26 12
27 11
28 1
29 12
30 3
31 2
32 13
33 13
34 13
35 4
36 13
37 8
38 12
39 8
40 8
41 13
42 3
43 2
44 10
45 11
46 14
47 5
48 8
49 7
50 13
51 10
DEPOT_SECTION
1
-1
EOF
