NAME: .\SDVRP instances\p01\p01_1030
BEST_KNOWN: 0
COMMENT: 0
DIMENSION: 51
CAPACITY: 160
EDGE_WEIGHT_FORMAT: FUNCTION
EDGE_WEIGHT_TYPE: EXACT_2D
NODE_COORD_SECTION
1 0 0
2 7 12
3 19 9
4 22 24
5 -10 -14
6 10 -10
7 -9 7
8 -13 23
9 1 22
10 22 -7
11 21 -19
12 12 1
13 1 -8
14 -25 -15
15 -18 2
16 6 -24
17 22 1
18 -3 -17
19 -13 -7
20 -17 -27
21 27 18
22 32 2
23 12 17
24 -14 17
25 -22 12
26 -23 -2
27 -3 28
28 0 8
29 13 27
30 28 8
31 28 -13
32 7 29
33 8 6
34 16 -30
35 31 -7
36 32 23
37 33 29
38 2 -18
39 15 -5
40 29 -25
41 -25 -34
42 -20 -23
43 -9 -30
44 -25 24
45 0 -25
46 9 -30
47 2 -1
48 -5 -8
49 -5 15
50 18 -12
51 26 -3
DEMAND_SECTION
1 0
2 43
3 28
4 23
5 33
6 45
7 43
8 31
9 19
10 22
11 17
12 41
13 28
14 30
15 32
16 38
17 25
18 18
19 32
20 43
21 33
22 19
23 36
24 36
25 34
26 41
27 39
28 17
29 40
30 20
31 19
32 43
33 41
34 42
35 22
36 43
37 31
38 40
39 31
40 31
41 42
42 22
43 18
44 36
45 37
46 44
47 25
48 31
49 29
50 43
51 35
DEPOT_SECTION
1
-1
EOF
