NAME: .\SDVRP instances\p01\p01_3070
BEST_KNOWN: 0
COMMENT: 0
DIMENSION: 51
CAPACITY: 160
EDGE_WEIGHT_FORMAT: FUNCTION
EDGE_WEIGHT_TYPE: EXACT_2D
NODE_COORD_SECTION
1 0 0
2 7 12
3 19 9
4 22 24
5 -10 -14
6 10 -10
7 -9 7
8 -13 23
9 1 22
10 22 -7
11 21 -19
12 12 1
13 1 -8
14 -25 -15
15 -18 2
16 6 -24
17 22 1
18 -3 -17
19 -13 -7
20 -17 -27
21 27 18
22 32 2
23 12 17
24 -14 17
25 -22 12
26 -23 -2
27 -3 28
28 0 8
29 13 27
30 28 8
31 28 -13
32 7 29
33 8 6
34 16 -30
35 31 -7
36 32 23
37 33 29
38 2 -18
39 15 -5
40 29 -25
41 -25 -34
42 -20 -23
43 -9 -30
44 -25 24
45 0 -25
46 9 -30
47 2 -1
48 -5 -8
49 -5 15
50 18 -12
51 26 -3
DEMAND_SECTION
1 0
2 102
3 73
4 62
5 83
6 106
7 103
8 79
9 55
10 61
11 50
12 99
13 73
14 77
15 81
16 92
17 67
18 53
19 80
20 102
21 82
22 54
23 88
24 89
25 85
26 98
27 94
28 50
29 97
30 57
31 54
32 102
33 99
34 101
35 61
36 102
37 78
38 97
39 78
40 79
41 101
42 60
43 52
44 88
45 90
46 104
47 66
48 79
49 75
50 102
51 87
DEPOT_SECTION
1
-1
EOF
