NAME: .\SDVRP instances\p03\p03_1050
BEST_KNOWN: 0
COMMENT: 0
DIMENSION: 101
CAPACITY: 200
EDGE_WEIGHT_FORMAT: FUNCTION
EDGE_WEIGHT_TYPE: EXACT_2D
NODE_COORD_SECTION
1 0 0
2 6 14
3 0 -18
4 20 10
5 20 -15
6 -20 -5
7 -10 -5
8 -15 15
9 -25 8
10 20 25
11 -5 25
12 -15 30
13 15 0
14 -5 -10
15 -20 -25
16 -5 -30
17 -25 -15
18 -30 -5
19 -15 5
20 -20 25
21 10 30
22 10 -15
23 10 -25
24 20 -30
25 30 0
26 30 -15
27 10 -5
28 0 5
29 6 2
30 29 7
31 5 25
32 -4 17
33 0 34
34 18 17
35 30 20
36 28 30
37 -33 25
38 -15 -15
39 -30 -30
40 25 -23
41 5 -10
42 7 -28
43 -11 -23
44 -12 -32
45 -24 -21
46 -29 3
47 -33 13
48 -27 21
49 -22 17
50 -29 33
51 12 12
52 14 23
53 -8 8
54 2 -4
55 22 -6
56 28 -12
57 18 -23
58 -3 -23
59 1 -9
60 -14 -11
61 -18 -1
62 -23 -11
63 -11 23
64 -8 34
65 -20 42
66 27 42
67 14 38
68 32 -30
69 21 4
70 2 12
71 2 21
72 22 33
73 12 -19
74 9 -18
75 11 -22
76 14 -24
77 14 7
78 18 8
79 26 17
80 22 13
81 21 2
82 20 19
83 -20 12
84 -21 2
85 -24 -4
86 -19 -13
87 -31 -17
88 -7 -17
89 -9 17
90 -9 0
91 -4 32
92 -20 -16
93 -13 -13
94 -17 -11
95 -9 -8
96 -10 -11
97 -13 -8
98 -10 -14
99 -16 -14
100 -15 -9
101 -17 -17
DEMAND_SECTION
1 0
2 88
3 51
4 38
5 64
6 92
7 88
8 59
9 28
10 36
11 22
12 84
13 51
14 57
15 61
16 76
17 43
18 26
19 60
20 88
21 63
22 28
23 70
24 72
25 66
26 83
27 78
28 22
29 82
30 32
31 28
32 88
33 84
34 86
35 37
36 87
37 58
38 82
39 58
40 58
41 86
42 35
43 25
44 70
45 73
46 90
47 42
48 59
49 54
50 87
51 69
52 73
53 72
54 26
55 93
56 79
57 78
58 44
59 76
60 52
61 47
62 90
63 41
64 45
65 43
66 48
67 58
68 88
69 27
70 98
71 89
72 95
73 91
74 87
75 99
76 24
77 46
78 66
79 77
80 65
81 84
82 72
83 42
84 74
85 71
86 98
87 82
88 98
89 84
90 88
91 29
92 85
93 66
94 34
95 95
96 74
97 83
98 81
99 54
100 81
101 28
DEPOT_SECTION
1
-1
EOF
