NAME: .\SDVRP instances\p03\p03_00
BEST_KNOWN: 0
COMMENT: 0
DIMENSION: 101
CAPACITY: 200
EDGE_WEIGHT_FORMAT: FUNCTION
EDGE_WEIGHT_TYPE: EXACT_2D
NODE_COORD_SECTION
1 0 0
2 6 14
3 0 -18
4 20 10
5 20 -15
6 -20 -5
7 -10 -5
8 -15 15
9 -25 8
10 20 25
11 -5 25
12 -15 30
13 15 0
14 -5 -10
15 -20 -25
16 -5 -30
17 -25 -15
18 -30 -5
19 -15 5
20 -20 25
21 10 30
22 10 -15
23 10 -25
24 20 -30
25 30 0
26 30 -15
27 10 -5
28 0 5
29 6 2
30 29 7
31 5 25
32 -4 17
33 0 34
34 18 17
35 30 20
36 28 30
37 -33 25
38 -15 -15
39 -30 -30
40 25 -23
41 5 -10
42 7 -28
43 -11 -23
44 -12 -32
45 -24 -21
46 -29 3
47 -33 13
48 -27 21
49 -22 17
50 -29 33
51 12 12
52 14 23
53 -8 8
54 2 -4
55 22 -6
56 28 -12
57 18 -23
58 -3 -23
59 1 -9
60 -14 -11
61 -18 -1
62 -23 -11
63 -11 23
64 -8 34
65 -20 42
66 27 42
67 14 38
68 32 -30
69 21 4
70 2 12
71 2 21
72 22 33
73 12 -19
74 9 -18
75 11 -22
76 14 -24
77 14 7
78 18 8
79 26 17
80 22 13
81 21 2
82 20 19
83 -20 12
84 -21 2
85 -24 -4
86 -19 -13
87 -31 -17
88 -7 -17
89 -9 17
90 -9 0
91 -4 32
92 -20 -16
93 -13 -13
94 -17 -11
95 -9 -8
96 -10 -11
97 -13 -8
98 -10 -14
99 -16 -14
100 -15 -9
101 -17 -17
DEMAND_SECTION
1 0
2 10
3 7
4 13
5 19
6 26
7 3
8 5
9 9
10 16
11 16
12 12
13 19
14 23
15 20
16 8
17 19
18 2
19 12
20 17
21 9
22 11
23 18
24 29
25 3
26 6
27 17
28 16
29 16
30 9
31 21
32 27
33 23
34 11
35 14
36 8
37 5
38 8
39 16
40 31
41 9
42 5
43 5
44 7
45 18
46 16
47 1
48 27
49 36
50 30
51 13
52 10
53 9
54 14
55 18
56 2
57 6
58 7
59 18
60 28
61 3
62 13
63 19
64 10
65 9
66 20
67 25
68 25
69 36
70 6
71 5
72 15
73 25
74 9
75 8
76 18
77 13
78 14
79 3
80 23
81 6
82 26
83 16
84 11
85 7
86 41
87 35
88 26
89 9
90 15
91 3
92 1
93 2
94 22
95 27
96 20
97 11
98 12
99 10
100 9
101 17
DEPOT_SECTION
1
-1
EOF
