NAME: .\SDVRP instances\p03\p03_1090
BEST_KNOWN: 0
COMMENT: 0
DIMENSION: 101
CAPACITY: 200
EDGE_WEIGHT_FORMAT: FUNCTION
EDGE_WEIGHT_TYPE: EXACT_2D
NODE_COORD_SECTION
1 0 0
2 6 14
3 0 -18
4 20 10
5 20 -15
6 -20 -5
7 -10 -5
8 -15 15
9 -25 8
10 20 25
11 -5 25
12 -15 30
13 15 0
14 -5 -10
15 -20 -25
16 -5 -30
17 -25 -15
18 -30 -5
19 -15 5
20 -20 25
21 10 30
22 10 -15
23 10 -25
24 20 -30
25 30 0
26 30 -15
27 10 -5
28 0 5
29 6 2
30 29 7
31 5 25
32 -4 17
33 0 34
34 18 17
35 30 20
36 28 30
37 -33 25
38 -15 -15
39 -30 -30
40 25 -23
41 5 -10
42 7 -28
43 -11 -23
44 -12 -32
45 -24 -21
46 -29 3
47 -33 13
48 -27 21
49 -22 17
50 -29 33
51 12 12
52 14 23
53 -8 8
54 2 -4
55 22 -6
56 28 -12
57 18 -23
58 -3 -23
59 1 -9
60 -14 -11
61 -18 -1
62 -23 -11
63 -11 23
64 -8 34
65 -20 42
66 27 42
67 14 38
68 32 -30
69 21 4
70 2 12
71 2 21
72 22 33
73 12 -19
74 9 -18
75 11 -22
76 14 -24
77 14 7
78 18 8
79 26 17
80 22 13
81 21 2
82 20 19
83 -20 12
84 -21 2
85 -24 -4
86 -19 -13
87 -31 -17
88 -7 -17
89 -9 17
90 -9 0
91 -4 32
92 -20 -16
93 -13 -13
94 -17 -11
95 -9 -8
96 -10 -11
97 -13 -8
98 -10 -14
99 -16 -14
100 -15 -9
101 -17 -17
DEMAND_SECTION
1 0
2 156
3 83
4 56
5 109
6 165
7 157
8 99
9 37
10 53
11 25
12 149
13 83
14 94
15 103
16 132
17 67
18 33
19 101
20 156
21 107
22 36
23 121
24 124
25 113
26 147
27 137
28 25
29 144
30 44
31 36
32 156
33 148
34 152
35 54
36 155
37 96
38 144
39 97
40 97
41 153
42 50
43 30
44 121
45 126
46 160
47 65
48 99
49 89
50 155
51 119
52 126
53 125
54 32
55 167
56 139
57 136
58 69
59 132
60 84
61 74
62 161
63 62
64 70
65 67
66 76
67 96
68 156
69 34
70 177
71 158
72 171
73 163
74 154
75 179
76 28
77 72
78 113
79 135
80 111
81 148
82 125
83 65
84 129
85 122
86 177
87 144
88 177
89 149
90 156
91 39
92 150
93 112
94 49
95 170
96 129
97 146
98 143
99 88
100 142
101 36
DEPOT_SECTION
1
-1
EOF
