NAME: .\SDVRP instances\p03\p03_3070
BEST_KNOWN: 0
COMMENT: 0
DIMENSION: 101
CAPACITY: 200
EDGE_WEIGHT_FORMAT: FUNCTION
EDGE_WEIGHT_TYPE: EXACT_2D
NODE_COORD_SECTION
1 0 0
2 6 14
3 0 -18
4 20 10
5 20 -15
6 -20 -5
7 -10 -5
8 -15 15
9 -25 8
10 20 25
11 -5 25
12 -15 30
13 15 0
14 -5 -10
15 -20 -25
16 -5 -30
17 -25 -15
18 -30 -5
19 -15 5
20 -20 25
21 10 30
22 10 -15
23 10 -25
24 20 -30
25 30 0
26 30 -15
27 10 -5
28 0 5
29 6 2
30 29 7
31 5 25
32 -4 17
33 0 34
34 18 17
35 30 20
36 28 30
37 -33 25
38 -15 -15
39 -30 -30
40 25 -23
41 5 -10
42 7 -28
43 -11 -23
44 -12 -32
45 -24 -21
46 -29 3
47 -33 13
48 -27 21
49 -22 17
50 -29 33
51 12 12
52 14 23
53 -8 8
54 2 -4
55 22 -6
56 28 -12
57 18 -23
58 -3 -23
59 1 -9
60 -14 -11
61 -18 -1
62 -23 -11
63 -11 23
64 -8 34
65 -20 42
66 27 42
67 14 38
68 32 -30
69 21 4
70 2 12
71 2 21
72 22 33
73 12 -19
74 9 -18
75 11 -22
76 14 -24
77 14 7
78 18 8
79 26 17
80 22 13
81 21 2
82 20 19
83 -20 12
84 -21 2
85 -24 -4
86 -19 -13
87 -31 -17
88 -7 -17
89 -9 17
90 -9 0
91 -4 32
92 -20 -16
93 -13 -13
94 -17 -11
95 -9 -8
96 -10 -11
97 -13 -8
98 -10 -14
99 -16 -14
100 -15 -9
101 -17 -17
DEMAND_SECTION
1 0
2 128
3 91
4 78
5 104
6 132
7 128
8 99
9 68
10 76
11 62
12 124
13 91
14 97
15 101
16 116
17 83
18 66
19 100
20 128
21 103
22 68
23 110
24 112
25 106
26 123
27 118
28 62
29 122
30 72
31 68
32 128
33 124
34 126
35 77
36 127
37 98
38 122
39 98
40 98
41 126
42 75
43 65
44 110
45 113
46 130
47 82
48 99
49 94
50 127
51 109
52 113
53 112
54 66
55 133
56 119
57 118
58 84
59 116
60 92
61 87
62 130
63 81
64 85
65 83
66 88
67 98
68 128
69 67
70 138
71 129
72 135
73 131
74 127
75 139
76 64
77 86
78 106
79 117
80 105
81 124
82 112
83 82
84 114
85 111
86 138
87 122
88 138
89 124
90 128
91 69
92 125
93 106
94 74
95 135
96 114
97 123
98 121
99 94
100 121
101 68
DEPOT_SECTION
1
-1
EOF
