NAME: .\SDVRP instances\p03\p03_110
BEST_KNOWN: 0
COMMENT: 0
DIMENSION: 101
CAPACITY: 200
EDGE_WEIGHT_FORMAT: FUNCTION
EDGE_WEIGHT_TYPE: EXACT_2D
NODE_COORD_SECTION
1 0 0
2 6 14
3 0 -18
4 20 10
5 20 -15
6 -20 -5
7 -10 -5
8 -15 15
9 -25 8
10 20 25
11 -5 25
12 -15 30
13 15 0
14 -5 -10
15 -20 -25
16 -5 -30
17 -25 -15
18 -30 -5
19 -15 5
20 -20 25
21 10 30
22 10 -15
23 10 -25
24 20 -30
25 30 0
26 30 -15
27 10 -5
28 0 5
29 6 2
30 29 7
31 5 25
32 -4 17
33 0 34
34 18 17
35 30 20
36 28 30
37 -33 25
38 -15 -15
39 -30 -30
40 25 -23
41 5 -10
42 7 -28
43 -11 -23
44 -12 -32
45 -24 -21
46 -29 3
47 -33 13
48 -27 21
49 -22 17
50 -29 33
51 12 12
52 14 23
53 -8 8
54 2 -4
55 22 -6
56 28 -12
57 18 -23
58 -3 -23
59 1 -9
60 -14 -11
61 -18 -1
62 -23 -11
63 -11 23
64 -8 34
65 -20 42
66 27 42
67 14 38
68 32 -30
69 21 4
70 2 12
71 2 21
72 22 33
73 12 -19
74 9 -18
75 11 -22
76 14 -24
77 14 7
78 18 8
79 26 17
80 22 13
81 21 2
82 20 19
83 -20 12
84 -21 2
85 -24 -4
86 -19 -13
87 -31 -17
88 -7 -17
89 -9 17
90 -9 0
91 -4 32
92 -20 -16
93 -13 -13
94 -17 -11
95 -9 -8
96 -10 -11
97 -13 -8
98 -10 -14
99 -16 -14
100 -15 -9
101 -17 -17
DEMAND_SECTION
1 0
2 17
3 9
4 6
5 12
6 18
7 17
8 10
9 3
10 5
11 2
12 16
13 9
14 10
15 11
16 14
17 7
18 3
19 11
20 17
21 11
22 3
23 13
24 13
25 12
26 16
27 15
28 2
29 15
30 4
31 3
32 17
33 16
34 16
35 5
36 17
37 10
38 16
39 10
40 10
41 16
42 5
43 3
44 13
45 14
46 17
47 7
48 10
49 9
50 17
51 13
52 13
53 13
54 3
55 18
56 15
57 15
58 7
59 14
60 9
61 8
62 17
63 6
64 7
65 7
66 8
67 10
68 17
69 3
70 19
71 17
72 19
73 18
74 17
75 19
76 2
77 7
78 12
79 15
80 12
81 16
82 13
83 7
84 14
85 13
86 19
87 16
88 19
89 16
90 17
91 4
92 16
93 12
94 5
95 18
96 14
97 16
98 15
99 9
100 15
101 3
DEPOT_SECTION
1
-1
EOF
