NAME: .\SDVRP instances\p03\p03_1030
BEST_KNOWN: 0
COMMENT: 0
DIMENSION: 101
CAPACITY: 200
EDGE_WEIGHT_FORMAT: FUNCTION
EDGE_WEIGHT_TYPE: EXACT_2D
NODE_COORD_SECTION
1 0 0
2 6 14
3 0 -18
4 20 10
5 20 -15
6 -20 -5
7 -10 -5
8 -15 15
9 -25 8
10 20 25
11 -5 25
12 -15 30
13 15 0
14 -5 -10
15 -20 -25
16 -5 -30
17 -25 -15
18 -30 -5
19 -15 5
20 -20 25
21 10 30
22 10 -15
23 10 -25
24 20 -30
25 30 0
26 30 -15
27 10 -5
28 0 5
29 6 2
30 29 7
31 5 25
32 -4 17
33 0 34
34 18 17
35 30 20
36 28 30
37 -33 25
38 -15 -15
39 -30 -30
40 25 -23
41 5 -10
42 7 -28
43 -11 -23
44 -12 -32
45 -24 -21
46 -29 3
47 -33 13
48 -27 21
49 -22 17
50 -29 33
51 12 12
52 14 23
53 -8 8
54 2 -4
55 22 -6
56 28 -12
57 18 -23
58 -3 -23
59 1 -9
60 -14 -11
61 -18 -1
62 -23 -11
63 -11 23
64 -8 34
65 -20 42
66 27 42
67 14 38
68 32 -30
69 21 4
70 2 12
71 2 21
72 22 33
73 12 -19
74 9 -18
75 11 -22
76 14 -24
77 14 7
78 18 8
79 26 17
80 22 13
81 21 2
82 20 19
83 -20 12
84 -21 2
85 -24 -4
86 -19 -13
87 -31 -17
88 -7 -17
89 -9 17
90 -9 0
91 -4 32
92 -20 -16
93 -13 -13
94 -17 -11
95 -9 -8
96 -10 -11
97 -13 -8
98 -10 -14
99 -16 -14
100 -15 -9
101 -17 -17
DEMAND_SECTION
1 0
2 54
3 35
4 29
5 42
6 56
7 54
8 39
9 24
10 28
11 21
12 52
13 35
14 38
15 40
16 48
17 31
18 23
19 40
20 54
21 41
22 24
23 45
24 46
25 43
26 51
27 49
28 21
29 51
30 26
31 24
32 54
33 52
34 53
35 28
36 53
37 39
38 51
39 39
40 39
41 53
42 27
43 22
44 45
45 46
46 55
47 31
48 39
49 37
50 53
51 44
52 46
53 46
54 23
55 56
56 49
57 49
58 32
59 48
60 36
61 33
62 55
63 30
64 32
65 31
66 34
67 39
68 54
69 23
70 59
71 54
72 57
73 55
74 53
75 59
76 22
77 33
78 43
79 48
80 42
81 52
82 46
83 31
84 47
85 45
86 59
87 51
88 59
89 52
90 54
91 24
92 52
93 43
94 27
95 57
96 47
97 51
98 50
99 37
100 50
101 24
DEPOT_SECTION
1
-1
EOF
