NAME: p01_00_tsplib0_NORMALIZED
BEST_KNOWN: 0
COMMENT: 0
DIMENSION: 51
CAPACITY: 100
EDGE_WEIGHT_FORMAT: FUNCTION
EDGE_WEIGHT_TYPE: EXACT_2D
NODE_COORD_SECTION
1 0 0
2 7 12
3 19 9
4 22 24
5 -10 -14
6 10 -10
7 -9 7
8 -13 23
9 1 22
10 22 -7
11 21 -19
12 12 1
13 1 -8
14 -25 -15
15 -18 2
16 6 -24
17 22 1
18 -3 -17
19 -13 -7
20 -17 -27
21 27 18
22 32 2
23 12 17
24 -14 17
25 -22 12
26 -23 -2
27 -3 28
28 0 8
29 13 27
30 28 8
31 28 -13
32 7 29
33 8 6
34 16 -30
35 31 -7
36 32 23
37 33 29
38 2 -18
39 15 -5
40 29 -25
41 -25 -34
42 -20 -23
43 -9 -30
44 -25 24
45 0 -25
46 9 -30
47 2 -1
48 -5 -8
49 -5 15
50 18 -12
51 26 -3
DEMAND_SECTION
1 0
2 4
3 18
4 10
5 5
6 13
7 9
8 11
9 14
10 6
11 3
12 11
13 18
14 14
15 13
16 6
17 9
18 1
19 25
20 5
21 17
22 5
23 5
24 10
25 6
26 17
27 4
28 9
29 8
30 3
31 11
32 6
33 7
34 14
35 16
36 10
37 3
38 5
39 9
40 8
41 4
42 16
43 8
44 6
45 10
46 6
47 3
48 15
49 10
50 11
51 6
DEPOT_SECTION
1
-1
EOF