NAME: p01_27_NORMALIZED
BEST_KNOWN: 0
COMMENT: 0
DIMENSION: 51
CAPACITY: 100
EDGE_WEIGHT_FORMAT: FUNCTION
EDGE_WEIGHT_TYPE: EXACT_2D
NODE_COORD_SECTION
1 0 0
2 -49 19
3 16 45
4 -17 45
5 -16 -5
6 22 9
7 -8 -32
8 -18 -29
9 -18 27
10 -13 0
11 -7 46
12 -36 -19
13 28 -21
14 -47 32
15 -21 19
16 -21 -45
17 28 35
18 -38 -22
19 -17 42
20 18 15
21 6 -20
22 8 9
23 11 -5
24 28 -50
25 -33 32
26 -23 -33
27 31 -32
28 33 -9
29 -48 46
30 35 48
31 24 31
32 17 31
33 -7 7
34 -15 -34
35 8 -16
36 4 -6
37 0 -40
38 -35 18
39 25 6
40 5 -6
41 -7 35
42 -49 30
43 0 -19
44 14 -33
45 48 5
46 -25 22
47 -35 -19
48 38 -8
49 47 36
50 34 35
51 -28 6
DEMAND_SECTION
1 0
2 42
3 49
4 37
5 43
6 21
7 44
8 31
9 17
10 15
11 25
12 45
13 15
14 28
15 18
16 21
17 43
18 26
19 35
20 18
21 33
22 22
23 39
24 50
25 48
26 36
27 25
28 33
29 30
30 38
31 43
32 22
33 18
34 20
35 19
36 20
37 36
38 30
39 21
40 20
41 47
42 20
43 18
44 48
45 13
46 48
47 29
48 16
49 24
50 18
51 45
DEPOT_SECTION
1
-1
EOF