NAME: p01_5_NORMALIZED
BEST_KNOWN: 0
COMMENT: 0
DIMENSION: 51
CAPACITY: 100
EDGE_WEIGHT_FORMAT: FUNCTION
EDGE_WEIGHT_TYPE: EXACT_2D
NODE_COORD_SECTION
1 0 0
2 -49 -21
3 49 23
4 -43 -46
5 -12 -45
6 41 -1
7 -46 -6
8 -13 24
9 -11 -2
10 -33 -2
11 11 14
12 43 -8
13 -50 12
14 31 49
15 -9 -2
16 -12 -26
17 9 -50
18 -26 -46
19 29 25
20 -20 6
21 -5 -5
22 -10 -50
23 -15 43
24 -17 19
25 -33 -33
26 -44 -33
27 -30 -45
28 23 -2
29 -19 -47
30 28 -38
31 -45 -46
32 -24 22
33 -34 30
34 31 -21
35 23 -40
36 6 -48
37 21 -46
38 47 47
39 17 8
40 -28 4
41 -9 18
42 23 -17
43 -38 -36
44 -27 -16
45 19 -12
46 34 8
47 33 -21
48 -36 -47
49 -16 49
50 -31 -6
51 -29 -27
DEMAND_SECTION
1 0
2 21
3 28
4 23
5 47
6 40
7 46
8 36
9 40
10 22
11 38
12 30
13 45
14 48
15 32
16 28
17 34
18 44
19 33
20 20
21 40
22 40
23 36
24 46
25 28
26 29
27 19
28 18
29 20
30 31
31 35
32 23
33 33
34 12
35 32
36 30
37 18
38 30
39 16
40 40
41 45
42 46
43 48
44 33
45 13
46 23
47 40
48 20
49 46
50 18
51 48
DEPOT_SECTION
1
-1
EOF