NAME: p01_18_NORMALIZED
BEST_KNOWN: 0
COMMENT: 0
DIMENSION: 51
CAPACITY: 100
EDGE_WEIGHT_FORMAT: FUNCTION
EDGE_WEIGHT_TYPE: EXACT_2D
NODE_COORD_SECTION
1 0 0
2 41 19
3 -2 -12
4 0 11
5 16 18
6 -25 -43
7 44 -15
8 16 -7
9 -47 -31
10 -7 -35
11 -32 -38
12 22 33
13 24 -27
14 -18 -8
15 15 -28
16 -38 -20
17 4 43
18 14 -43
19 -30 19
20 -47 48
21 34 -3
22 -37 -6
23 -38 42
24 20 -9
25 27 46
26 -12 -40
27 13 -16
28 -28 38
29 -23 -44
30 -29 -25
31 -1 4
32 9 0
33 -19 -17
34 -1 50
35 -17 13
36 -48 28
37 -26 -11
38 26 42
39 -48 23
40 -8 37
41 34 -45
42 -8 -16
43 17 -6
44 5 -17
45 34 47
46 26 -24
47 -9 -25
48 -37 30
49 40 39
50 37 -45
51 39 -20
DEMAND_SECTION
1 0
2 21
3 35
4 31
5 43
6 31
7 25
8 28
9 40
10 19
11 15
12 50
13 36
14 16
15 28
16 16
17 25
18 31
19 18
20 41
21 12
22 36
23 20
24 30
25 43
26 30
27 38
28 46
29 46
30 23
31 37
32 30
33 30
34 42
35 38
36 40
37 26
38 28
39 16
40 32
41 16
42 41
43 28
44 36
45 31
46 50
47 43
48 24
49 40
50 23
51 36
DEPOT_SECTION
1
-1
EOF