NAME: p01_1_NORMALIZED
BEST_KNOWN: 0
COMMENT: 0
DIMENSION: 51
CAPACITY: 100
EDGE_WEIGHT_FORMAT: FUNCTION
EDGE_WEIGHT_TYPE: EXACT_2D
NODE_COORD_SECTION
1 0 0
2 -6 -23
3 38 38
4 -1 33
5 -14 -25
6 43 45
7 31 -31
8 26 23
9 -15 -27
10 4 -46
11 18 -17
12 1 -22
13 -1 -17
14 44 -45
15 14 32
16 -47 39
17 -1 -6
18 21 43
19 -9 28
20 37 -31
21 24 -27
22 38 9
23 19 31
24 -42 -14
25 -5 49
26 2 18
27 -22 41
28 -46 12
29 -41 -26
30 -43 -9
31 -24 43
32 -37 8
33 39 -17
34 -28 -49
35 -10 34
36 24 46
37 17 19
38 -11 47
39 50 45
40 45 47
41 -25 -29
42 -47 29
43 2 -36
44 36 -25
45 6 11
46 -50 -47
47 27 5
48 -49 -37
49 22 19
50 -44 0
51 49 -3
DEMAND_SECTION
1 0
2 45
3 28
4 28
5 22
6 41
7 12
8 31
9 27
10 43
11 28
12 15
13 28
14 48
15 43
16 21
17 25
18 38
19 15
20 42
21 21
22 50
23 49
24 24
25 12
26 33
27 45
28 46
29 41
30 27
31 25
32 31
33 35
34 34
35 28
36 30
37 41
38 13
39 18
40 36
41 20
42 32
43 26
44 33
45 19
46 31
47 17
48 18
49 35
50 15
51 41
DEPOT_SECTION
1
-1
EOF