NAME: p01_8_NORMALIZED
BEST_KNOWN: 0
COMMENT: 0
DIMENSION: 51
CAPACITY: 100
EDGE_WEIGHT_FORMAT: FUNCTION
EDGE_WEIGHT_TYPE: EXACT_2D
NODE_COORD_SECTION
1 0 0
2 0 -9
3 -47 7
4 -21 -12
5 5 14
6 27 42
7 19 -27
8 36 -26
9 4 10
10 -48 -40
11 -40 39
12 42 -41
13 19 4
14 -43 1
15 -26 -6
16 1 27
17 20 6
18 0 42
19 -14 12
20 33 36
21 -11 -28
22 -50 -43
23 -35 -17
24 19 -24
25 -48 28
26 14 -36
27 -36 -32
28 7 36
29 -29 7
30 22 31
31 47 -14
32 -20 24
33 3 -41
34 2 -5
35 -39 30
36 10 -26
37 -16 -33
38 33 33
39 21 41
40 -24 24
41 -47 -32
42 -12 12
43 43 -25
44 -39 -13
45 -14 -37
46 -45 29
47 -26 45
48 11 2
49 -47 4
50 -15 -10
51 34 14
DEMAND_SECTION
1 0
2 38
3 37
4 17
5 38
6 31
7 36
8 31
9 15
10 47
11 23
12 17
13 16
14 50
15 30
16 12
17 42
18 47
19 33
20 38
21 49
22 33
23 32
24 39
25 26
26 49
27 46
28 49
29 18
30 13
31 36
32 45
33 47
34 35
35 39
36 22
37 39
38 44
39 41
40 38
41 33
42 21
43 17
44 47
45 28
46 36
47 36
48 13
49 16
50 48
51 22
DEPOT_SECTION
1
-1
EOF