NAME: p01_3_NORMALIZED
BEST_KNOWN: 0
COMMENT: 0
DIMENSION: 51
CAPACITY: 100
EDGE_WEIGHT_FORMAT: FUNCTION
EDGE_WEIGHT_TYPE: EXACT_2D
NODE_COORD_SECTION
1 0 0
2 -48 23
3 18 29
4 48 -6
5 29 -34
6 -45 28
7 43 -5
8 -10 5
9 1 28
10 24 3
11 5 1
12 -15 -12
13 5 -13
14 -12 -9
15 7 8
16 -15 23
17 13 -8
18 -7 -39
19 10 -28
20 -40 1
21 -13 1
22 3 -40
23 13 -19
24 -43 -30
25 27 25
26 14 23
27 -21 -2
28 15 -4
29 -8 -41
30 -28 8
31 -5 -8
32 -50 -10
33 44 46
34 -41 21
35 -26 -26
36 -43 32
37 32 -40
38 -33 25
39 39 -28
40 35 -32
41 40 49
42 -42 2
43 16 -3
44 -20 33
45 27 -34
46 21 16
47 38 -45
48 12 31
49 45 22
50 9 -39
51 -10 28
DEMAND_SECTION
1 0
2 20
3 35
4 28
5 33
6 29
7 40
8 43
9 36
10 21
11 28
12 26
13 28
14 41
15 46
16 16
17 14
18 37
19 43
20 19
21 32
22 32
23 48
24 41
25 41
26 45
27 22
28 37
29 23
30 39
31 21
32 41
33 36
34 41
35 48
36 15
37 17
38 19
39 28
40 39
41 26
42 15
43 50
44 22
45 29
46 42
47 48
48 48
49 50
50 40
51 22
DEPOT_SECTION
1
-1
EOF