NAME: p01_15_NORMALIZED
BEST_KNOWN: 0
COMMENT: 0
DIMENSION: 51
CAPACITY: 100
EDGE_WEIGHT_FORMAT: FUNCTION
EDGE_WEIGHT_TYPE: EXACT_2D
NODE_COORD_SECTION
1 0 0
2 4 2
3 31 -37
4 33 -14
5 44 15
6 -17 -35
7 17 36
8 -30 -13
9 1 -50
10 -46 -24
11 19 -48
12 -39 -2
13 7 11
14 -16 28
15 21 -8
16 13 -27
17 -9 26
18 47 -49
19 -20 46
20 14 21
21 -19 -22
22 16 -45
23 39 2
24 -2 -18
25 -4 -6
26 0 -7
27 -47 33
28 31 -7
29 -10 -49
30 15 -31
31 -17 0
32 -15 19
33 14 -5
34 -15 -15
35 -16 -38
36 22 -4
37 4 -3
38 14 -46
39 -8 -23
40 -12 6
41 26 -38
42 4 -21
43 12 33
44 -26 -2
45 -49 28
46 -11 15
47 -38 -2
48 -35 -13
49 -26 -22
50 13 -49
51 24 24
DEMAND_SECTION
1 0
2 33
3 19
4 50
5 25
6 36
7 36
8 16
9 47
10 26
11 23
12 46
13 34
14 20
15 22
16 21
17 13
18 44
19 25
20 16
21 25
22 16
23 32
24 28
25 40
26 44
27 37
28 44
29 48
30 31
31 47
32 30
33 33
34 46
35 48
36 21
37 23
38 40
39 29
40 27
41 32
42 48
43 48
44 43
45 31
46 43
47 18
48 16
49 42
50 17
51 31
DEPOT_SECTION
1
-1
EOF