NAME: p01_29_NORMALIZED
BEST_KNOWN: 0
COMMENT: 0
DIMENSION: 51
CAPACITY: 100
EDGE_WEIGHT_FORMAT: FUNCTION
EDGE_WEIGHT_TYPE: EXACT_2D
NODE_COORD_SECTION
1 0 0
2 -9 34
3 42 39
4 7 2
5 11 44
6 37 -15
7 40 42
8 36 16
9 -44 -15
10 -33 -2
11 -6 -4
12 -21 4
13 -27 -17
14 33 -35
15 -33 6
16 -17 -3
17 25 -39
18 -24 -15
19 -34 4
20 9 -46
21 16 -5
22 -5 30
23 43 -49
24 -19 -7
25 -23 -49
26 28 3
27 -34 -38
28 -22 31
29 6 37
30 34 29
31 -39 -26
32 10 -17
33 -37 43
34 -1 -8
35 30 -42
36 20 31
37 -1 42
38 -26 17
39 -48 -4
40 -29 50
41 -43 -18
42 34 -25
43 39 -37
44 13 14
45 7 16
46 15 10
47 -28 -12
48 47 -38
49 -8 -27
50 -7 -40
51 42 48
DEMAND_SECTION
1 0
2 29
3 35
4 36
5 18
6 46
7 14
8 38
9 35
10 28
11 30
12 35
13 22
14 41
15 19
16 29
17 42
18 12
19 19
20 29
21 38
22 35
23 45
24 35
25 30
26 30
27 40
28 21
29 23
30 12
31 18
32 38
33 24
34 47
35 46
36 13
37 40
38 40
39 41
40 45
41 42
42 28
43 27
44 45
45 48
46 22
47 31
48 13
49 30
50 44
51 29
DEPOT_SECTION
1
-1
EOF