NAME: p01_1050_tsplib0_NORMALIZED
BEST_KNOWN: 0
COMMENT: 0
DIMENSION: 51
CAPACITY: 100
EDGE_WEIGHT_FORMAT: FUNCTION
EDGE_WEIGHT_TYPE: EXACT_2D
NODE_COORD_SECTION
1 0 0
2 7 12
3 19 9
4 22 24
5 -10 -14
6 10 -10
7 -9 7
8 -13 23
9 1 22
10 22 -7
11 21 -19
12 12 1
13 1 -8
14 -25 -15
15 -18 2
16 6 -24
17 22 1
18 -3 -17
19 -13 -7
20 -17 -27
21 27 18
22 32 2
23 12 17
24 -14 17
25 -22 12
26 -23 -2
27 -3 28
28 0 8
29 13 27
30 28 8
31 28 -13
32 7 29
33 8 6
34 16 -30
35 31 -7
36 32 23
37 33 29
38 2 -18
39 15 -5
40 29 -25
41 -25 -34
42 -20 -23
43 -9 -30
44 -25 24
45 0 -25
46 9 -30
47 2 -1
48 -5 -8
49 -5 15
50 18 -12
51 26 -3
DEMAND_SECTION
1 0
2 43
3 25
4 18
5 31
6 46
7 44
8 29
9 14
10 18
11 11
12 41
13 25
14 28
15 30
16 37
17 21
18 13
19 30
20 43
21 31
22 13
23 35
24 35
25 33
26 41
27 38
28 11
29 40
30 15
31 13
32 43
33 41
34 43
35 18
36 43
37 28
38 40
39 28
40 29
41 43
42 17
43 12
44 35
45 36
46 45
47 21
48 29
49 26
50 43
51 34
DEPOT_SECTION
1
-1
EOF