NAME: p01_11_NORMALIZED
BEST_KNOWN: 0
COMMENT: 0
DIMENSION: 51
CAPACITY: 100
EDGE_WEIGHT_FORMAT: FUNCTION
EDGE_WEIGHT_TYPE: EXACT_2D
NODE_COORD_SECTION
1 0 0
2 41 28
3 -30 -25
4 43 -35
5 30 -14
6 -12 -15
7 -48 -2
8 44 0
9 -29 36
10 -2 3
11 -15 29
12 -26 -34
13 -1 42
14 35 -33
15 -31 -30
16 -19 19
17 -28 -22
18 -47 -29
19 46 44
20 -36 14
21 34 0
22 18 9
23 29 -49
24 21 -1
25 28 29
26 -24 -25
27 -15 -24
28 -32 31
29 -28 11
30 5 41
31 32 -43
32 -12 -5
33 -33 -22
34 18 -2
35 11 16
36 -46 -16
37 -35 19
38 -13 -39
39 0 15
40 30 -45
41 -12 -42
42 -34 24
43 18 40
44 -27 12
45 17 25
46 -6 6
47 -36 -44
48 20 -44
49 14 2
50 -19 -45
51 7 -22
DEMAND_SECTION
1 0
2 30
3 23
4 13
5 25
6 48
7 43
8 48
9 33
10 30
11 46
12 15
13 18
14 21
15 40
16 36
17 44
18 39
19 36
20 43
21 20
22 35
23 21
24 41
25 40
26 35
27 31
28 18
29 21
30 44
31 13
32 28
33 25
34 30
35 15
36 26
37 36
38 13
39 33
40 43
41 20
42 17
43 48
44 38
45 12
46 45
47 36
48 22
49 15
50 17
51 26
DEPOT_SECTION
1
-1
EOF