NAME: p01_23_NORMALIZED
BEST_KNOWN: 0
COMMENT: 0
DIMENSION: 51
CAPACITY: 100
EDGE_WEIGHT_FORMAT: FUNCTION
EDGE_WEIGHT_TYPE: EXACT_2D
NODE_COORD_SECTION
1 0 0
2 -41 -37
3 -43 9
4 10 23
5 23 -33
6 13 -50
7 -39 -25
8 25 29
9 3 1
10 -23 41
11 -43 13
12 46 32
13 44 -44
14 -7 -14
15 45 8
16 -22 -44
17 -35 37
18 28 -30
19 -34 34
20 35 -39
21 -3 26
22 43 -20
23 45 -34
24 44 -44
25 -33 -11
26 40 14
27 22 -5
28 -2 -43
29 49 30
30 -34 1
31 -39 -18
32 -48 7
33 -32 23
34 -18 -34
35 15 25
36 9 -19
37 -9 -45
38 -34 -34
39 37 30
40 -11 -15
41 -7 39
42 44 -12
43 46 12
44 28 0
45 42 37
46 33 -4
47 -47 13
48 19 -26
49 -27 32
50 21 33
51 0 2
DEMAND_SECTION
1 0
2 18
3 28
4 48
5 24
6 48
7 45
8 36
9 23
10 28
11 34
12 48
13 23
14 35
15 15
16 21
17 29
18 23
19 22
20 12
21 42
22 26
23 21
24 12
25 29
26 16
27 21
28 31
29 32
30 30
31 23
32 35
33 28
34 33
35 32
36 18
37 31
38 18
39 13
40 26
41 32
42 25
43 39
44 31
45 29
46 25
47 44
48 33
49 42
50 16
51 28
DEPOT_SECTION
1
-1
EOF