NAME: p01_19_NORMALIZED
BEST_KNOWN: 0
COMMENT: 0
DIMENSION: 51
CAPACITY: 100
EDGE_WEIGHT_FORMAT: FUNCTION
EDGE_WEIGHT_TYPE: EXACT_2D
NODE_COORD_SECTION
1 0 0
2 21 39
3 -40 -44
4 6 -22
5 -26 45
6 45 -2
7 -30 3
8 -36 -50
9 -35 34
10 25 5
11 13 -17
12 35 37
13 40 -36
14 -11 -25
15 12 -37
16 -33 41
17 -46 -9
18 -26 -20
19 -41 -4
20 -41 0
21 -47 -14
22 12 -36
23 -8 9
24 3 7
25 20 -21
26 -10 42
27 -39 21
28 -15 22
29 -1 -3
30 25 33
31 -43 12
32 -10 -20
33 31 13
34 -39 49
35 -30 1
36 -37 31
37 28 -38
38 39 -41
39 -46 -35
40 39 20
41 -41 11
42 33 43
43 -2 8
44 43 -34
45 -23 36
46 -14 38
47 40 -22
48 -4 5
49 37 45
50 11 24
51 9 39
DEMAND_SECTION
1 0
2 25
3 13
4 29
5 38
6 18
7 36
8 46
9 40
10 20
11 31
12 15
13 16
14 15
15 36
16 33
17 30
18 33
19 45
20 26
21 36
22 41
23 31
24 41
25 25
26 23
27 19
28 42
29 26
30 33
31 26
32 13
33 18
34 48
35 40
36 25
37 36
38 29
39 29
40 41
41 43
42 40
43 32
44 35
45 20
46 48
47 13
48 38
49 26
50 24
51 15
DEPOT_SECTION
1
-1
EOF