NAME: p01_20_NORMALIZED
BEST_KNOWN: 0
COMMENT: 0
DIMENSION: 51
CAPACITY: 100
EDGE_WEIGHT_FORMAT: FUNCTION
EDGE_WEIGHT_TYPE: EXACT_2D
NODE_COORD_SECTION
1 0 0
2 43 -8
3 11 4
4 35 48
5 -36 -20
6 -32 8
7 -46 41
8 42 -14
9 -50 -6
10 -19 6
11 3 -45
12 -2 -21
13 -11 -35
14 -50 -32
15 34 -14
16 6 22
17 7 -21
18 49 0
19 38 -4
20 30 21
21 -7 -8
22 0 1
23 -20 38
24 -19 -20
25 50 22
26 17 40
27 -4 42
28 -10 10
29 -12 7
30 2 37
31 -38 -6
32 9 50
33 -6 -22
34 16 15
35 -6 -39
36 24 -7
37 36 13
38 -4 40
39 -3 -13
40 23 3
41 14 18
42 4 -30
43 -23 -13
44 5 11
45 46 48
46 -36 20
47 26 -42
48 -11 -37
49 7 -7
50 20 44
51 -3 8
DEMAND_SECTION
1 0
2 27
3 21
4 26
5 26
6 49
7 23
8 25
9 38
10 22
11 43
12 15
13 40
14 14
15 45
16 19
17 32
18 21
19 18
20 15
21 41
22 28
23 34
24 23
25 20
26 20
27 38
28 32
29 40
30 22
31 29
32 22
33 46
34 48
35 21
36 46
37 15
38 41
39 26
40 19
41 49
42 39
43 39
44 35
45 48
46 12
47 25
48 45
49 42
50 39
51 25
DEPOT_SECTION
1
-1
EOF