NAME: p01_22_NORMALIZED
BEST_KNOWN: 0
COMMENT: 0
DIMENSION: 51
CAPACITY: 100
EDGE_WEIGHT_FORMAT: FUNCTION
EDGE_WEIGHT_TYPE: EXACT_2D
NODE_COORD_SECTION
1 0 0
2 34 -34
3 -40 -30
4 -30 39
5 46 -8
6 43 50
7 -16 -28
8 -42 -34
9 18 1
10 -50 -4
11 31 42
12 -24 30
13 37 33
14 -4 18
15 14 -3
16 -14 35
17 9 40
18 -14 36
19 -7 -48
20 -28 -36
21 35 -3
22 -6 -12
23 47 34
24 47 -2
25 -44 29
26 12 -45
27 25 6
28 -48 -43
29 47 -18
30 6 -37
31 21 37
32 -13 -6
33 5 28
34 -5 -47
35 -13 20
36 38 -33
37 17 38
38 27 4
39 20 34
40 -32 15
41 -3 33
42 39 -4
43 -16 5
44 13 -16
45 36 41
46 -1 -33
47 1 -11
48 -1 13
49 -33 41
50 -49 -49
51 33 -32
DEMAND_SECTION
1 0
2 23
3 18
4 36
5 19
6 44
7 23
8 47
9 43
10 35
11 26
12 36
13 35
14 33
15 43
16 21
17 38
18 25
19 41
20 43
21 18
22 43
23 14
24 12
25 31
26 30
27 20
28 41
29 25
30 20
31 15
32 20
33 41
34 45
35 50
36 25
37 31
38 22
39 44
40 17
41 31
42 36
43 40
44 34
45 13
46 18
47 17
48 29
49 43
50 44
51 21
DEPOT_SECTION
1
-1
EOF