NAME: p01_10_NORMALIZED
BEST_KNOWN: 0
COMMENT: 0
DIMENSION: 51
CAPACITY: 100
EDGE_WEIGHT_FORMAT: FUNCTION
EDGE_WEIGHT_TYPE: EXACT_2D
NODE_COORD_SECTION
1 0 0
2 -34 6
3 -12 46
4 7 37
5 -22 11
6 30 43
7 18 -6
8 16 -19
9 1 -37
10 -41 -24
11 46 -40
12 42 28
13 -39 -46
14 12 -9
15 -10 -17
16 14 15
17 -19 -28
18 2 -24
19 -13 30
20 6 -48
21 44 -35
22 37 2
23 13 7
24 -19 -40
25 -44 29
26 -36 38
27 4 -14
28 45 33
29 -49 39
30 -18 34
31 -27 -45
32 -50 17
33 50 -47
34 5 9
35 -3 40
36 17 11
37 31 -15
38 -27 45
39 23 44
40 18 36
41 -34 -20
42 48 -38
43 -20 -17
44 37 44
45 -2 38
46 35 -27
47 -33 35
48 42 11
49 -42 42
50 6 29
51 -21 8
DEMAND_SECTION
1 0
2 13
3 22
4 38
5 46
6 48
7 49
8 48
9 44
10 29
11 13
12 49
13 35
14 47
15 25
16 39
17 44
18 49
19 37
20 21
21 15
22 21
23 40
24 24
25 28
26 48
27 46
28 32
29 43
30 30
31 45
32 43
33 36
34 40
35 48
36 18
37 31
38 26
39 28
40 48
41 36
42 17
43 35
44 28
45 35
46 19
47 41
48 50
49 18
50 16
51 33
DEPOT_SECTION
1
-1
EOF