NAME: p01_14_NORMALIZED
BEST_KNOWN: 0
COMMENT: 0
DIMENSION: 51
CAPACITY: 100
EDGE_WEIGHT_FORMAT: FUNCTION
EDGE_WEIGHT_TYPE: EXACT_2D
NODE_COORD_SECTION
1 0 0
2 -42 -22
3 -15 -3
4 1 -43
5 48 50
6 18 20
7 -39 33
8 -20 -17
9 40 43
10 -22 43
11 39 -43
12 -41 9
13 35 8
14 -13 13
15 2 38
16 -39 -23
17 -46 -4
18 21 45
19 -12 18
20 -25 -6
21 -45 46
22 32 -35
23 41 -4
24 4 21
25 -35 -6
26 29 42
27 38 -50
28 -14 -34
29 26 -31
30 -4 20
31 5 -29
32 39 21
33 47 -49
34 40 18
35 -8 -50
36 40 24
37 42 22
38 30 -8
39 -15 26
40 33 -23
41 -34 -23
42 -38 -6
43 -17 -50
44 27 -41
45 -28 -50
46 26 -42
47 46 47
48 -34 -49
49 15 19
50 47 -3
51 29 -27
DEMAND_SECTION
1 0
2 45
3 38
4 22
5 38
6 46
7 18
8 38
9 44
10 29
11 41
12 33
13 43
14 34
15 42
16 45
17 17
18 21
19 13
20 43
21 49
22 20
23 13
24 50
25 48
26 36
27 13
28 36
29 22
30 35
31 16
32 28
33 13
34 45
35 40
36 13
37 43
38 27
39 35
40 18
41 44
42 15
43 37
44 33
45 18
46 13
47 13
48 41
49 19
50 45
51 17
DEPOT_SECTION
1
-1
EOF