NAME: p01_13_NORMALIZED
BEST_KNOWN: 0
COMMENT: 0
DIMENSION: 51
CAPACITY: 100
EDGE_WEIGHT_FORMAT: FUNCTION
EDGE_WEIGHT_TYPE: EXACT_2D
NODE_COORD_SECTION
1 0 0
2 -29 -33
3 -6 24
4 4 32
5 26 41
6 -37 46
7 -13 -24
8 39 -48
9 32 -27
10 2 19
11 46 39
12 27 -34
13 -45 -4
14 -29 27
15 -49 25
16 -30 37
17 -6 -17
18 26 -25
19 -39 36
20 -45 -46
21 5 -29
22 -37 31
23 -35 -20
24 -23 -33
25 20 -44
26 11 -3
27 -34 -34
28 45 -12
29 -1 -49
30 -29 39
31 -16 -4
32 7 -1
33 -22 -7
34 -17 35
35 36 47
36 -11 32
37 27 -17
38 3 7
39 -35 -28
40 -9 -26
41 12 17
42 -10 -14
43 2 26
44 -2 -12
45 5 17
46 -38 31
47 -45 -8
48 32 17
49 0 -33
50 -27 -28
51 3 -30
DEMAND_SECTION
1 0
2 32
3 36
4 28
5 31
6 37
7 13
8 45
9 13
10 16
11 20
12 32
13 15
14 41
15 30
16 30
17 42
18 28
19 17
20 48
21 46
22 40
23 14
24 28
25 21
26 38
27 16
28 45
29 20
30 37
31 17
32 40
33 46
34 28
35 31
36 21
37 36
38 16
39 46
40 49
41 18
42 15
43 38
44 42
45 40
46 31
47 27
48 46
49 13
50 28
51 35
DEPOT_SECTION
1
-1
EOF