NAME: p01_2_NORMALIZED
BEST_KNOWN: 0
COMMENT: 0
DIMENSION: 51
CAPACITY: 100
EDGE_WEIGHT_FORMAT: FUNCTION
EDGE_WEIGHT_TYPE: EXACT_2D
NODE_COORD_SECTION
1 0 0
2 8 -38
3 10 -41
4 -39 45
5 28 -6
6 -26 20
7 -39 -36
8 10 27
9 14 16
10 12 20
11 8 -19
12 40 -47
13 -42 -36
14 24 17
15 -2 -23
16 -16 -2
17 40 -43
18 14 28
19 19 -25
20 18 -24
21 -47 -2
22 19 15
23 14 1
24 -40 40
25 4 -3
26 23 35
27 -46 -12
28 26 -23
29 41 -7
30 -8 -45
31 13 -4
32 10 23
33 2 -43
34 -50 -24
35 33 34
36 35 -27
37 45 44
38 -35 -18
39 -47 -17
40 3 19
41 -18 39
42 40 -26
43 18 -11
44 -4 13
45 -14 50
46 -6 37
47 3 -39
48 -17 32
49 0 43
50 -20 0
51 4 24
DEMAND_SECTION
1 0
2 18
3 28
4 50
5 16
6 23
7 25
8 31
9 13
10 32
11 48
12 13
13 16
14 21
15 16
16 40
17 22
18 40
19 26
20 22
21 15
22 31
23 30
24 26
25 38
26 41
27 40
28 35
29 43
30 26
31 45
32 47
33 24
34 34
35 25
36 26
37 28
38 12
39 46
40 43
41 24
42 20
43 30
44 18
45 46
46 45
47 36
48 37
49 23
50 33
51 16
DEPOT_SECTION
1
-1
EOF