NAME: p01_25_NORMALIZED
BEST_KNOWN: 0
COMMENT: 0
DIMENSION: 51
CAPACITY: 100
EDGE_WEIGHT_FORMAT: FUNCTION
EDGE_WEIGHT_TYPE: EXACT_2D
NODE_COORD_SECTION
1 0 0
2 32 -35
3 39 16
4 -40 31
5 9 -6
6 -29 -21
7 21 22
8 20 29
9 37 -14
10 -32 -50
11 -34 -27
12 -44 -6
13 5 -6
14 -42 36
15 27 49
16 34 40
17 46 -49
18 -11 50
19 -42 1
20 35 -6
21 -27 -37
22 38 45
23 -49 -45
24 21 -14
25 31 20
26 -43 28
27 -40 8
28 29 -12
29 42 28
30 29 44
31 -34 23
32 44 14
33 31 47
34 -21 41
35 -40 32
36 5 13
37 13 -21
38 -42 49
39 -3 -6
40 46 37
41 50 -29
42 -39 46
43 -13 18
44 -15 -17
45 -47 32
46 42 -41
47 -28 2
48 -7 3
49 31 30
50 26 0
51 -38 -39
DEMAND_SECTION
1 0
2 46
3 13
4 49
5 21
6 14
7 37
8 29
9 39
10 48
11 18
12 41
13 43
14 35
15 13
16 27
17 29
18 32
19 35
20 15
21 30
22 20
23 32
24 47
25 36
26 28
27 48
28 42
29 25
30 41
31 23
32 18
33 48
34 34
35 20
36 23
37 30
38 33
39 41
40 35
41 18
42 41
43 36
44 45
45 16
46 39
47 34
48 22
49 33
50 49
51 24
DEPOT_SECTION
1
-1
EOF