NAME: p01_21_NORMALIZED
BEST_KNOWN: 0
COMMENT: 0
DIMENSION: 51
CAPACITY: 100
EDGE_WEIGHT_FORMAT: FUNCTION
EDGE_WEIGHT_TYPE: EXACT_2D
NODE_COORD_SECTION
1 0 0
2 -32 -31
3 -6 -48
4 -46 -41
5 35 23
6 33 47
7 -9 17
8 -17 9
9 -37 5
10 27 35
11 49 49
12 -39 39
13 50 13
14 -33 -14
15 -14 -4
16 -15 11
17 29 28
18 -16 24
19 44 -47
20 -13 -39
21 41 -47
22 12 3
23 -5 -7
24 6 -12
25 4 -38
26 -40 -43
27 50 -32
28 -29 36
29 -31 -46
30 32 -22
31 31 -50
32 6 29
33 -8 -3
34 -3 -30
35 34 15
36 12 -33
37 37 -1
38 -7 32
39 -27 -27
40 21 8
41 -47 2
42 -12 21
43 32 -44
44 13 33
45 9 -43
46 17 -2
47 -23 -15
48 -3 -18
49 8 -8
50 -36 -23
51 8 -49
DEMAND_SECTION
1 0
2 21
3 23
4 39
5 13
6 40
7 24
8 49
9 21
10 14
11 13
12 17
13 21
14 35
15 40
16 22
17 50
18 20
19 35
20 25
21 25
22 41
23 43
24 35
25 18
26 16
27 26
28 43
29 25
30 41
31 40
32 25
33 28
34 13
35 22
36 34
37 33
38 21
39 43
40 46
41 13
42 18
43 32
44 46
45 38
46 13
47 47
48 20
49 39
50 48
51 21
DEPOT_SECTION
1
-1
EOF