NAME: p01_28_NORMALIZED
BEST_KNOWN: 0
COMMENT: 0
DIMENSION: 51
CAPACITY: 100
EDGE_WEIGHT_FORMAT: FUNCTION
EDGE_WEIGHT_TYPE: EXACT_2D
NODE_COORD_SECTION
1 0 0
2 -29 -44
3 -6 -37
4 -19 16
5 30 27
6 -12 -47
7 21 -5
8 25 -3
9 -2 -12
10 43 3
11 39 -13
12 -49 38
13 -27 -43
14 -37 41
15 28 22
16 -29 26
17 46 -50
18 -41 -14
19 18 -35
20 -12 -5
21 -15 33
22 -10 -8
23 2 42
24 7 22
25 -45 -7
26 21 -23
27 -12 -33
28 -24 42
29 15 40
30 -37 38
31 49 47
32 -15 -39
33 -25 50
34 50 43
35 12 -46
36 20 24
37 15 -50
38 -1 -48
39 -34 -28
40 11 34
41 -3 -41
42 40 6
43 -46 45
44 -40 -46
45 1 1
46 16 10
47 -3 -33
48 -24 13
49 -8 34
50 24 -28
51 44 41
DEMAND_SECTION
1 0
2 20
3 38
4 46
5 15
6 33
7 15
8 32
9 36
10 27
11 39
12 40
13 23
14 21
15 15
16 25
17 45
18 43
19 15
20 34
21 41
22 28
23 37
24 50
25 17
26 13
27 27
28 30
29 25
30 30
31 20
32 17
33 23
34 32
35 45
36 18
37 17
38 36
39 15
40 26
41 45
42 28
43 16
44 30
45 38
46 45
47 48
48 50
49 41
50 18
51 40
DEPOT_SECTION
1
-1
EOF