NAME: p01_4_NORMALIZED
BEST_KNOWN: 0
COMMENT: 0
DIMENSION: 51
CAPACITY: 100
EDGE_WEIGHT_FORMAT: FUNCTION
EDGE_WEIGHT_TYPE: EXACT_2D
NODE_COORD_SECTION
1 0 0
2 42 -34
3 -32 -11
4 -29 1
5 32 42
6 -44 -1
7 -45 13
8 15 39
9 44 50
10 3 7
11 43 37
12 -33 -41
13 23 29
14 40 36
15 -34 45
16 27 -10
17 -23 -12
18 -24 -6
19 44 -34
20 -50 49
21 -25 -19
22 -31 -6
23 40 26
24 -33 -1
25 -16 19
26 32 6
27 25 8
28 -24 -34
29 36 -7
30 13 16
31 42 20
32 -9 -21
33 -5 2
34 45 0
35 -26 -36
36 44 -37
37 38 24
38 15 -8
39 26 21
40 -31 -28
41 -12 -46
42 10 -12
43 -44 3
44 43 -37
45 19 -4
46 9 11
47 -44 2
48 -36 -4
49 -15 -23
50 32 43
51 13 -23
DEMAND_SECTION
1 0
2 32
3 18
4 16
5 44
6 43
7 21
8 12
9 19
10 16
11 31
12 38
13 45
14 40
15 23
16 27
17 46
18 48
19 29
20 26
21 33
22 28
23 35
24 46
25 39
26 43
27 33
28 31
29 23
30 46
31 44
32 35
33 26
34 32
35 18
36 49
37 25
38 44
39 17
40 48
41 46
42 32
43 24
44 15
45 19
46 30
47 31
48 18
49 38
50 36
51 45
DEPOT_SECTION
1
-1
EOF