NAME: p01_16_NORMALIZED
BEST_KNOWN: 0
COMMENT: 0
DIMENSION: 51
CAPACITY: 100
EDGE_WEIGHT_FORMAT: FUNCTION
EDGE_WEIGHT_TYPE: EXACT_2D
NODE_COORD_SECTION
1 0 0
2 -48 -34
3 24 44
4 39 -34
5 -10 -25
6 33 0
7 -3 38
8 -21 -30
9 -9 8
10 29 22
11 32 -13
12 18 -8
13 31 1
14 -13 -39
15 -20 -36
16 34 -1
17 -43 9
18 -16 27
19 -28 16
20 34 9
21 8 -24
22 -24 -4
23 -46 -15
24 37 26
25 -6 15
26 1 29
27 1 -47
28 -23 -40
29 29 -4
30 -1 44
31 22 42
32 -45 48
33 -25 -38
34 46 -41
35 27 -37
36 26 12
37 -44 48
38 -8 -22
39 23 -28
40 41 -39
41 -3 -40
42 20 48
43 44 -21
44 41 -29
45 -47 -14
46 38 -38
47 1 -39
48 46 -44
49 -22 41
50 -11 -47
51 27 -27
DEMAND_SECTION
1 0
2 35
3 28
4 41
5 30
6 23
7 28
8 26
9 33
10 29
11 33
12 45
13 40
14 16
15 30
16 50
17 39
18 30
19 38
20 15
21 35
22 21
23 18
24 43
25 23
26 37
27 27
28 41
29 48
30 48
31 23
32 24
33 36
34 27
35 37
36 31
37 35
38 29
39 46
40 33
41 45
42 50
43 35
44 34
45 46
46 47
47 41
48 48
49 37
50 33
51 18
DEPOT_SECTION
1
-1
EOF