NAME: p01_9_NORMALIZED
BEST_KNOWN: 0
COMMENT: 0
DIMENSION: 51
CAPACITY: 100
EDGE_WEIGHT_FORMAT: FUNCTION
EDGE_WEIGHT_TYPE: EXACT_2D
NODE_COORD_SECTION
1 0 0
2 32 40
3 -15 0
4 -27 -18
5 36 29
6 44 21
7 44 -45
8 -1 14
9 -30 -27
10 36 12
11 -20 -42
12 -24 -22
13 26 7
14 34 48
15 -47 -14
16 -46 15
17 33 2
18 6 -26
19 -13 -4
20 30 -44
21 -29 7
22 -49 17
23 31 -26
24 -21 10
25 -50 -10
26 -20 -25
27 12 -12
28 30 -49
29 21 -36
30 -27 -30
31 23 -23
32 -34 7
33 36 -41
34 -45 43
35 -32 -3
36 45 -38
37 47 10
38 26 50
39 -40 -20
40 -29 -41
41 10 29
42 5 29
43 35 -18
44 -48 -48
45 -35 -46
46 21 44
47 44 -37
48 -2 6
49 46 32
50 -39 -50
51 38 10
DEMAND_SECTION
1 0
2 23
3 35
4 49
5 13
6 26
7 16
8 24
9 23
10 31
11 48
12 34
13 31
14 25
15 32
16 34
17 20
18 17
19 38
20 36
21 36
22 16
23 50
24 15
25 21
26 34
27 21
28 31
29 45
30 32
31 47
32 43
33 33
34 48
35 24
36 34
37 28
38 42
39 25
40 21
41 44
42 48
43 20
44 28
45 36
46 26
47 25
48 46
49 27
50 21
51 32
DEPOT_SECTION
1
-1
EOF