NAME: p01_30_NORMALIZED
BEST_KNOWN: 0
COMMENT: 0
DIMENSION: 51
CAPACITY: 100
EDGE_WEIGHT_FORMAT: FUNCTION
EDGE_WEIGHT_TYPE: EXACT_2D
NODE_COORD_SECTION
1 0 0
2 28 33
3 -3 3
4 -17 1
5 8 45
6 -33 3
7 -49 -5
8 19 -22
9 4 29
10 49 -46
11 -8 -9
12 -35 19
13 45 42
14 13 6
15 39 -27
16 38 30
17 -26 36
18 29 31
19 -38 36
20 2 6
21 -9 49
22 -22 34
23 -5 -14
24 43 -50
25 23 32
26 20 -7
27 -13 32
28 33 -16
29 20 34
30 -35 -44
31 -16 48
32 30 -44
33 34 -34
34 42 -13
35 -22 45
36 22 9
37 -2 0
38 6 -50
39 36 30
40 -47 31
41 -23 -43
42 -23 -13
43 25 42
44 29 44
45 11 -25
46 -1 -36
47 6 -2
48 -8 13
49 -28 38
50 30 -40
51 36 -35
DEMAND_SECTION
1 0
2 39
3 46
4 48
5 16
6 19
7 32
8 20
9 15
10 19
11 15
12 43
13 38
14 43
15 36
16 43
17 18
18 48
19 33
20 29
21 48
22 19
23 44
24 28
25 28
26 26
27 43
28 25
29 17
30 32
31 38
32 24
33 30
34 13
35 41
36 16
37 44
38 18
39 36
40 18
41 40
42 21
43 29
44 29
45 16
46 40
47 12
48 33
49 35
50 19
51 36
DEPOT_SECTION
1
-1
EOF