NAME: p01_7_NORMALIZED
BEST_KNOWN: 0
COMMENT: 0
DIMENSION: 51
CAPACITY: 100
EDGE_WEIGHT_FORMAT: FUNCTION
EDGE_WEIGHT_TYPE: EXACT_2D
NODE_COORD_SECTION
1 0 0
2 -34 -15
3 -25 45
4 34 1
5 28 -33
6 -41 -43
7 -39 18
8 -33 -38
9 -35 43
10 -1 8
11 -25 27
12 18 -3
13 -43 4
14 28 27
15 -11 0
16 41 49
17 -11 18
18 9 -37
19 29 -25
20 1 -2
21 -11 -14
22 -3 -19
23 39 31
24 22 -46
25 49 -38
26 -6 -40
27 -4 36
28 -15 50
29 -43 28
30 -11 1
31 -23 -6
32 -21 -7
33 5 1
34 2 18
35 -5 -14
36 8 5
37 46 -9
38 -42 21
39 -7 -23
40 32 -10
41 -36 33
42 -3 -44
43 16 -21
44 49 34
45 -45 -28
46 -43 -32
47 -20 39
48 45 1
49 30 -26
50 35 -50
51 -43 -13
DEMAND_SECTION
1 0
2 17
3 42
4 21
5 22
6 37
7 28
8 30
9 17
10 35
11 23
12 36
13 23
14 44
15 15
16 13
17 45
18 49
19 25
20 30
21 49
22 18
23 28
24 31
25 36
26 36
27 41
28 46
29 22
30 13
31 38
32 14
33 21
34 14
35 24
36 36
37 40
38 15
39 20
40 28
41 38
42 17
43 32
44 43
45 35
46 29
47 43
48 33
49 30
50 47
51 41
DEPOT_SECTION
1
-1
EOF