NAME: p01_26_NORMALIZED
BEST_KNOWN: 0
COMMENT: 0
DIMENSION: 51
CAPACITY: 100
EDGE_WEIGHT_FORMAT: FUNCTION
EDGE_WEIGHT_TYPE: EXACT_2D
NODE_COORD_SECTION
1 0 0
2 -2 26
3 28 -34
4 18 11
5 -48 7
6 -39 37
7 -24 -34
8 -9 -5
9 12 -37
10 28 -42
11 -31 -32
12 1 22
13 -16 6
14 29 -23
15 -10 18
16 39 1
17 -5 -46
18 -12 18
19 -1 -38
20 40 -43
21 9 21
22 -45 -35
23 -11 -1
24 -35 46
25 -42 -36
26 26 38
27 9 41
28 -29 18
29 1 -47
30 36 -47
31 -21 -36
32 -19 18
33 28 -13
34 48 15
35 10 -12
36 24 -11
37 -33 47
38 7 -21
39 43 -37
40 1 2
41 24 5
42 -4 33
43 -30 10
44 -16 -40
45 37 -47
46 18 -38
47 -15 -50
48 -26 34
49 -27 25
50 45 -31
51 37 -24
DEMAND_SECTION
1 0
2 30
3 32
4 21
5 22
6 15
7 28
8 41
9 49
10 20
11 30
12 13
13 13
14 35
15 15
16 21
17 25
18 20
19 38
20 21
21 37
22 31
23 16
24 49
25 12
26 21
27 38
28 46
29 48
30 36
31 33
32 40
33 50
34 47
35 28
36 23
37 47
38 26
39 18
40 18
41 16
42 46
43 12
44 45
45 33
46 43
47 30
48 16
49 39
50 18
51 27
DEPOT_SECTION
1
-1
EOF