NAME: p01_24_NORMALIZED
BEST_KNOWN: 0
COMMENT: 0
DIMENSION: 51
CAPACITY: 100
EDGE_WEIGHT_FORMAT: FUNCTION
EDGE_WEIGHT_TYPE: EXACT_2D
NODE_COORD_SECTION
1 0 0
2 -4 11
3 9 -33
4 25 -21
5 14 -1
6 -17 22
7 44 16
8 15 -38
9 -46 50
10 -40 25
11 -11 17
12 35 -39
13 -11 32
14 -48 -12
15 -4 3
16 -30 -8
17 -17 -3
18 27 41
19 -13 -27
20 -26 29
21 11 45
22 -36 -11
23 32 -5
24 -47 -2
25 -1 11
26 36 -10
27 -48 -14
28 -49 21
29 -33 -28
30 -44 -40
31 23 50
32 9 8
33 6 -2
34 29 17
35 27 -24
36 10 -9
37 -5 -8
38 38 -18
39 -46 -40
40 12 23
41 21 -8
42 -46 36
43 -15 -24
44 -17 -24
45 37 17
46 -34 -41
47 -42 16
48 40 -33
49 -14 43
50 33 32
51 -49 -30
DEMAND_SECTION
1 0
2 29
3 20
4 14
5 48
6 33
7 27
8 47
9 43
10 45
11 50
12 30
13 29
14 31
15 37
16 30
17 20
18 45
19 31
20 28
21 18
22 43
23 46
24 43
25 40
26 38
27 35
28 29
29 15
30 34
31 46
32 18
33 47
34 15
35 40
36 40
37 35
38 36
39 33
40 48
41 23
42 41
43 37
44 26
45 19
46 48
47 38
48 45
49 15
50 29
51 39
DEPOT_SECTION
1
-1
EOF