NAME: p01_12_NORMALIZED
BEST_KNOWN: 0
COMMENT: 0
DIMENSION: 51
CAPACITY: 100
EDGE_WEIGHT_FORMAT: FUNCTION
EDGE_WEIGHT_TYPE: EXACT_2D
NODE_COORD_SECTION
1 0 0
2 -4 -48
3 43 37
4 43 -41
5 8 -12
6 24 7
7 11 -1
8 -1 41
9 26 23
10 30 24
11 5 -23
12 -5 -33
13 44 -45
14 -47 13
15 -36 20
16 -49 46
17 -27 -3
18 48 18
19 -14 -15
20 -7 -2
21 -48 -2
22 -20 45
23 19 -13
24 -5 37
25 25 30
26 38 -42
27 -41 -21
28 -21 -8
29 -49 -3
30 -38 15
31 -20 -37
32 -30 -45
33 -31 33
34 33 -46
35 -1 -30
36 -27 -21
37 -26 42
38 45 49
39 -26 -45
40 41 -34
41 -16 47
42 9 32
43 -45 -2
44 32 7
45 -23 43
46 -50 -39
47 -32 13
48 -47 -31
49 31 30
50 -7 45
51 -37 22
DEMAND_SECTION
1 0
2 45
3 45
4 39
5 38
6 42
7 41
8 38
9 47
10 20
11 30
12 31
13 38
14 28
15 42
16 13
17 15
18 35
19 21
20 36
21 30
22 23
23 38
24 50
25 44
26 32
27 28
28 48
29 15
30 43
31 46
32 36
33 16
34 50
35 18
36 45
37 41
38 17
39 46
40 29
41 24
42 49
43 30
44 49
45 32
46 32
47 39
48 40
49 35
50 28
51 36
DEPOT_SECTION
1
-1
EOF