NAME: p01_17_NORMALIZED
BEST_KNOWN: 0
COMMENT: 0
DIMENSION: 51
CAPACITY: 100
EDGE_WEIGHT_FORMAT: FUNCTION
EDGE_WEIGHT_TYPE: EXACT_2D
NODE_COORD_SECTION
1 0 0
2 21 39
3 -3 26
4 20 -36
5 -7 -9
6 11 -25
7 5 8
8 -11 30
9 -24 -42
10 -24 -48
11 -13 17
12 31 25
13 29 -6
14 -22 41
15 -26 -46
16 43 -3
17 29 1
18 -25 -36
19 -42 16
20 19 50
21 -48 15
22 21 11
23 10 -43
24 12 -39
25 -47 14
26 -14 18
27 27 2
28 14 10
29 -44 29
30 -15 -17
31 48 -18
32 4 0
33 -43 -5
34 22 32
35 -43 -41
36 7 -46
37 -48 22
38 13 50
39 -26 6
40 -7 -15
41 -12 -36
42 -38 -41
43 0 -50
44 -36 34
45 -47 33
46 24 11
47 14 -36
48 -49 39
49 -11 4
50 37 32
51 0 36
DEMAND_SECTION
1 0
2 24
3 28
4 31
5 22
6 28
7 39
8 32
9 21
10 29
11 28
12 41
13 27
14 33
15 32
16 50
17 40
18 21
19 43
20 45
21 18
22 22
23 14
24 20
25 18
26 26
27 40
28 46
29 40
30 42
31 41
32 15
33 31
34 29
35 46
36 48
37 41
38 17
39 32
40 12
41 26
42 13
43 13
44 31
45 26
46 25
47 14
48 33
49 47
50 23
51 34
DEPOT_SECTION
1
-1
EOF