NAME: p01_6_NORMALIZED
BEST_KNOWN: 0
COMMENT: 0
DIMENSION: 51
CAPACITY: 100
EDGE_WEIGHT_FORMAT: FUNCTION
EDGE_WEIGHT_TYPE: EXACT_2D
NODE_COORD_SECTION
1 0 0
2 -40 34
3 44 37
4 -31 -36
5 -11 -47
6 -38 -30
7 38 -36
8 45 47
9 -40 34
10 -48 35
11 -6 -32
12 -3 -6
13 -33 -17
14 8 4
15 -6 -30
16 6 38
17 -37 -42
18 -44 44
19 4 -40
20 21 -7
21 25 18
22 10 -47
23 36 49
24 2 30
25 -35 7
26 -26 36
27 -18 -7
28 1 16
29 23 44
30 -30 49
31 -43 3
32 -2 5
33 39 39
34 16 -34
35 -21 9
36 -12 45
37 15 -40
38 -35 9
39 -13 26
40 -27 8
41 0 5
42 -39 -48
43 -47 39
44 -21 -10
45 -42 -25
46 -49 -13
47 -20 45
48 -15 19
49 25 -30
50 -41 34
51 -27 -15
DEMAND_SECTION
1 0
2 20
3 38
4 44
5 43
6 18
7 48
8 13
9 25
10 16
11 21
12 24
13 23
14 28
15 39
16 17
17 36
18 24
19 50
20 38
21 14
22 34
23 16
24 41
25 36
26 38
27 25
28 41
29 16
30 42
31 13
32 23
33 16
34 21
35 47
36 46
37 20
38 27
39 25
40 46
41 16
42 48
43 48
44 41
45 36
46 31
47 30
48 16
49 18
50 43
51 37
DEPOT_SECTION
1
-1
EOF