NAME: p02_9_NORMALIZED
BEST_KNOWN: 0
COMMENT: 0
DIMENSION: 76
CAPACITY: 100
EDGE_WEIGHT_FORMAT: FUNCTION
EDGE_WEIGHT_TYPE: EXACT_2D
NODE_COORD_SECTION
1 0 0
2 16 -38
3 -48 20
4 46 45
5 7 20
6 24 6
7 -34 6
8 39 -36
9 -36 -19
10 8 10
11 22 -24
12 -18 33
13 -14 -11
14 10 -36
15 -19 10
16 6 37
17 38 24
18 9 -22
19 -49 48
20 -25 20
21 43 42
22 31 43
23 -45 -39
24 -15 38
25 -30 -18
26 -44 -48
27 40 -21
28 9 -49
29 37 -47
30 -21 -1
31 -22 -21
32 31 -18
33 10 40
34 26 38
35 24 -38
36 -22 11
37 -41 -43
38 29 35
39 34 -15
40 -50 -50
41 7 -15
42 14 -15
43 -30 39
44 -1 -31
45 -31 -26
46 49 45
47 41 -27
48 -18 26
49 -48 49
50 -43 4
51 -26 -36
52 -20 17
53 46 20
54 37 4
55 48 -10
56 -39 -45
57 -27 48
58 -31 -16
59 -14 22
60 -21 -23
61 8 44
62 32 40
63 10 -2
64 -43 10
65 -9 37
66 37 21
67 10 -40
68 12 18
69 44 -16
70 -3 -38
71 -44 -3
72 15 -24
73 -23 18
74 -19 -16
75 41 -16
76 -18 -36
DEMAND_SECTION
1 0
2 26
3 46
4 50
5 30
6 22
7 47
8 40
9 20
10 24
11 32
12 36
13 45
14 35
15 33
16 22
17 17
18 13
19 12
20 37
21 39
22 30
23 23
24 17
25 21
26 32
27 12
28 46
29 41
30 25
31 32
32 46
33 31
34 37
35 14
36 47
37 21
38 38
39 18
40 30
41 23
42 17
43 47
44 12
45 23
46 30
47 39
48 39
49 23
50 16
51 15
52 38
53 26
54 50
55 32
56 15
57 47
58 15
59 47
60 42
61 37
62 30
63 41
64 31
65 15
66 34
67 44
68 30
69 27
70 22
71 23
72 41
73 28
74 43
75 17
76 14
DEPOT_SECTION
1
-1
EOF