NAME: p02_23_NORMALIZED
BEST_KNOWN: 0
COMMENT: 0
DIMENSION: 76
CAPACITY: 100
EDGE_WEIGHT_FORMAT: FUNCTION
EDGE_WEIGHT_TYPE: EXACT_2D
NODE_COORD_SECTION
1 0 0
2 8 -9
3 -28 -22
4 -11 45
5 -4 -38
6 -28 37
7 -29 -42
8 43 -6
9 29 24
10 -40 26
11 0 1
12 29 20
13 40 -46
14 -44 -32
15 -37 -32
16 -7 -2
17 -3 -32
18 49 31
19 -4 -15
20 8 49
21 -3 -33
22 -10 -42
23 29 50
24 21 21
25 -26 -35
26 -9 40
27 -16 18
28 30 -14
29 22 14
30 27 -43
31 -28 12
32 37 33
33 -15 15
34 13 -49
35 36 42
36 -24 -16
37 -34 46
38 -21 -28
39 41 -6
40 -31 20
41 -28 -38
42 7 11
43 -15 -32
44 -43 -40
45 -32 3
46 20 -6
47 -48 25
48 -45 -47
49 -36 7
50 -49 2
51 -41 28
52 -38 14
53 3 -17
54 -29 -40
55 8 -27
56 -9 -10
57 10 -8
58 -46 4
59 49 -47
60 46 5
61 -15 -47
62 30 -10
63 -27 -9
64 41 14
65 -17 43
66 4 -14
67 42 34
68 14 -23
69 47 -43
70 37 38
71 34 37
72 31 -23
73 -20 41
74 44 19
75 9 -23
76 0 43
DEMAND_SECTION
1 0
2 31
3 42
4 17
5 28
6 32
7 24
8 35
9 26
10 30
11 38
12 37
13 39
14 44
15 40
16 40
17 32
18 42
19 47
20 30
21 24
22 32
23 39
24 45
25 23
26 34
27 34
28 12
29 32
30 39
31 36
32 31
33 16
34 25
35 23
36 31
37 20
38 48
39 42
40 41
41 30
42 44
43 25
44 43
45 20
46 12
47 15
48 17
49 41
50 21
51 25
52 38
53 15
54 32
55 18
56 34
57 18
58 14
59 48
60 20
61 36
62 17
63 19
64 43
65 40
66 37
67 36
68 20
69 40
70 14
71 33
72 40
73 39
74 29
75 47
76 24
DEPOT_SECTION
1
-1
EOF