NAME: p02_11_NORMALIZED
BEST_KNOWN: 0
COMMENT: 0
DIMENSION: 76
CAPACITY: 100
EDGE_WEIGHT_FORMAT: FUNCTION
EDGE_WEIGHT_TYPE: EXACT_2D
NODE_COORD_SECTION
1 0 0
2 -34 34
3 15 11
4 7 -17
5 33 -22
6 14 -41
7 -35 -36
8 35 -38
9 26 -32
10 17 27
11 22 11
12 20 -27
13 -13 -13
14 33 38
15 -7 36
16 17 29
17 29 12
18 49 -11
19 -31 17
20 25 -50
21 -50 34
22 -36 -46
23 47 15
24 -1 -11
25 -48 0
26 18 39
27 6 -14
28 32 33
29 -43 20
30 27 33
31 -22 -2
32 42 24
33 -43 -11
34 42 36
35 -8 47
36 -45 -8
37 -37 -25
38 31 34
39 31 17
40 27 32
41 15 17
42 -42 23
43 -23 -34
44 -19 26
45 24 2
46 33 -42
47 -11 46
48 14 -27
49 17 6
50 38 8
51 -11 -3
52 15 -31
53 40 10
54 39 18
55 -26 -8
56 -24 2
57 -8 8
58 -22 2
59 17 5
60 35 19
61 10 39
62 3 47
63 35 -7
64 -31 37
65 33 -28
66 -26 -10
67 -21 -36
68 17 -13
69 -12 -18
70 -25 -16
71 -48 48
72 -1 -34
73 14 42
74 -28 40
75 23 45
76 31 50
DEMAND_SECTION
1 0
2 28
3 41
4 29
5 31
6 40
7 42
8 15
9 22
10 25
11 15
12 31
13 45
14 13
15 13
16 48
17 45
18 12
19 15
20 38
21 22
22 38
23 16
24 12
25 40
26 15
27 44
28 20
29 17
30 18
31 45
32 38
33 40
34 22
35 28
36 20
37 16
38 43
39 22
40 13
41 20
42 35
43 29
44 37
45 34
46 47
47 18
48 15
49 17
50 37
51 43
52 13
53 13
54 39
55 38
56 29
57 35
58 47
59 47
60 28
61 29
62 22
63 21
64 29
65 37
66 13
67 34
68 31
69 20
70 19
71 33
72 48
73 30
74 37
75 15
76 41
DEPOT_SECTION
1
-1
EOF