NAME: p02_6_NORMALIZED
BEST_KNOWN: 0
COMMENT: 0
DIMENSION: 76
CAPACITY: 100
EDGE_WEIGHT_FORMAT: FUNCTION
EDGE_WEIGHT_TYPE: EXACT_2D
NODE_COORD_SECTION
1 0 0
2 40 49
3 -35 15
4 -19 42
5 32 -26
6 -27 6
7 -33 8
8 44 39
9 50 -8
10 -49 43
11 -10 12
12 7 -7
13 -35 -15
14 -28 -9
15 27 -17
16 0 -35
17 1 46
18 8 -45
19 -27 36
20 -34 12
21 -47 9
22 -3 -35
23 -37 42
24 21 -49
25 9 25
26 26 -21
27 13 14
28 11 32
29 29 22
30 -29 33
31 32 27
32 34 -8
33 41 -31
34 -48 17
35 17 -45
36 -4 -38
37 15 -48
38 39 21
39 -16 8
40 -46 8
41 11 -49
42 -23 21
43 11 5
44 -45 20
45 19 -39
46 44 25
47 17 -29
48 31 -50
49 -18 -46
50 -26 2
51 -46 38
52 -35 42
53 25 34
54 -9 -19
55 42 29
56 -40 -28
57 41 44
58 15 45
59 46 -28
60 30 -3
61 -43 -13
62 -9 -32
63 -45 4
64 -6 32
65 -30 -49
66 -23 1
67 37 16
68 18 -26
69 -23 -34
70 -9 -33
71 -23 -11
72 1 -27
73 -47 6
74 13 -14
75 39 5
76 -48 3
DEMAND_SECTION
1 0
2 37
3 16
4 36
5 39
6 13
7 12
8 25
9 36
10 38
11 20
12 40
13 42
14 45
15 25
16 21
17 37
18 32
19 15
20 37
21 42
22 25
23 42
24 14
25 36
26 22
27 28
28 38
29 41
30 25
31 40
32 48
33 50
34 22
35 15
36 50
37 28
38 31
39 30
40 48
41 17
42 34
43 35
44 40
45 44
46 21
47 20
48 42
49 12
50 45
51 16
52 26
53 42
54 36
55 43
56 40
57 22
58 41
59 25
60 30
61 40
62 18
63 25
64 36
65 16
66 42
67 21
68 21
69 30
70 42
71 47
72 31
73 18
74 40
75 22
76 27
DEPOT_SECTION
1
-1
EOF