NAME: p02_1050_tsplib0_NORMALIZED
BEST_KNOWN: 0
COMMENT: 0
DIMENSION: 76
CAPACITY: 100
EDGE_WEIGHT_FORMAT: FUNCTION
EDGE_WEIGHT_TYPE: EXACT_2D
NODE_COORD_SECTION
1 0 0
2 -18 -18
3 -4 -14
4 -19 5
5 5 -5
6 15 -20
7 -7 -6
8 10 10
9 15 5
10 -14 19
11 0 26
12 15 25
13 -5 11
14 22 -5
15 22 17
16 22 -16
17 -19 -4
18 -7 4
19 -31 16
20 22 8
21 26 -26
22 4 -27
23 -14 -27
24 -29 -12
25 -33 3
26 -23 24
27 1 6
28 15 -6
29 -5 -24
30 12 -14
31 3 -14
32 -9 36
33 -18 13
34 -14 -11
35 10 0
36 15 10
37 14 -30
38 20 -25
39 7 26
40 -10 20
41 -10 10
42 -28 -23
43 -25 -26
44 -24 -21
45 -19 8
46 10 -10
47 11 2
48 10 -25
49 8 -19
50 -28 -2
51 -25 16
52 -11 -1
53 14 -2
54 15 17
55 27 1
56 -30 30
57 -34 -15
58 25 -13
59 0 20
60 30 24
61 24 -36
62 -4 -34
63 -10 -20
64 -20 -10
65 -25 -35
66 10 30
67 17 32
68 5 2
69 -2 -7
70 10 -36
71 26 -32
72 19 -35
73 -5 20
74 -13 -16
75 0 -20
76 0 -3
DEMAND_SECTION
1 0
2 43
3 25
4 18
5 32
6 45
7 44
8 29
9 14
10 17
11 10
12 42
13 25
14 28
15 30
16 37
17 21
18 12
19 30
20 43
21 31
22 13
23 35
24 35
25 32
26 41
27 39
28 10
29 40
30 15
31 13
32 43
33 41
34 42
35 18
36 43
37 28
38 40
39 29
40 29
41 42
42 17
43 12
44 35
45 36
46 45
47 20
48 29
49 27
50 43
51 34
52 36
53 35
54 12
55 46
56 39
57 38
58 22
59 37
60 25
61 22
62 45
63 20
64 22
65 21
66 23
67 28
68 43
69 13
70 49
71 44
72 47
73 45
74 43
75 49
76 11
DEPOT_SECTION
1
-1
EOF