NAME: p02_1_NORMALIZED
BEST_KNOWN: 0
COMMENT: 0
DIMENSION: 76
CAPACITY: 100
EDGE_WEIGHT_FORMAT: FUNCTION
EDGE_WEIGHT_TYPE: EXACT_2D
NODE_COORD_SECTION
1 0 0
2 13 31
3 35 -44
4 46 -49
5 -37 34
6 8 -47
7 14 25
8 -2 48
9 16 17
10 -6 -47
11 -20 -18
12 -22 31
13 41 15
14 -32 40
15 -21 39
16 7 12
17 45 -35
18 -45 -19
19 -1 2
20 -2 46
21 43 -41
22 13 28
23 33 -16
24 2 50
25 29 -31
26 32 49
27 -50 13
28 -35 -25
29 -1 -50
30 8 -46
31 -36 -21
32 -26 -33
33 -1 22
34 22 4
35 -21 17
36 -13 43
37 1 39
38 -20 18
39 27 -45
40 -4 30
41 -21 -14
42 -46 -13
43 -47 34
44 -42 -38
45 -14 -48
46 -4 -31
47 10 33
48 19 9
49 -43 -29
50 -37 -16
51 -1 35
52 27 19
53 -39 -17
54 -10 26
55 -8 -2
56 -12 -24
57 -1 -44
58 -17 13
59 47 -30
60 -4 16
61 13 36
62 13 30
63 -27 -27
64 45 -46
65 23 15
66 -1 -49
67 17 18
68 43 -40
69 14 32
70 8 35
71 -10 -28
72 43 34
73 -12 -23
74 -8 17
75 25 -43
76 41 23
DEMAND_SECTION
1 0
2 16
3 20
4 28
5 14
6 39
7 33
8 16
9 17
10 25
11 33
12 39
13 35
14 48
15 19
16 45
17 38
18 47
19 47
20 45
21 42
22 28
23 45
24 38
25 20
26 15
27 18
28 37
29 29
30 38
31 50
32 33
33 45
34 19
35 46
36 45
37 35
38 50
39 38
40 30
41 14
42 37
43 25
44 22
45 26
46 12
47 22
48 15
49 28
50 34
51 45
52 47
53 18
54 38
55 38
56 22
57 45
58 33
59 15
60 33
61 47
62 49
63 49
64 29
65 27
66 35
67 20
68 40
69 46
70 25
71 14
72 37
73 33
74 42
75 22
76 30
DEPOT_SECTION
1
-1
EOF