NAME: p02_00_tsplib0_NORMALIZED
BEST_KNOWN: 0
COMMENT: 0
DIMENSION: 76
CAPACITY: 100
EDGE_WEIGHT_FORMAT: FUNCTION
EDGE_WEIGHT_TYPE: EXACT_2D
NODE_COORD_SECTION
1 0 0
2 -18 -18
3 -4 -14
4 -19 5
5 5 -5
6 15 -20
7 -7 -6
8 10 10
9 15 5
10 -14 19
11 0 26
12 15 25
13 -5 11
14 22 -5
15 22 17
16 22 -16
17 -19 -4
18 -7 4
19 -31 16
20 22 8
21 26 -26
22 4 -27
23 -14 -27
24 -29 -12
25 -33 3
26 -23 24
27 1 6
28 15 -6
29 -5 -24
30 12 -14
31 3 -14
32 -9 36
33 -18 13
34 -14 -11
35 10 0
36 15 10
37 14 -30
38 20 -25
39 7 26
40 -10 20
41 -10 10
42 -28 -23
43 -25 -26
44 -24 -21
45 -19 8
46 10 -10
47 11 2
48 10 -25
49 8 -19
50 -28 -2
51 -25 16
52 -11 -1
53 14 -2
54 15 17
55 27 1
56 -30 30
57 -34 -15
58 25 -13
59 0 20
60 30 24
61 24 -36
62 -4 -34
63 -10 -20
64 -20 -10
65 -25 -35
66 10 30
67 17 32
68 5 2
69 -2 -7
70 10 -36
71 26 -32
72 19 -35
73 -5 20
74 -13 -16
75 0 -20
76 0 -3
DEMAND_SECTION
1 0
2 12
3 18
4 7
5 21
6 15
7 13
8 10
9 11
10 20
11 18
12 26
13 11
14 8
15 22
16 5
17 13
18 14
19 9
20 10
21 15
22 20
23 8
24 4
25 19
26 10
27 12
28 12
29 20
30 9
31 15
32 17
33 20
34 19
35 13
36 7
37 8
38 10
39 17
40 11
41 23
42 10
43 7
44 12
45 12
46 15
47 19
48 13
49 14
50 3
51 15
52 8
53 13
54 15
55 11
56 5
57 18
58 10
59 15
60 17
61 9
62 10
63 12
64 7
65 20
66 6
67 26
68 21
69 7
70 5
71 7
72 2
73 0
74 4
75 7
76 14
DEPOT_SECTION
1
-1
EOF