NAME: p02_16_NORMALIZED
BEST_KNOWN: 0
COMMENT: 0
DIMENSION: 76
CAPACITY: 100
EDGE_WEIGHT_FORMAT: FUNCTION
EDGE_WEIGHT_TYPE: EXACT_2D
NODE_COORD_SECTION
1 0 0
2 44 23
3 24 -13
4 -15 -42
5 -23 38
6 44 5
7 20 -20
8 -45 -33
9 12 26
10 18 28
11 -7 -34
12 35 -24
13 -48 38
14 29 -13
15 28 -43
16 42 -44
17 18 -33
18 -15 -16
19 17 -4
20 -16 8
21 -48 -40
22 -14 38
23 -6 -50
24 34 34
25 -32 19
26 -17 -28
27 -17 31
28 1 -33
29 -3 10
30 11 -10
31 -33 13
32 -24 8
33 25 49
34 43 -34
35 -40 49
36 15 -13
37 33 -3
38 -28 -35
39 47 44
40 -50 -25
41 -20 -15
42 -21 -49
43 0 18
44 -31 -28
45 -16 -32
46 34 -5
47 0 31
48 21 -29
49 39 -30
50 -26 -28
51 -1 -36
52 49 50
53 -7 -5
54 -45 -38
55 8 44
56 -17 -22
57 42 26
58 -26 -20
59 -24 -2
60 -46 17
61 -38 -35
62 4 -13
63 36 17
64 -49 29
65 49 -15
66 -10 11
67 38 17
68 -34 42
69 -34 42
70 39 -21
71 -30 49
72 50 -6
73 48 4
74 29 10
75 -39 10
76 -42 -22
DEMAND_SECTION
1 0
2 19
3 18
4 37
5 24
6 34
7 26
8 27
9 48
10 22
11 24
12 36
13 15
14 30
15 49
16 25
17 24
18 47
19 32
20 36
21 36
22 25
23 47
24 38
25 32
26 25
27 15
28 32
29 18
30 29
31 31
32 22
33 32
34 40
35 47
36 32
37 43
38 12
39 45
40 45
41 36
42 17
43 45
44 46
45 17
46 21
47 25
48 42
49 25
50 30
51 28
52 24
53 22
54 17
55 16
56 22
57 24
58 30
59 22
60 12
61 25
62 29
63 15
64 35
65 27
66 35
67 21
68 25
69 15
70 19
71 22
72 16
73 15
74 27
75 31
76 20
DEPOT_SECTION
1
-1
EOF