NAME: p02_18_NORMALIZED
BEST_KNOWN: 0
COMMENT: 0
DIMENSION: 76
CAPACITY: 100
EDGE_WEIGHT_FORMAT: FUNCTION
EDGE_WEIGHT_TYPE: EXACT_2D
NODE_COORD_SECTION
1 0 0
2 27 47
3 -5 25
4 41 -35
5 -49 23
6 48 -20
7 35 -35
8 49 24
9 12 8
10 -7 10
11 21 -19
12 9 15
13 13 6
14 -13 8
15 -45 -30
16 36 -19
17 -4 11
18 45 48
19 -49 7
20 27 12
21 -2 32
22 6 8
23 -12 1
24 -42 33
25 25 5
26 -3 0
27 29 -12
28 -14 43
29 -11 -45
30 -16 32
31 37 -29
32 -34 32
33 -18 -47
34 23 -21
35 13 44
36 -6 -49
37 50 3
38 17 -37
39 8 1
40 48 38
41 -50 -48
42 4 -44
43 14 -25
44 24 -46
45 -25 -2
46 25 48
47 -13 -18
48 20 -33
49 -6 7
50 21 28
51 38 -3
52 -1 5
53 -18 -6
54 1 -24
55 -43 28
56 -1 25
57 44 38
58 29 -19
59 49 -15
60 -39 9
61 26 39
62 -7 45
63 -49 -26
64 43 -13
65 12 22
66 15 40
67 12 3
68 30 11
69 45 -19
70 2 33
71 35 -42
72 -41 0
73 13 50
74 -15 -33
75 -3 42
76 17 -45
DEMAND_SECTION
1 0
2 37
3 29
4 39
5 20
6 47
7 43
8 45
9 47
10 20
11 38
12 16
13 26
14 29
15 40
16 35
17 41
18 42
19 33
20 26
21 39
22 40
23 20
24 14
25 16
26 17
27 14
28 25
29 21
30 44
31 38
32 24
33 12
34 30
35 35
36 31
37 36
38 32
39 37
40 40
41 35
42 43
43 35
44 47
45 14
46 37
47 17
48 17
49 41
50 40
51 34
52 16
53 48
54 37
55 48
56 19
57 23
58 30
59 28
60 35
61 29
62 13
63 12
64 30
65 20
66 24
67 35
68 48
69 24
70 25
71 13
72 31
73 20
74 43
75 24
76 20
DEPOT_SECTION
1
-1
EOF