NAME: p02_30_NORMALIZED
BEST_KNOWN: 0
COMMENT: 0
DIMENSION: 76
CAPACITY: 100
EDGE_WEIGHT_FORMAT: FUNCTION
EDGE_WEIGHT_TYPE: EXACT_2D
NODE_COORD_SECTION
1 0 0
2 -28 32
3 27 -28
4 5 -7
5 -42 10
6 -41 -3
7 -37 4
8 -6 9
9 27 3
10 -18 -8
11 -41 -35
12 8 2
13 -33 0
14 -46 22
15 -37 -48
16 49 -7
17 -28 -42
18 -34 -11
19 45 35
20 -13 14
21 -40 6
22 13 -23
23 2 19
24 -10 -30
25 29 28
26 36 37
27 16 -50
28 48 23
29 17 28
30 -32 -38
31 27 -3
32 10 -45
33 22 -38
34 -35 39
35 10 20
36 -21 32
37 -9 33
38 -17 13
39 -4 -48
40 8 -27
41 19 -45
42 -13 24
43 -44 0
44 50 -33
45 -38 19
46 18 -7
47 -33 -6
48 27 -44
49 -24 -20
50 38 20
51 -1 -10
52 45 3
53 -30 36
54 -37 26
55 -48 49
56 -24 18
57 16 23
58 38 -49
59 8 28
60 30 35
61 -2 -23
62 22 -23
63 -39 0
64 11 38
65 13 -41
66 18 -35
67 5 -22
68 23 41
69 -26 31
70 19 -25
71 -19 -2
72 12 -26
73 -46 4
74 -37 15
75 37 -35
76 -13 -45
DEMAND_SECTION
1 0
2 48
3 50
4 26
5 17
6 42
7 27
8 19
9 33
10 16
11 14
12 36
13 27
14 42
15 29
16 15
17 50
18 25
19 20
20 47
21 29
22 35
23 31
24 13
25 15
26 32
27 49
28 42
29 45
30 50
31 41
32 33
33 41
34 38
35 20
36 25
37 31
38 16
39 25
40 45
41 34
42 18
43 12
44 44
45 44
46 23
47 45
48 43
49 32
50 21
51 15
52 49
53 50
54 50
55 36
56 31
57 17
58 14
59 35
60 12
61 36
62 27
63 41
64 16
65 37
66 39
67 49
68 22
69 39
70 30
71 12
72 30
73 42
74 43
75 16
76 45
DEPOT_SECTION
1
-1
EOF