NAME: p02_20_NORMALIZED
BEST_KNOWN: 0
COMMENT: 0
DIMENSION: 76
CAPACITY: 100
EDGE_WEIGHT_FORMAT: FUNCTION
EDGE_WEIGHT_TYPE: EXACT_2D
NODE_COORD_SECTION
1 0 0
2 16 34
3 -6 -36
4 42 26
5 29 32
6 -6 -7
7 47 23
8 -1 -2
9 49 -42
10 46 6
11 42 47
12 25 39
13 -37 -12
14 -10 -4
15 -40 -49
16 -41 13
17 11 -23
18 22 -37
19 8 -43
20 -21 4
21 -24 -19
22 -13 -1
23 -39 -25
24 -40 46
25 36 1
26 -27 -22
27 -22 45
28 42 -37
29 7 -38
30 -38 -27
31 24 32
32 -40 34
33 -34 50
34 42 19
35 -1 -48
36 -22 -5
37 -5 13
38 39 -25
39 7 -42
40 -1 -26
41 7 -7
42 48 33
43 21 22
44 -22 19
45 -17 -19
46 15 7
47 7 3
48 -38 -12
49 42 22
50 32 -11
51 19 44
52 10 -6
53 15 0
54 -4 -32
55 10 18
56 32 28
57 34 1
58 4 27
59 41 6
60 -18 -30
61 35 19
62 -19 37
63 50 -23
64 20 -42
65 -12 -44
66 -9 48
67 32 -17
68 13 -32
69 -42 37
70 -43 -18
71 9 8
72 -33 -13
73 39 20
74 -27 -44
75 -33 30
76 23 17
DEMAND_SECTION
1 0
2 29
3 47
4 20
5 38
6 47
7 17
8 20
9 12
10 45
11 30
12 13
13 23
14 47
15 25
16 25
17 22
18 31
19 47
20 12
21 18
22 27
23 25
24 21
25 13
26 44
27 27
28 20
29 20
30 23
31 45
32 44
33 25
34 25
35 43
36 25
37 47
38 17
39 38
40 12
41 27
42 45
43 15
44 30
45 20
46 35
47 21
48 25
49 30
50 37
51 19
52 31
53 12
54 17
55 27
56 36
57 41
58 19
59 13
60 30
61 30
62 14
63 26
64 39
65 32
66 40
67 17
68 50
69 45
70 30
71 13
72 12
73 22
74 32
75 42
76 20
DEPOT_SECTION
1
-1
EOF