NAME: p02_19_NORMALIZED
BEST_KNOWN: 0
COMMENT: 0
DIMENSION: 76
CAPACITY: 100
EDGE_WEIGHT_FORMAT: FUNCTION
EDGE_WEIGHT_TYPE: EXACT_2D
NODE_COORD_SECTION
1 0 0
2 -37 -20
3 -40 -47
4 22 44
5 0 -5
6 -4 34
7 16 22
8 -21 47
9 -5 -26
10 25 -44
11 7 -27
12 -8 16
13 -4 43
14 -35 -40
15 -23 -39
16 -11 -37
17 -3 43
18 24 20
19 0 -48
20 -37 -43
21 25 29
22 16 -46
23 0 -48
24 7 47
25 -34 -29
26 17 -42
27 24 45
28 6 -35
29 -7 31
30 -21 32
31 -26 -19
32 20 22
33 -1 36
34 -14 -34
35 50 -42
36 -47 40
37 -43 24
38 2 -33
39 9 -45
40 -47 42
41 -13 -9
42 -11 -45
43 -38 4
44 9 -29
45 -12 -6
46 20 -35
47 -48 -19
48 -44 -29
49 24 26
50 -26 4
51 26 0
52 -1 -31
53 44 49
54 49 -49
55 3 46
56 13 19
57 -34 -49
58 40 -32
59 -30 -7
60 -41 -42
61 35 15
62 -40 -12
63 14 33
64 33 -8
65 29 17
66 33 -29
67 27 47
68 5 -13
69 -22 -7
70 -22 38
71 28 45
72 41 26
73 -10 15
74 -30 49
75 20 39
76 -22 -40
DEMAND_SECTION
1 0
2 12
3 25
4 47
5 42
6 33
7 32
8 17
9 20
10 20
11 28
12 22
13 40
14 14
15 24
16 35
17 45
18 25
19 40
20 13
21 15
22 21
23 35
24 16
25 47
26 26
27 38
28 33
29 16
30 20
31 45
32 25
33 37
34 37
35 14
36 48
37 12
38 16
39 35
40 30
41 29
42 20
43 24
44 15
45 12
46 13
47 18
48 13
49 14
50 27
51 35
52 16
53 34
54 27
55 22
56 15
57 27
58 25
59 49
60 49
61 25
62 44
63 20
64 30
65 14
66 24
67 23
68 30
69 50
70 50
71 16
72 49
73 37
74 31
75 12
76 15
DEPOT_SECTION
1
-1
EOF