NAME: p02_28_NORMALIZED
BEST_KNOWN: 0
COMMENT: 0
DIMENSION: 76
CAPACITY: 100
EDGE_WEIGHT_FORMAT: FUNCTION
EDGE_WEIGHT_TYPE: EXACT_2D
NODE_COORD_SECTION
1 0 0
2 -12 -12
3 47 25
4 14 20
5 23 -26
6 -23 30
7 -1 49
8 46 43
9 4 45
10 -41 -25
11 23 -8
12 -15 -8
13 -18 29
14 8 -46
15 24 31
16 -39 -31
17 30 41
18 44 -34
19 -37 -37
20 31 50
21 35 -44
22 -40 47
23 8 -39
24 28 -5
25 -32 21
26 -45 30
27 -6 2
28 26 30
29 19 -43
30 -42 12
31 39 -27
32 4 3
33 20 -23
34 -39 6
35 32 31
36 -9 16
37 24 -48
38 23 -11
39 -31 -21
40 34 -24
41 -21 -28
42 -15 5
43 11 23
44 6 39
45 -33 16
46 18 -19
47 45 23
48 40 -11
49 0 -15
50 -23 -15
51 -49 -38
52 -3 -39
53 24 12
54 37 -36
55 40 18
56 -46 -33
57 5 -2
58 -14 -9
59 -35 46
60 28 -9
61 48 43
62 -24 7
63 22 -35
64 4 -5
65 -31 22
66 30 -45
67 -10 28
68 -19 8
69 -43 4
70 -44 -21
71 15 8
72 19 33
73 -31 -10
74 36 14
75 -34 33
76 30 -16
DEMAND_SECTION
1 0
2 46
3 12
4 35
5 45
6 22
7 48
8 25
9 41
10 25
11 33
12 21
13 32
14 17
15 27
16 50
17 17
18 22
19 17
20 43
21 18
22 23
23 21
24 25
25 20
26 19
27 27
28 12
29 35
30 46
31 47
32 45
33 47
34 25
35 22
36 44
37 40
38 48
39 17
40 19
41 30
42 26
43 22
44 46
45 49
46 35
47 42
48 19
49 24
50 25
51 36
52 14
53 33
54 20
55 29
56 42
57 42
58 40
59 19
60 39
61 15
62 42
63 47
64 44
65 39
66 39
67 49
68 29
69 29
70 37
71 15
72 13
73 12
74 12
75 15
76 47
DEPOT_SECTION
1
-1
EOF