NAME: p02_5_NORMALIZED
BEST_KNOWN: 0
COMMENT: 0
DIMENSION: 76
CAPACITY: 100
EDGE_WEIGHT_FORMAT: FUNCTION
EDGE_WEIGHT_TYPE: EXACT_2D
NODE_COORD_SECTION
1 0 0
2 -2 42
3 13 12
4 -50 -24
5 48 39
6 -14 29
7 -27 8
8 -21 37
9 49 -30
10 19 19
11 47 13
12 19 46
13 -2 -37
14 -22 26
15 43 33
16 50 -35
17 -50 -30
18 -8 -25
19 39 -48
20 29 -31
21 -48 7
22 33 50
23 -15 8
24 -2 -44
25 14 -11
26 -39 -46
27 -10 -28
28 -40 6
29 -3 12
30 3 -8
31 -9 43
32 -7 27
33 17 22
34 -15 13
35 27 45
36 -1 -42
37 -45 -12
38 48 -5
39 -42 27
40 -10 -17
41 -3 3
42 28 -41
43 -22 31
44 6 -18
45 -17 10
46 -31 -34
47 -12 5
48 -20 -20
49 -47 -43
50 40 -49
51 11 -14
52 14 45
53 -50 -48
54 8 -24
55 -9 8
56 -8 31
57 21 -30
58 -10 35
59 -2 4
60 28 -16
61 -5 8
62 20 19
63 -41 13
64 -43 33
65 -37 -44
66 9 40
67 -44 47
68 26 -21
69 16 47
70 -48 26
71 -18 -26
72 -32 -46
73 -19 -5
74 -17 -5
75 8 -14
76 -1 -50
DEMAND_SECTION
1 0
2 25
3 45
4 32
5 15
6 29
7 37
8 36
9 25
10 18
11 42
12 38
13 34
14 40
15 37
16 12
17 13
18 23
19 34
20 37
21 40
22 42
23 46
24 43
25 12
26 40
27 46
28 22
29 18
30 18
31 35
32 29
33 26
34 15
35 25
36 38
37 35
38 42
39 29
40 39
41 45
42 40
43 35
44 13
45 24
46 47
47 39
48 26
49 42
50 42
51 24
52 42
53 25
54 40
55 33
56 20
57 23
58 17
59 45
60 45
61 45
62 15
63 42
64 15
65 19
66 46
67 40
68 50
69 21
70 31
71 13
72 28
73 40
74 45
75 14
76 22
DEPOT_SECTION
1
-1
EOF