NAME: p02_13_NORMALIZED
BEST_KNOWN: 0
COMMENT: 0
DIMENSION: 76
CAPACITY: 100
EDGE_WEIGHT_FORMAT: FUNCTION
EDGE_WEIGHT_TYPE: EXACT_2D
NODE_COORD_SECTION
1 0 0
2 -9 35
3 20 8
4 34 48
5 -46 34
6 10 -47
7 35 -22
8 45 -40
9 -41 46
10 -18 17
11 -15 8
12 39 -33
13 -10 -34
14 24 7
15 1 -22
16 50 -8
17 32 -26
18 11 -25
19 47 -16
20 6 -17
21 5 50
22 -15 -12
23 -4 7
24 -31 15
25 22 15
26 -48 5
27 30 -10
28 -37 -1
29 47 -15
30 50 8
31 -14 -5
32 28 15
33 -10 35
34 -10 -32
35 -26 30
36 -24 32
37 -36 24
38 24 -17
39 31 -1
40 -18 -15
41 -25 24
42 -26 -23
43 -1 0
44 -49 -18
45 -47 -12
46 -2 -33
47 28 40
48 -40 -14
49 -42 19
50 7 -16
51 -19 9
52 -27 -4
53 -8 29
54 21 16
55 41 -34
56 36 -47
57 -21 -21
58 6 23
59 -8 24
60 -31 32
61 -34 25
62 32 -19
63 -31 -37
64 -13 -45
65 -12 -9
66 2 21
67 -11 -40
68 -47 3
69 -8 -46
70 -4 30
71 -27 18
72 37 -9
73 -36 -25
74 40 42
75 -2 -28
76 -1 -24
DEMAND_SECTION
1 0
2 31
3 48
4 36
5 50
6 26
7 21
8 45
9 36
10 36
11 25
12 12
13 45
14 45
15 47
16 12
17 45
18 25
19 25
20 33
21 38
22 20
23 16
24 42
25 18
26 12
27 17
28 21
29 42
30 35
31 12
32 22
33 32
34 25
35 15
36 30
37 34
38 25
39 47
40 36
41 40
42 36
43 14
44 27
45 20
46 18
47 34
48 25
49 17
50 20
51 20
52 17
53 44
54 47
55 13
56 50
57 26
58 19
59 13
60 26
61 27
62 26
63 36
64 12
65 47
66 30
67 24
68 33
69 30
70 39
71 39
72 45
73 47
74 26
75 18
76 35
DEPOT_SECTION
1
-1
EOF