NAME: p02_17_NORMALIZED
BEST_KNOWN: 0
COMMENT: 0
DIMENSION: 76
CAPACITY: 100
EDGE_WEIGHT_FORMAT: FUNCTION
EDGE_WEIGHT_TYPE: EXACT_2D
NODE_COORD_SECTION
1 0 0
2 50 -38
3 29 2
4 -17 -22
5 27 40
6 25 37
7 -3 28
8 -4 8
9 -35 24
10 38 3
11 -6 -8
12 -6 -30
13 7 -12
14 22 -16
15 -2 16
16 42 25
17 -21 -29
18 50 -16
19 2 37
20 2 30
21 42 -42
22 34 32
23 -50 20
24 -29 23
25 38 -9
26 -33 -36
27 -6 26
28 -18 -42
29 23 -37
30 -42 6
31 31 21
32 36 18
33 -23 31
34 -24 21
35 14 29
36 -16 -49
37 33 24
38 24 27
39 45 -21
40 19 31
41 -12 24
42 -50 21
43 20 -28
44 8 23
45 -23 -31
46 -17 25
47 -29 15
48 5 38
49 12 -1
50 -1 14
51 47 -1
52 43 -13
53 26 -3
54 25 13
55 -12 -22
56 19 16
57 34 -36
58 -3 -12
59 23 -22
60 -37 -11
61 -15 16
62 -43 -18
63 25 -50
64 20 38
65 0 -41
66 39 1
67 -13 -12
68 37 3
69 17 33
70 17 -48
71 -8 -7
72 -24 -42
73 25 29
74 -28 -2
75 46 0
76 41 22
DEMAND_SECTION
1 0
2 50
3 49
4 27
5 20
6 45
7 42
8 28
9 13
10 40
11 43
12 35
13 36
14 20
15 44
16 43
17 44
18 22
19 43
20 47
21 46
22 30
23 33
24 30
25 39
26 16
27 32
28 44
29 28
30 45
31 24
32 30
33 45
34 43
35 35
36 31
37 41
38 23
39 12
40 22
41 41
42 15
43 27
44 42
45 37
46 36
47 17
48 29
49 14
50 46
51 34
52 22
53 21
54 45
55 37
56 39
57 35
58 14
59 38
60 42
61 37
62 30
63 35
64 25
65 35
66 27
67 12
68 25
69 28
70 20
71 27
72 32
73 42
74 27
75 21
76 44
DEPOT_SECTION
1
-1
EOF