NAME: p02_14_NORMALIZED
BEST_KNOWN: 0
COMMENT: 0
DIMENSION: 76
CAPACITY: 100
EDGE_WEIGHT_FORMAT: FUNCTION
EDGE_WEIGHT_TYPE: EXACT_2D
NODE_COORD_SECTION
1 0 0
2 -23 -21
3 -31 -37
4 -22 -45
5 18 22
6 26 -45
7 15 -8
8 19 33
9 33 16
10 11 19
11 6 25
12 5 32
13 27 5
14 -10 8
15 48 -28
16 16 -32
17 1 -48
18 -47 -7
19 -23 -13
20 -4 25
21 42 35
22 -9 -33
23 49 26
24 22 24
25 -16 23
26 30 49
27 -14 29
28 8 -28
29 -43 -10
30 -37 24
31 43 38
32 13 -24
33 -46 -37
34 -39 45
35 34 5
36 23 -4
37 21 -19
38 -36 31
39 -12 -39
40 22 -19
41 34 -6
42 -11 35
43 -3 34
44 40 47
45 27 -32
46 -21 -25
47 -13 -22
48 -19 8
49 -23 30
50 5 3
51 9 -18
52 44 48
53 45 17
54 -45 23
55 -7 -35
56 -5 -42
57 29 31
58 43 -37
59 33 15
60 29 15
61 2 28
62 -9 45
63 8 40
64 -43 20
65 32 -40
66 -3 11
67 13 -33
68 9 43
69 42 25
70 -42 -8
71 9 -33
72 -25 44
73 42 -7
74 -19 20
75 -39 -7
76 42 24
DEMAND_SECTION
1 0
2 22
3 20
4 21
5 37
6 15
7 37
8 38
9 25
10 43
11 49
12 31
13 35
14 12
15 18
16 34
17 46
18 13
19 40
20 42
21 20
22 41
23 22
24 42
25 15
26 28
27 31
28 41
29 42
30 25
31 17
32 27
33 24
34 18
35 42
36 22
37 12
38 35
39 30
40 42
41 42
42 42
43 25
44 42
45 15
46 41
47 15
48 45
49 40
50 20
51 48
52 45
53 12
54 32
55 13
56 17
57 42
58 50
59 22
60 32
61 32
62 20
63 25
64 15
65 32
66 18
67 20
68 40
69 30
70 47
71 45
72 20
73 34
74 47
75 34
76 17
DEPOT_SECTION
1
-1
EOF