NAME: p02_22_NORMALIZED
BEST_KNOWN: 0
COMMENT: 0
DIMENSION: 76
CAPACITY: 100
EDGE_WEIGHT_FORMAT: FUNCTION
EDGE_WEIGHT_TYPE: EXACT_2D
NODE_COORD_SECTION
1 0 0
2 41 -35
3 20 -37
4 -28 8
5 33 14
6 28 9
7 15 16
8 -28 35
9 -26 20
10 -35 21
11 -34 -45
12 18 44
13 11 -33
14 -41 48
15 -38 21
16 9 -38
17 21 -16
18 -1 1
19 -15 -41
20 7 -12
21 -6 -20
22 -19 -50
23 14 42
24 -15 -11
25 42 -12
26 39 41
27 14 -44
28 -29 28
29 11 47
30 -40 -40
31 22 -25
32 -41 32
33 48 8
34 40 4
35 7 -19
36 32 46
37 -39 13
38 -29 0
39 29 -17
40 21 -30
41 6 -46
42 -6 37
43 22 48
44 -42 -1
45 44 -34
46 -17 49
47 37 37
48 -44 -2
49 0 32
50 38 25
51 3 11
52 -36 39
53 -9 3
54 -30 -44
55 -7 46
56 -40 -17
57 -23 3
58 -7 28
59 8 -50
60 10 -8
61 39 -33
62 -19 -33
63 -15 -31
64 -4 7
65 1 32
66 8 5
67 -38 43
68 -40 -30
69 10 19
70 -19 2
71 47 31
72 -3 27
73 -39 -2
74 -45 18
75 13 10
76 -7 43
DEMAND_SECTION
1 0
2 17
3 35
4 17
5 42
6 16
7 37
8 37
9 22
10 25
11 40
12 22
13 15
14 42
15 40
16 42
17 41
18 18
19 48
20 15
21 47
22 44
23 23
24 18
25 27
26 25
27 46
28 40
29 27
30 24
31 17
32 20
33 50
34 12
35 22
36 20
37 24
38 27
39 22
40 40
41 24
42 17
43 17
44 32
45 41
46 46
47 35
48 47
49 15
50 34
51 12
52 16
53 38
54 47
55 49
56 40
57 34
58 12
59 27
60 42
61 42
62 44
63 44
64 18
65 41
66 25
67 31
68 22
69 18
70 50
71 35
72 38
73 16
74 35
75 20
76 27
DEPOT_SECTION
1
-1
EOF