NAME: p02_8_NORMALIZED
BEST_KNOWN: 0
COMMENT: 0
DIMENSION: 76
CAPACITY: 100
EDGE_WEIGHT_FORMAT: FUNCTION
EDGE_WEIGHT_TYPE: EXACT_2D
NODE_COORD_SECTION
1 0 0
2 -46 -10
3 3 50
4 46 33
5 -27 48
6 -38 -34
7 19 45
8 -15 -11
9 0 26
10 18 3
11 18 26
12 -17 9
13 -34 -3
14 41 -9
15 46 -32
16 -33 -26
17 39 11
18 -11 -40
19 -28 27
20 -12 7
21 41 39
22 -9 37
23 -20 49
24 -23 38
25 -48 48
26 -47 31
27 27 46
28 5 49
29 13 -6
30 21 -11
31 -46 41
32 -22 -29
33 -43 -31
34 -36 -18
35 45 -14
36 42 -18
37 -20 35
38 16 37
39 -42 43
40 -40 -4
41 35 -46
42 48 39
43 12 -1
44 34 7
45 -13 -36
46 25 12
47 -15 -28
48 2 -39
49 -22 -2
50 -21 32
51 -5 28
52 -44 -29
53 5 13
54 12 -25
55 19 -28
56 -39 -10
57 -27 -15
58 39 46
59 -32 11
60 -32 50
61 4 44
62 -30 10
63 30 -48
64 22 4
65 -18 -10
66 41 13
67 -18 6
68 0 26
69 -5 -48
70 6 23
71 -47 33
72 -4 41
73 7 13
74 -40 48
75 44 30
76 -14 -50
DEMAND_SECTION
1 0
2 22
3 18
4 15
5 50
6 22
7 32
8 25
9 40
10 41
11 40
12 32
13 45
14 27
15 45
16 26
17 41
18 34
19 22
20 30
21 23
22 35
23 17
24 27
25 39
26 20
27 45
28 40
29 27
30 23
31 32
32 35
33 37
34 50
35 39
36 30
37 22
38 34
39 47
40 47
41 45
42 16
43 22
44 35
45 42
46 46
47 45
48 27
49 37
50 40
51 22
52 32
53 21
54 18
55 29
56 48
57 29
58 15
59 44
60 34
61 37
62 12
63 13
64 45
65 12
66 34
67 23
68 37
69 37
70 40
71 12
72 24
73 40
74 32
75 32
76 42
DEPOT_SECTION
1
-1
EOF