NAME: p02_24_NORMALIZED
BEST_KNOWN: 0
COMMENT: 0
DIMENSION: 76
CAPACITY: 100
EDGE_WEIGHT_FORMAT: FUNCTION
EDGE_WEIGHT_TYPE: EXACT_2D
NODE_COORD_SECTION
1 0 0
2 47 -45
3 -31 22
4 5 -48
5 29 26
6 17 19
7 31 11
8 12 -21
9 -38 47
10 48 -49
11 21 -7
12 6 -28
13 -35 29
14 -11 -8
15 20 -27
16 -40 23
17 24 -23
18 -6 -28
19 -7 36
20 43 -33
21 42 6
22 8 -10
23 -1 -23
24 30 -31
25 25 -36
26 -35 38
27 -6 -18
28 -29 -18
29 10 32
30 17 33
31 33 -22
32 8 47
33 -49 -38
34 -22 19
35 6 -33
36 -1 40
37 -49 -44
38 12 48
39 -49 -6
40 -46 -9
41 -35 -33
42 -17 -40
43 -30 -48
44 30 -29
45 -46 46
46 40 -49
47 -10 -47
48 -14 41
49 -6 -6
50 42 8
51 42 -21
52 -5 -23
53 18 40
54 45 -33
55 26 -33
56 -12 -32
57 27 18
58 -49 -50
59 2 -21
60 33 -48
61 -31 -4
62 -16 -27
63 -19 25
64 -5 -36
65 -5 -19
66 -27 17
67 -2 4
68 -2 -5
69 -1 -1
70 4 -45
71 25 38
72 -6 15
73 -29 41
74 -11 50
75 -19 32
76 10 -43
DEMAND_SECTION
1 0
2 43
3 46
4 35
5 13
6 45
7 33
8 17
9 46
10 44
11 39
12 31
13 27
14 24
15 18
16 48
17 12
18 27
19 30
20 27
21 19
22 29
23 14
24 27
25 20
26 27
27 17
28 40
29 21
30 37
31 32
32 24
33 45
34 22
35 24
36 36
37 19
38 13
39 46
40 18
41 47
42 47
43 15
44 50
45 30
46 21
47 25
48 22
49 13
50 47
51 30
52 28
53 35
54 23
55 24
56 50
57 15
58 27
59 21
60 36
61 45
62 30
63 37
64 40
65 24
66 15
67 15
68 15
69 30
70 43
71 17
72 32
73 40
74 27
75 18
76 36
DEPOT_SECTION
1
-1
EOF