NAME: p02_26_NORMALIZED
BEST_KNOWN: 0
COMMENT: 0
DIMENSION: 76
CAPACITY: 100
EDGE_WEIGHT_FORMAT: FUNCTION
EDGE_WEIGHT_TYPE: EXACT_2D
NODE_COORD_SECTION
1 0 0
2 46 24
3 3 -27
4 22 44
5 11 -15
6 -39 -2
7 26 -29
8 -15 6
9 28 0
10 -9 42
11 -21 23
12 -43 26
13 29 -36
14 -40 -16
15 1 -43
16 19 -38
17 26 21
18 47 25
19 47 -8
20 -18 -34
21 31 -4
22 32 40
23 12 25
24 -41 0
25 -22 22
26 8 25
27 -5 -20
28 25 4
29 48 44
30 21 -42
31 10 -38
32 17 -22
33 -29 26
34 -2 -13
35 35 48
36 -50 9
37 -23 1
38 13 -19
39 -2 29
40 -33 -10
41 -34 37
42 19 37
43 39 -8
44 23 -48
45 -39 18
46 -25 -24
47 -6 44
48 -45 -32
49 23 -13
50 -23 -47
51 -5 27
52 -47 -13
53 -30 -20
54 -41 -26
55 -9 -9
56 10 13
57 -47 15
58 49 -22
59 -5 -40
60 13 -33
61 -8 31
62 27 41
63 21 -33
64 -20 49
65 18 47
66 -29 -45
67 -7 -35
68 14 38
69 -40 12
70 7 -7
71 41 36
72 19 11
73 -22 -33
74 -2 1
75 7 -25
76 42 -17
DEMAND_SECTION
1 0
2 35
3 17
4 35
5 45
6 23
7 29
8 46
9 44
10 38
11 50
12 35
13 17
14 39
15 22
16 35
17 29
18 30
19 36
20 40
21 25
22 35
23 12
24 48
25 42
26 20
27 19
28 41
29 17
30 23
31 19
32 15
33 36
34 22
35 25
36 15
37 37
38 27
39 30
40 32
41 16
42 35
43 16
44 44
45 50
46 14
47 43
48 13
49 39
50 18
51 46
52 19
53 17
54 50
55 35
56 50
57 47
58 44
59 40
60 20
61 37
62 22
63 22
64 47
65 25
66 13
67 23
68 30
69 12
70 22
71 17
72 50
73 28
74 27
75 46
76 38
DEPOT_SECTION
1
-1
EOF