NAME: p02_25_NORMALIZED
BEST_KNOWN: 0
COMMENT: 0
DIMENSION: 76
CAPACITY: 100
EDGE_WEIGHT_FORMAT: FUNCTION
EDGE_WEIGHT_TYPE: EXACT_2D
NODE_COORD_SECTION
1 0 0
2 -24 -24
3 10 -15
4 -15 -39
5 13 16
6 11 -39
7 -41 -41
8 -2 24
9 -44 -9
10 41 19
11 5 -13
12 -37 -16
13 -18 6
14 -6 -22
15 -11 4
16 5 -28
17 25 44
18 -48 -40
19 27 -22
20 -41 -40
21 44 -6
22 -40 -11
23 35 -29
24 24 -4
25 35 -36
26 -49 -21
27 -42 24
28 -35 -49
29 43 5
30 -6 -8
31 -33 -41
32 -35 16
33 32 -45
34 20 -16
35 -12 50
36 -49 41
37 36 43
38 -7 22
39 -10 -41
40 33 -11
41 43 -37
42 -9 -3
43 4 17
44 -42 18
45 -12 9
46 19 13
47 19 -30
48 28 -50
49 6 -49
50 34 27
51 -30 30
52 23 -35
53 17 37
54 -21 28
55 8 -30
56 -31 -23
57 35 29
58 24 -2
59 -21 -23
60 49 42
61 33 -41
62 -48 36
63 46 -1
64 35 17
65 7 -16
66 38 -50
67 21 -24
68 2 -49
69 3 -22
70 -2 -16
71 -34 43
72 -33 25
73 28 -40
74 44 -6
75 -13 -44
76 42 18
DEMAND_SECTION
1 0
2 26
3 30
4 30
5 15
6 32
7 16
8 36
9 38
10 40
11 30
12 35
13 17
14 30
15 25
16 15
17 20
18 17
19 17
20 42
21 45
22 18
23 34
24 18
25 17
26 41
27 27
28 27
29 14
30 23
31 22
32 27
33 15
34 20
35 38
36 17
37 12
38 33
39 42
40 49
41 48
42 41
43 45
44 14
45 18
46 14
47 47
48 27
49 17
50 41
51 32
52 28
53 45
54 18
55 32
56 20
57 35
58 22
59 47
60 45
61 22
62 17
63 27
64 18
65 17
66 22
67 12
68 19
69 31
70 14
71 45
72 13
73 42
74 22
75 22
76 30
DEPOT_SECTION
1
-1
EOF