NAME: p02_2_NORMALIZED
BEST_KNOWN: 0
COMMENT: 0
DIMENSION: 76
CAPACITY: 100
EDGE_WEIGHT_FORMAT: FUNCTION
EDGE_WEIGHT_TYPE: EXACT_2D
NODE_COORD_SECTION
1 0 0
2 20 14
3 -33 -47
4 -34 -41
5 -20 44
6 -17 17
7 -20 -45
8 -40 12
9 -43 35
10 -45 0
11 34 9
12 -2 19
13 -11 -22
14 -41 -38
15 16 41
16 -37 9
17 -18 26
18 17 12
19 42 43
20 10 48
21 -6 19
22 -2 -9
23 -43 -23
24 -43 -11
25 28 -31
26 -50 -10
27 -7 29
28 45 48
29 -26 -12
30 -12 14
31 41 -7
32 -30 -16
33 -39 -4
34 -6 -23
35 47 39
36 -22 -13
37 -1 -31
38 24 30
39 -15 46
40 9 -47
41 -46 47
42 35 -17
43 -28 43
44 -39 -41
45 2 -36
46 -10 -48
47 -12 -21
48 11 -35
49 2 13
50 6 -3
51 -48 34
52 43 -9
53 -12 4
54 -50 32
55 11 -2
56 42 -18
57 3 -39
58 -42 -14
59 -24 36
60 20 30
61 21 50
62 15 39
63 -2 -26
64 -29 -48
65 22 43
66 17 -11
67 24 -25
68 46 -24
69 45 -42
70 -22 -34
71 -33 -50
72 29 48
73 28 -10
74 11 17
75 44 19
76 -33 0
DEMAND_SECTION
1 0
2 12
3 45
4 47
5 31
6 18
7 47
8 13
9 43
10 37
11 38
12 15
13 22
14 37
15 23
16 37
17 17
18 42
19 12
20 46
21 37
22 32
23 17
24 14
25 12
26 12
27 30
28 22
29 47
30 30
31 25
32 32
33 42
34 44
35 48
36 20
37 40
38 46
39 32
40 41
41 37
42 42
43 19
44 32
45 27
46 49
47 47
48 27
49 37
50 18
51 34
52 42
53 36
54 16
55 30
56 30
57 48
58 12
59 22
60 12
61 25
62 47
63 14
64 26
65 39
66 18
67 30
68 48
69 19
70 19
71 22
72 22
73 30
74 30
75 28
76 46
DEPOT_SECTION
1
-1
EOF