NAME: p02_21_NORMALIZED
BEST_KNOWN: 0
COMMENT: 0
DIMENSION: 76
CAPACITY: 100
EDGE_WEIGHT_FORMAT: FUNCTION
EDGE_WEIGHT_TYPE: EXACT_2D
NODE_COORD_SECTION
1 0 0
2 -40 -35
3 15 -36
4 -39 -10
5 17 -40
6 -32 -16
7 8 14
8 -38 -42
9 43 26
10 -29 -34
11 -25 30
12 -19 11
13 -42 -44
14 -21 28
15 -12 40
16 -32 -13
17 -14 47
18 -18 11
19 11 -8
20 22 -38
21 49 -11
22 23 -2
23 -5 -2
24 -25 1
25 14 -6
26 25 -16
27 3 -34
28 48 -46
29 -44 45
30 15 -19
31 19 -39
32 -43 43
33 -40 18
34 -16 -42
35 -27 6
36 21 24
37 -11 -45
38 -2 -3
39 7 36
40 -22 26
41 -29 -6
42 16 -28
43 30 37
44 -23 -37
45 -47 41
46 40 46
47 16 -6
48 27 -6
49 50 -22
50 11 -7
51 21 15
52 -32 -49
53 -1 7
54 -7 -44
55 38 -30
56 -13 -3
57 -13 -39
58 -32 7
59 -5 24
60 -24 -41
61 36 12
62 -24 44
63 -27 -37
64 -16 50
65 -3 44
66 27 -44
67 -46 -41
68 25 45
69 41 1
70 -28 -30
71 27 2
72 -14 -19
73 -12 -43
74 -23 -46
75 -24 5
76 -29 -49
DEMAND_SECTION
1 0
2 40
3 37
4 30
5 25
6 40
7 38
8 42
9 42
10 40
11 22
12 30
13 17
14 43
15 31
16 33
17 42
18 48
19 15
20 41
21 40
22 35
23 12
24 23
25 23
26 13
27 40
28 48
29 47
30 48
31 14
32 49
33 42
34 47
35 25
36 12
37 27
38 47
39 35
40 46
41 39
42 37
43 50
44 12
45 46
46 34
47 19
48 36
49 30
50 14
51 39
52 31
53 30
54 20
55 20
56 24
57 40
58 45
59 42
60 26
61 34
62 44
63 20
64 24
65 15
66 22
67 32
68 22
69 40
70 22
71 32
72 20
73 47
74 47
75 29
76 45
DEPOT_SECTION
1
-1
EOF