NAME: p02_3_NORMALIZED
BEST_KNOWN: 0
COMMENT: 0
DIMENSION: 76
CAPACITY: 100
EDGE_WEIGHT_FORMAT: FUNCTION
EDGE_WEIGHT_TYPE: EXACT_2D
NODE_COORD_SECTION
1 0 0
2 19 49
3 -36 21
4 -24 5
5 -19 20
6 -18 -40
7 -49 -40
8 -25 -39
9 -46 -41
10 39 15
11 -7 -37
12 -31 -20
13 0 -37
14 -44 -39
15 -2 8
16 -46 21
17 -3 -15
18 -19 -48
19 16 33
20 -41 27
21 7 -26
22 -38 50
23 -42 44
24 -9 7
25 -46 -37
26 27 -47
27 -13 -27
28 -11 -30
29 -26 -38
30 -9 -17
31 -6 5
32 11 10
33 46 -44
34 6 -10
35 -18 -29
36 47 2
37 28 -22
38 -2 -12
39 -37 2
40 46 -33
41 -46 6
42 -20 44
43 -9 -41
44 -42 48
45 -37 13
46 35 -32
47 34 -17
48 -30 6
49 21 -9
50 2 41
51 -32 21
52 -41 32
53 -1 -26
54 -16 5
55 22 -27
56 -21 -34
57 -40 -13
58 13 0
59 36 22
60 -10 -8
61 -15 43
62 45 43
63 -3 -43
64 -4 8
65 -25 -18
66 -13 -15
67 9 -37
68 -50 -36
69 16 -34
70 -37 28
71 22 14
72 27 27
73 12 32
74 23 10
75 24 7
76 0 30
DEMAND_SECTION
1 0
2 13
3 27
4 35
5 32
6 28
7 47
8 35
9 31
10 43
11 26
12 23
13 18
14 48
15 49
16 22
17 40
18 18
19 18
20 24
21 13
22 25
23 46
24 20
25 37
26 24
27 45
28 14
29 27
30 43
31 30
32 47
33 16
34 17
35 30
36 20
37 29
38 20
39 35
40 39
41 38
42 42
43 29
44 27
45 28
46 33
47 48
48 26
49 42
50 35
51 34
52 47
53 36
54 45
55 24
56 48
57 36
58 47
59 18
60 31
61 33
62 25
63 37
64 47
65 20
66 21
67 45
68 13
69 25
70 41
71 42
72 31
73 28
74 47
75 29
76 31
DEPOT_SECTION
1
-1
EOF