NAME: p02_15_NORMALIZED
BEST_KNOWN: 0
COMMENT: 0
DIMENSION: 76
CAPACITY: 100
EDGE_WEIGHT_FORMAT: FUNCTION
EDGE_WEIGHT_TYPE: EXACT_2D
NODE_COORD_SECTION
1 0 0
2 -9 10
3 -42 -27
4 -38 -6
5 12 19
6 33 50
7 46 18
8 27 -28
9 -7 -13
10 -21 -21
11 -45 -50
12 19 50
13 -27 14
14 -50 38
15 -28 3
16 -22 4
17 25 -49
18 -34 34
19 -3 -29
20 -43 -16
21 13 -3
22 -22 -14
23 27 -24
24 -33 6
25 37 45
26 10 38
27 -13 9
28 13 25
29 49 -26
30 -16 43
31 -21 -37
32 -6 21
33 33 -27
34 29 39
35 -29 -28
36 -41 5
37 30 3
38 -45 -38
39 -26 -43
40 -26 -16
41 -1 39
42 -30 -11
43 13 41
44 -16 -1
45 -47 -32
46 41 -32
47 -48 -19
48 36 -48
49 36 26
50 -20 -1
51 30 -16
52 -46 -44
53 49 5
54 26 -28
55 -17 -16
56 25 -7
57 34 50
58 45 -21
59 11 19
60 10 28
61 -36 2
62 23 36
63 41 6
64 13 -23
65 31 -21
66 3 -3
67 9 -22
68 42 34
69 44 -3
70 -19 31
71 -32 -24
72 19 -5
73 -8 -6
74 -44 31
75 -20 12
76 -3 11
DEMAND_SECTION
1 0
2 42
3 47
4 14
5 37
6 12
7 47
8 50
9 26
10 44
11 50
12 20
13 19
14 32
15 45
16 35
17 30
18 50
19 15
20 15
21 32
22 47
23 12
24 21
25 37
26 22
27 42
28 45
29 32
30 43
31 37
32 32
33 15
34 32
35 12
36 40
37 45
38 37
39 20
40 27
41 44
42 14
43 45
44 15
45 17
46 42
47 35
48 30
49 17
50 42
51 12
52 40
53 40
54 14
55 41
56 21
57 20
58 18
59 28
60 36
61 50
62 31
63 18
64 16
65 22
66 49
67 38
68 40
69 34
70 47
71 27
72 20
73 25
74 49
75 43
76 18
DEPOT_SECTION
1
-1
EOF