NAME: p02_29_NORMALIZED
BEST_KNOWN: 0
COMMENT: 0
DIMENSION: 76
CAPACITY: 100
EDGE_WEIGHT_FORMAT: FUNCTION
EDGE_WEIGHT_TYPE: EXACT_2D
NODE_COORD_SECTION
1 0 0
2 -9 -37
3 -18 -15
4 -32 4
5 -30 47
6 9 33
7 -44 9
8 -39 -24
9 8 -16
10 46 11
11 -43 22
12 37 -44
13 -31 -35
14 43 -5
15 -48 -29
16 31 -5
17 -12 -12
18 -40 -29
19 20 27
20 18 -41
21 -24 -30
22 22 -14
23 -11 -38
24 -28 -47
25 8 -42
26 48 -33
27 -23 13
28 8 -38
29 12 -17
30 20 -31
31 49 -30
32 1 4
33 -33 46
34 -38 30
35 50 -2
36 5 18
37 30 -20
38 3 -10
39 46 22
40 38 26
41 5 18
42 -16 -34
43 41 -40
44 42 -50
45 -11 -22
46 -38 16
47 -38 49
48 -25 -35
49 -49 -10
50 36 -2
51 34 -37
52 -22 -12
53 -27 32
54 -44 -6
55 -27 -1
56 15 -12
57 -31 22
58 -12 11
59 34 37
60 34 -39
61 50 47
62 43 16
63 10 -25
64 -41 22
65 19 -40
66 -24 34
67 -15 3
68 23 39
69 42 -50
70 15 -15
71 6 -7
72 45 19
73 -3 -48
74 22 -35
75 -25 -10
76 3 19
DEMAND_SECTION
1 0
2 47
3 30
4 13
5 40
6 22
7 31
8 46
9 42
10 44
11 15
12 25
13 49
14 12
15 30
16 27
17 24
18 14
19 50
20 15
21 25
22 49
23 12
24 21
25 35
26 12
27 50
28 47
29 28
30 17
31 13
32 19
33 27
34 45
35 27
36 45
37 25
38 43
39 29
40 17
41 15
42 35
43 17
44 30
45 18
46 27
47 18
48 30
49 20
50 35
51 26
52 24
53 32
54 37
55 25
56 14
57 38
58 47
59 34
60 35
61 31
62 30
63 22
64 49
65 47
66 40
67 42
68 17
69 40
70 14
71 24
72 47
73 32
74 12
75 22
76 49
DEPOT_SECTION
1
-1
EOF