NAME: p02_12_NORMALIZED
BEST_KNOWN: 0
COMMENT: 0
DIMENSION: 76
CAPACITY: 100
EDGE_WEIGHT_FORMAT: FUNCTION
EDGE_WEIGHT_TYPE: EXACT_2D
NODE_COORD_SECTION
1 0 0
2 23 15
3 50 12
4 -16 -36
5 48 -5
6 -20 31
7 -43 -13
8 -14 18
9 -50 36
10 -8 5
11 43 -26
12 6 -49
13 44 21
14 12 36
15 -40 8
16 -40 18
17 -44 1
18 0 -36
19 20 -48
20 -42 -41
21 18 -18
22 50 -23
23 10 -32
24 -48 -47
25 9 -38
26 -17 -16
27 -10 44
28 -50 27
29 -9 -26
30 0 0
31 -48 5
32 -37 22
33 48 -37
34 -12 -21
35 46 23
36 -37 -16
37 -20 -21
38 48 -37
39 -18 -5
40 19 -15
41 37 9
42 5 34
43 -5 31
44 -36 -47
45 37 -43
46 43 4
47 -35 -40
48 50 34
49 -14 -20
50 15 24
51 -27 -35
52 -6 43
53 49 -21
54 -31 -36
55 22 -24
56 -12 13
57 1 41
58 -3 36
59 -5 -13
60 17 44
61 19 39
62 -32 13
63 -15 -6
64 -16 31
65 27 -43
66 -14 22
67 28 -40
68 29 39
69 24 38
70 -1 -20
71 -19 -24
72 0 -28
73 -16 -47
74 19 0
75 14 -15
76 13 -14
DEMAND_SECTION
1 0
2 30
3 42
4 33
5 26
6 12
7 46
8 47
9 36
10 31
11 36
12 16
13 28
14 22
15 42
16 41
17 30
18 14
19 36
20 26
21 37
22 34
23 17
24 17
25 26
26 47
27 29
28 39
29 45
30 32
31 19
32 47
33 19
34 39
35 40
36 30
37 22
38 49
39 29
40 44
41 17
42 28
43 32
44 30
45 28
46 47
47 20
48 38
49 30
50 24
51 20
52 36
53 35
54 21
55 26
56 18
57 42
58 27
59 22
60 33
61 31
62 40
63 30
64 47
65 25
66 26
67 21
68 12
69 18
70 30
71 17
72 44
73 35
74 22
75 25
76 25
DEPOT_SECTION
1
-1
EOF