NAME: p02_1090_tsplib0_NORMALIZED
BEST_KNOWN: 0
COMMENT: 0
DIMENSION: 76
CAPACITY: 100
EDGE_WEIGHT_FORMAT: FUNCTION
EDGE_WEIGHT_TYPE: EXACT_2D
NODE_COORD_SECTION
1 0 0
2 -18 -18
3 -4 -14
4 -19 5
5 5 -5
6 15 -20
7 -7 -6
8 10 10
9 15 5
10 -14 19
11 0 26
12 15 25
13 -5 11
14 22 -5
15 22 17
16 22 -16
17 -19 -4
18 -7 4
19 -31 16
20 22 8
21 26 -26
22 4 -27
23 -14 -27
24 -29 -12
25 -33 3
26 -23 24
27 1 6
28 15 -6
29 -5 -24
30 12 -14
31 3 -14
32 -9 36
33 -18 13
34 -14 -11
35 10 0
36 15 10
37 14 -30
38 20 -25
39 7 26
40 -10 20
41 -10 10
42 -28 -23
43 -25 -26
44 -24 -21
45 -19 8
46 10 -10
47 11 2
48 10 -25
49 8 -19
50 -28 -2
51 -25 16
52 -11 -1
53 14 -2
54 15 17
55 27 1
56 -30 30
57 -34 -15
58 25 -13
59 0 20
60 30 24
61 24 -36
62 -4 -34
63 -10 -20
64 -20 -10
65 -25 -35
66 10 30
67 17 32
68 5 2
69 -2 -7
70 10 -36
71 26 -32
72 19 -35
73 -5 20
74 -13 -16
75 0 -20
76 0 -3
DEMAND_SECTION
1 0
2 77
3 41
4 27
5 54
6 82
7 78
8 49
9 18
10 26
11 12
12 74
13 41
14 47
15 51
16 65
17 33
18 16
19 50
20 77
21 53
22 17
23 60
24 62
25 56
26 72
27 68
28 12
29 71
30 21
31 17
32 77
33 73
34 75
35 27
36 77
37 47
38 72
39 48
40 48
41 76
42 25
43 15
44 60
45 62
46 80
47 32
48 49
49 44
50 77
51 59
52 62
53 62
54 15
55 82
56 69
57 67
58 34
59 65
60 42
61 36
62 80
63 30
64 35
65 33
66 37
67 47
68 77
69 17
70 88
71 78
72 85
73 81
74 77
75 89
76 13
DEPOT_SECTION
1
-1
EOF