NAME: p02_4_NORMALIZED
BEST_KNOWN: 0
COMMENT: 0
DIMENSION: 76
CAPACITY: 100
EDGE_WEIGHT_FORMAT: FUNCTION
EDGE_WEIGHT_TYPE: EXACT_2D
NODE_COORD_SECTION
1 0 0
2 41 45
3 29 -33
4 -40 -29
5 43 25
6 34 -34
7 44 33
8 18 25
9 -1 -27
10 -31 41
11 -41 -8
12 15 12
13 47 39
14 -20 19
15 30 10
16 -26 -21
17 -38 50
18 -39 -50
19 49 -4
20 4 48
21 -32 16
22 40 -42
23 -36 12
24 -30 -1
25 34 -29
26 -38 23
27 21 -1
28 17 25
29 -7 16
30 -1 -20
31 48 -28
32 -41 34
33 -33 36
34 6 47
35 46 -47
36 -18 -18
37 36 -12
38 45 -42
39 -15 9
40 45 34
41 -25 0
42 -6 31
43 -44 -19
44 13 -38
45 -48 -17
46 -26 11
47 -14 -34
48 -23 -30
49 21 31
50 49 -25
51 19 21
52 -16 -7
53 -16 -40
54 34 11
55 9 -22
56 33 0
57 14 -17
58 10 32
59 -28 14
60 -14 49
61 27 37
62 -29 -50
63 -30 42
64 -14 36
65 -10 8
66 30 -22
67 -25 -18
68 40 -43
69 24 47
70 9 -7
71 48 -7
72 8 45
73 -12 12
74 -10 -24
75 -20 -50
76 -42 41
DEMAND_SECTION
1 0
2 18
3 34
4 40
5 20
6 45
7 35
8 36
9 48
10 32
11 30
12 45
13 44
14 12
15 49
16 47
17 44
18 19
19 32
20 37
21 23
22 12
23 47
24 31
25 19
26 15
27 40
28 47
29 13
30 30
31 19
32 47
33 35
34 46
35 12
36 28
37 50
38 31
39 15
40 20
41 48
42 34
43 29
44 33
45 22
46 27
47 21
48 14
49 32
50 48
51 39
52 34
53 35
54 12
55 38
56 13
57 15
58 30
59 20
60 31
61 22
62 36
63 20
64 18
65 16
66 35
67 19
68 18
69 24
70 43
71 38
72 30
73 38
74 16
75 25
76 16
DEPOT_SECTION
1
-1
EOF