NAME: p02_27_NORMALIZED
BEST_KNOWN: 0
COMMENT: 0
DIMENSION: 76
CAPACITY: 100
EDGE_WEIGHT_FORMAT: FUNCTION
EDGE_WEIGHT_TYPE: EXACT_2D
NODE_COORD_SECTION
1 0 0
2 19 26
3 10 27
4 46 27
5 -45 7
6 -41 -27
7 13 36
8 -25 42
9 6 16
10 -49 -47
11 46 -32
12 -12 49
13 19 -1
14 -21 7
15 -31 -19
16 -12 -15
17 19 -32
18 -26 -6
19 -44 16
20 3 33
21 -9 -1
22 -4 -36
23 -13 -48
24 21 43
25 5 30
26 31 20
27 -33 -5
28 -48 -12
29 38 26
30 -49 -43
31 13 9
32 -37 2
33 4 -42
34 22 -24
35 49 36
36 28 -42
37 -8 25
38 2 23
39 9 28
40 42 10
41 -45 -36
42 -1 41
43 15 19
44 21 43
45 0 25
46 49 19
47 13 29
48 43 50
49 42 -4
50 16 5
51 -21 -39
52 16 36
53 -41 -28
54 7 42
55 -22 9
56 -13 -14
57 -31 25
58 -34 -36
59 1 40
60 32 47
61 -14 -38
62 -45 -22
63 -9 -47
64 34 11
65 49 16
66 19 -11
67 21 -19
68 2 -6
69 33 17
70 50 18
71 31 25
72 -42 39
73 -4 -40
74 -38 -26
75 -25 35
76 29 -41
DEMAND_SECTION
1 0
2 43
3 34
4 16
5 17
6 47
7 20
8 22
9 48
10 49
11 25
12 12
13 38
14 34
15 46
16 27
17 13
18 32
19 16
20 31
21 15
22 48
23 47
24 49
25 50
26 29
27 15
28 18
29 42
30 27
31 37
32 26
33 46
34 17
35 46
36 23
37 21
38 25
39 18
40 19
41 41
42 20
43 15
44 38
45 17
46 25
47 44
48 17
49 29
50 19
51 27
52 41
53 42
54 48
55 30
56 27
57 22
58 23
59 25
60 13
61 17
62 43
63 31
64 49
65 22
66 17
67 14
68 32
69 47
70 17
71 15
72 15
73 20
74 37
75 38
76 32
DEPOT_SECTION
1
-1
EOF