NAME: p02_3070_tsplib0_NORMALIZED
BEST_KNOWN: 0
COMMENT: 0
DIMENSION: 76
CAPACITY: 100
EDGE_WEIGHT_FORMAT: FUNCTION
EDGE_WEIGHT_TYPE: EXACT_2D
NODE_COORD_SECTION
1 0 0
2 -18 -18
3 -4 -14
4 -19 5
5 5 -5
6 15 -20
7 -7 -6
8 10 10
9 15 5
10 -14 19
11 0 26
12 15 25
13 -5 11
14 22 -5
15 22 17
16 22 -16
17 -19 -4
18 -7 4
19 -31 16
20 22 8
21 26 -26
22 4 -27
23 -14 -27
24 -29 -12
25 -33 3
26 -23 24
27 1 6
28 15 -6
29 -5 -24
30 12 -14
31 3 -14
32 -9 36
33 -18 13
34 -14 -11
35 10 0
36 15 10
37 14 -30
38 20 -25
39 7 26
40 -10 20
41 -10 10
42 -28 -23
43 -25 -26
44 -24 -21
45 -19 8
46 10 -10
47 11 2
48 10 -25
49 8 -19
50 -28 -2
51 -25 16
52 -11 -1
53 14 -2
54 15 17
55 27 1
56 -30 30
57 -34 -15
58 25 -13
59 0 20
60 30 24
61 24 -36
62 -4 -34
63 -10 -20
64 -20 -10
65 -25 -35
66 10 30
67 17 32
68 5 2
69 -2 -7
70 10 -36
71 26 -32
72 19 -35
73 -5 20
74 -13 -16
75 0 -20
76 0 -3
DEMAND_SECTION
1 0
2 63
3 45
4 38
5 52
6 65
7 64
8 49
9 34
10 37
11 30
12 62
13 45
14 48
15 50
16 57
17 41
18 32
19 50
20 63
21 51
22 33
23 55
24 55
25 52
26 61
27 59
28 30
29 60
30 35
31 33
32 63
33 61
34 62
35 38
36 63
37 48
38 60
39 49
40 49
41 62
42 37
43 32
44 55
45 56
46 65
47 40
48 49
49 47
50 63
51 54
52 56
53 55
54 32
55 66
56 59
57 58
58 42
59 57
60 45
61 42
62 65
63 40
64 42
65 41
66 43
67 48
68 63
69 33
70 69
71 64
72 67
73 65
74 63
75 69
76 31
DEPOT_SECTION
1
-1
EOF