NAME: p02_7_NORMALIZED
BEST_KNOWN: 0
COMMENT: 0
DIMENSION: 76
CAPACITY: 100
EDGE_WEIGHT_FORMAT: FUNCTION
EDGE_WEIGHT_TYPE: EXACT_2D
NODE_COORD_SECTION
1 0 0
2 16 -40
3 1 -22
4 -38 47
5 14 20
6 7 49
7 -5 -35
8 24 -2
9 -26 16
10 6 42
11 -34 15
12 49 9
13 3 -34
14 30 -38
15 12 44
16 -12 -48
17 28 6
18 34 -11
19 -41 17
20 12 -13
21 2 33
22 -39 -43
23 9 3
24 8 15
25 35 -32
26 -37 44
27 25 -33
28 49 -45
29 26 -30
30 4 -23
31 -4 -28
32 20 -34
33 21 -50
34 43 36
35 24 10
36 28 10
37 40 23
38 -4 -16
39 20 -19
40 27 42
41 -25 44
42 -32 -43
43 27 -15
44 -10 -25
45 -2 42
46 -25 -32
47 -34 21
48 -45 21
49 -34 -13
50 -26 -36
51 -20 -32
52 -23 -42
53 -38 -4
54 13 -25
55 -26 -21
56 21 -7
57 -35 38
58 -13 36
59 -13 27
60 -29 34
61 28 30
62 -17 -48
63 49 45
64 28 -37
65 38 -30
66 -45 -1
67 2 38
68 42 -3
69 21 31
70 0 30
71 4 -22
72 -17 6
73 8 -23
74 30 24
75 -32 -48
76 45 38
DEMAND_SECTION
1 0
2 18
3 12
4 45
5 14
6 27
7 27
8 33
9 22
10 42
11 25
12 24
13 32
14 26
15 33
16 45
17 15
18 37
19 20
20 15
21 15
22 31
23 43
24 17
25 26
26 49
27 17
28 35
29 39
30 44
31 28
32 37
33 49
34 15
35 37
36 50
37 23
38 22
39 31
40 25
41 30
42 44
43 50
44 42
45 25
46 20
47 47
48 20
49 23
50 27
51 16
52 32
53 27
54 49
55 32
56 49
57 15
58 12
59 38
60 36
61 38
62 46
63 24
64 46
65 14
66 29
67 48
68 17
69 32
70 32
71 25
72 25
73 16
74 46
75 14
76 35
DEPOT_SECTION
1
-1
EOF