NAME: p02_10_NORMALIZED
BEST_KNOWN: 0
COMMENT: 0
DIMENSION: 76
CAPACITY: 100
EDGE_WEIGHT_FORMAT: FUNCTION
EDGE_WEIGHT_TYPE: EXACT_2D
NODE_COORD_SECTION
1 0 0
2 -17 -42
3 -48 4
4 23 36
5 15 -46
6 30 -5
7 -33 -7
8 -46 11
9 -1 -49
10 4 -37
11 -8 -24
12 12 -38
13 25 -26
14 14 42
15 19 -34
16 21 -21
17 37 -36
18 14 4
19 -27 29
20 -40 -11
21 41 -44
22 -40 -49
23 -28 -18
24 36 -24
25 10 -46
26 25 39
27 36 -39
28 21 16
29 3 -32
30 -37 -50
31 -32 -32
32 -47 -48
33 -20 -4
34 8 -21
35 11 23
36 43 35
37 43 -6
38 41 20
39 4 -4
40 -8 -46
41 -35 19
42 3 32
43 5 -27
44 15 23
45 14 -11
46 -44 -33
47 -23 22
48 -5 44
49 7 11
50 44 -1
51 -42 5
52 -42 -10
53 2 42
54 39 28
55 42 35
56 -50 -16
57 32 -22
58 50 -44
59 19 -1
60 -16 20
61 -11 -44
62 20 -33
63 -12 -12
64 -27 -2
65 -26 -45
66 -41 -23
67 -28 -12
68 32 16
69 45 -14
70 28 46
71 -32 -29
72 15 48
73 -48 -2
74 -44 48
75 7 40
76 -40 5
DEMAND_SECTION
1 0
2 30
3 40
4 44
5 49
6 23
7 45
8 42
9 25
10 30
11 38
12 47
13 45
14 17
15 31
16 15
17 37
18 16
19 19
20 21
21 34
22 40
23 40
24 41
25 17
26 15
27 40
28 23
29 37
30 27
31 38
32 39
33 38
34 14
35 39
36 36
37 45
38 43
39 27
40 31
41 21
42 17
43 44
44 32
45 49
46 16
47 35
48 21
49 41
50 33
51 24
52 35
53 45
54 43
55 40
56 17
57 25
58 28
59 42
60 37
61 12
62 33
63 25
64 35
65 18
66 25
67 15
68 45
69 30
70 30
71 45
72 40
73 44
74 38
75 37
76 35
DEPOT_SECTION
1
-1
EOF