NAME: p03_1_NORMALIZED
BEST_KNOWN: 0
COMMENT: 0
DIMENSION: 101
CAPACITY: 100
EDGE_WEIGHT_FORMAT: FUNCTION
EDGE_WEIGHT_TYPE: EXACT_2D
NODE_COORD_SECTION
1 0 0
2 -23 -22
3 45 -23
4 19 -16
5 -46 16
6 46 46
7 -46 -47
8 -17 32
9 25 -18
10 13 -6
11 37 -5
12 37 -45
13 -37 -23
14 25 -5
15 -14 -40
16 44 4
17 28 -23
18 -20 -15
19 -19 -22
20 -35 16
21 30 41
22 35 -46
23 25 -41
24 3 41
25 -24 10
26 6 34
27 -23 -38
28 13 35
29 43 18
30 5 -45
31 -10 -24
32 -17 49
33 -22 -14
34 1 11
35 -21 -14
36 -15 -46
37 36 3
38 1 -20
39 -5 -39
40 -4 6
41 -47 -41
42 -49 8
43 -42 -16
44 -46 49
45 40 -22
46 -6 -11
47 3 26
48 8 -11
49 -49 -22
50 40 25
51 -27 4
52 29 -15
53 19 0
54 0 22
55 24 -9
56 -46 19
57 -18 10
58 -4 3
59 -25 8
60 -21 26
61 3 23
62 19 -26
63 -7 21
64 28 34
65 25 -25
66 32 50
67 -10 0
68 40 22
69 10 -10
70 -42 43
71 -20 23
72 9 15
73 -25 -4
74 -25 -3
75 -9 -25
76 -33 29
77 -12 -27
78 7 23
79 48 -8
80 10 30
81 46 -41
82 -15 32
83 -42 20
84 25 -24
85 24 13
86 2 -17
87 -6 39
88 -32 -8
89 26 46
90 0 -5
91 -38 44
92 24 8
93 -29 -15
94 -21 -26
95 12 39
96 46 23
97 6 26
98 27 -9
99 45 -25
100 8 46
101 -47 27
DEMAND_SECTION
1 0
2 13
3 16
4 34
5 41
6 27
7 20
8 38
9 15
10 25
11 24
12 44
13 33
14 35
15 17
16 25
17 37
18 14
19 43
20 36
21 47
22 32
23 14
24 26
25 29
26 43
27 35
28 23
29 31
30 12
31 47
32 16
33 40
34 25
35 40
36 23
37 34
38 34
39 28
40 22
41 30
42 30
43 42
44 31
45 42
46 46
47 26
48 23
49 36
50 47
51 37
52 46
53 13
54 27
55 41
56 39
57 36
58 40
59 13
60 41
61 25
62 20
63 46
64 17
65 29
66 28
67 22
68 20
69 45
70 39
71 37
72 26
73 20
74 25
75 20
76 30
77 43
78 43
79 28
80 30
81 44
82 15
83 23
84 32
85 25
86 18
87 28
88 29
89 20
90 34
91 26
92 21
93 17
94 43
95 33
96 24
97 31
98 36
99 21
100 17
101 13
DEPOT_SECTION
1
-1
EOF