NAME: p03_110_tsplib0_NORMALIZED
BEST_KNOWN: 0
COMMENT: 0
DIMENSION: 101
CAPACITY: 100
EDGE_WEIGHT_FORMAT: FUNCTION
EDGE_WEIGHT_TYPE: EXACT_2D
NODE_COORD_SECTION
1 0 0
2 6 14
3 0 -18
4 20 10
5 20 -15
6 -20 -5
7 -10 -5
8 -15 15
9 -25 8
10 20 25
11 -5 25
12 -15 30
13 15 0
14 -5 -10
15 -20 -25
16 -5 -30
17 -25 -15
18 -30 -5
19 -15 5
20 -20 25
21 10 30
22 10 -15
23 10 -25
24 20 -30
25 30 0
26 30 -15
27 10 -5
28 0 5
29 6 2
30 29 7
31 5 25
32 -4 17
33 0 34
34 18 17
35 30 20
36 28 30
37 -33 25
38 -15 -15
39 -30 -30
40 25 -23
41 5 -10
42 7 -28
43 -11 -23
44 -12 -32
45 -24 -21
46 -29 3
47 -33 13
48 -27 21
49 -22 17
50 -29 33
51 12 12
52 14 23
53 -8 8
54 2 -4
55 22 -6
56 28 -12
57 18 -23
58 -3 -23
59 1 -9
60 -14 -11
61 -18 -1
62 -23 -11
63 -11 23
64 -8 34
65 -20 42
66 27 42
67 14 38
68 32 -30
69 21 4
70 2 12
71 2 21
72 22 33
73 12 -19
74 9 -18
75 11 -22
76 14 -24
77 14 7
78 18 8
79 26 17
80 22 13
81 21 2
82 20 19
83 -20 12
84 -21 2
85 -24 -4
86 -19 -13
87 -31 -17
88 -7 -17
89 -9 17
90 -9 0
91 -4 32
92 -20 -16
93 -13 -13
94 -17 -11
95 -9 -8
96 -10 -11
97 -13 -8
98 -10 -14
99 -16 -14
100 -15 -9
101 -17 -17
DEMAND_SECTION
1 0
2 8
3 4
4 3
5 6
6 9
7 8
8 5
9 1
10 2
11 1
12 8
13 4
14 5
15 5
16 7
17 3
18 1
19 5
20 8
21 5
22 1
23 6
24 6
25 6
26 8
27 7
28 1
29 7
30 2
31 1
32 8
33 8
34 8
35 2
36 8
37 5
38 8
39 5
40 5
41 8
42 2
43 1
44 6
45 7
46 8
47 3
48 5
49 4
50 8
51 6
52 6
53 6
54 1
55 9
56 7
57 7
58 3
59 7
60 4
61 4
62 8
63 3
64 3
65 3
66 4
67 5
68 8
69 1
70 9
71 8
72 9
73 9
74 8
75 9
76 1
77 3
78 6
79 7
80 6
81 8
82 6
83 3
84 7
85 6
86 9
87 8
88 9
89 8
90 8
91 2
92 8
93 6
94 2
95 9
96 7
97 8
98 7
99 4
100 7
101 1
DEPOT_SECTION
1
-1
EOF