NAME: p03_1050_tsplib0_NORMALIZED
BEST_KNOWN: 0
COMMENT: 0
DIMENSION: 101
CAPACITY: 100
EDGE_WEIGHT_FORMAT: FUNCTION
EDGE_WEIGHT_TYPE: EXACT_2D
NODE_COORD_SECTION
1 0 0
2 6 14
3 0 -18
4 20 10
5 20 -15
6 -20 -5
7 -10 -5
8 -15 15
9 -25 8
10 20 25
11 -5 25
12 -15 30
13 15 0
14 -5 -10
15 -20 -25
16 -5 -30
17 -25 -15
18 -30 -5
19 -15 5
20 -20 25
21 10 30
22 10 -15
23 10 -25
24 20 -30
25 30 0
26 30 -15
27 10 -5
28 0 5
29 6 2
30 29 7
31 5 25
32 -4 17
33 0 34
34 18 17
35 30 20
36 28 30
37 -33 25
38 -15 -15
39 -30 -30
40 25 -23
41 5 -10
42 7 -28
43 -11 -23
44 -12 -32
45 -24 -21
46 -29 3
47 -33 13
48 -27 21
49 -22 17
50 -29 33
51 12 12
52 14 23
53 -8 8
54 2 -4
55 22 -6
56 28 -12
57 18 -23
58 -3 -23
59 1 -9
60 -14 -11
61 -18 -1
62 -23 -11
63 -11 23
64 -8 34
65 -20 42
66 27 42
67 14 38
68 32 -30
69 21 4
70 2 12
71 2 21
72 22 33
73 12 -19
74 9 -18
75 11 -22
76 14 -24
77 14 7
78 18 8
79 26 17
80 22 13
81 21 2
82 20 19
83 -20 12
84 -21 2
85 -24 -4
86 -19 -13
87 -31 -17
88 -7 -17
89 -9 17
90 -9 0
91 -4 32
92 -20 -16
93 -13 -13
94 -17 -11
95 -9 -8
96 -10 -11
97 -13 -8
98 -10 -14
99 -16 -14
100 -15 -9
101 -17 -17
DEMAND_SECTION
1 0
2 44
3 25
4 19
5 32
6 46
7 44
8 29
9 14
10 18
11 11
12 42
13 25
14 28
15 30
16 38
17 21
18 13
19 30
20 44
21 31
22 14
23 35
24 36
25 33
26 41
27 39
28 11
29 41
30 16
31 14
32 44
33 42
34 43
35 18
36 43
37 29
38 41
39 29
40 29
41 43
42 17
43 12
44 35
45 36
46 45
47 21
48 29
49 27
50 43
51 34
52 36
53 36
54 13
55 46
56 39
57 39
58 22
59 38
60 26
61 23
62 45
63 20
64 22
65 21
66 24
67 29
68 44
69 13
70 49
71 44
72 47
73 45
74 43
75 49
76 12
77 23
78 33
79 38
80 32
81 42
82 36
83 21
84 37
85 35
86 49
87 41
88 49
89 42
90 44
91 14
92 42
93 33
94 17
95 47
96 37
97 41
98 40
99 27
100 40
101 14
DEPOT_SECTION
1
-1
EOF