NAME: p03_17_NORMALIZED
BEST_KNOWN: 0
COMMENT: 0
DIMENSION: 101
CAPACITY: 100
EDGE_WEIGHT_FORMAT: FUNCTION
EDGE_WEIGHT_TYPE: EXACT_2D
NODE_COORD_SECTION
1 0 0
2 47 34
3 -42 1
4 30 -13
5 50 6
6 15 -16
7 37 -4
8 -46 46
9 8 18
10 10 -36
11 16 -48
12 44 -50
13 14 37
14 -20 -15
15 -6 -9
16 -26 -34
17 -26 38
18 -30 -12
19 49 4
20 13 19
21 42 38
22 23 14
23 22 25
24 -41 33
25 3 -43
26 -17 -50
27 5 42
28 -26 -32
29 6 15
30 -26 8
31 -38 34
32 17 -12
33 -14 12
34 47 -13
35 -30 46
36 -14 12
37 5 -21
38 -2 49
39 -22 42
40 -5 39
41 12 31
42 28 40
43 7 22
44 20 41
45 4 4
46 -44 -12
47 -46 -26
48 -3 21
49 -50 -12
50 -22 -8
51 -8 -18
52 -15 -6
53 13 -22
54 20 27
55 -38 47
56 14 -43
57 -15 39
58 -24 29
59 -39 -7
60 9 45
61 10 34
62 -47 -14
63 -21 -50
64 -36 48
65 -8 -28
66 -20 43
67 -16 -25
68 -1 4
69 21 12
70 2 -31
71 -50 49
72 39 32
73 44 41
74 8 -30
75 21 25
76 31 33
77 -49 15
78 -47 -22
79 40 32
80 -10 -34
81 0 -22
82 -44 -42
83 42 50
84 35 38
85 4 -12
86 -31 -47
87 29 -8
88 -41 42
89 3 -17
90 -16 3
91 49 26
92 2 -25
93 -17 17
94 38 -9
95 -18 -14
96 1 -14
97 -26 8
98 -46 -30
99 -28 18
100 -27 -35
101 34 50
DEMAND_SECTION
1 0
2 50
3 35
4 32
5 38
6 13
7 33
8 19
9 13
10 48
11 38
12 40
13 27
14 44
15 39
16 38
17 25
18 46
19 18
20 21
21 30
22 44
23 27
24 26
25 12
26 21
27 39
28 31
29 43
30 49
31 47
32 22
33 29
34 29
35 14
36 47
37 27
38 27
39 44
40 45
41 22
42 12
43 17
44 42
45 44
46 37
47 44
48 37
49 46
50 13
51 41
52 13
53 47
54 38
55 40
56 20
57 25
58 42
59 24
60 24
61 50
62 24
63 41
64 35
65 37
66 23
67 28
68 23
69 23
70 28
71 43
72 43
73 13
74 47
75 47
76 42
77 26
78 13
79 31
80 43
81 33
82 42
83 31
84 49
85 43
86 29
87 41
88 21
89 41
90 25
91 29
92 48
93 48
94 24
95 39
96 33
97 45
98 32
99 48
100 36
101 12
DEPOT_SECTION
1
-1
EOF