NAME: p03_14_NORMALIZED
BEST_KNOWN: 0
COMMENT: 0
DIMENSION: 101
CAPACITY: 100
EDGE_WEIGHT_FORMAT: FUNCTION
EDGE_WEIGHT_TYPE: EXACT_2D
NODE_COORD_SECTION
1 0 0
2 -20 -47
3 47 -47
4 5 44
5 -7 3
6 -22 48
7 -36 -2
8 6 6
9 -7 -9
10 11 -37
11 -3 40
12 -33 -6
13 -5 -8
14 -44 -42
15 -37 -34
16 44 -21
17 -22 -36
18 -48 36
19 -10 30
20 42 40
21 36 6
22 42 20
23 27 3
24 -37 11
25 -33 -3
26 -25 -40
27 -35 22
28 -24 29
29 29 -15
30 9 8
31 47 13
32 -8 -1
33 -26 18
34 -22 38
35 -32 10
36 0 47
37 30 -33
38 15 -24
39 -13 -23
40 -10 -44
41 39 -28
42 -47 -31
43 -3 -16
44 38 -30
45 7 -26
46 -48 -41
47 0 46
48 -44 34
49 14 15
50 28 14
51 -38 -1
52 33 34
53 26 36
54 18 -16
55 -39 17
56 -28 3
57 -45 41
58 -26 -50
59 44 -8
60 13 9
61 3 -36
62 47 -35
63 -47 43
64 21 -19
65 -6 33
66 -11 -27
67 34 -38
68 44 -13
69 23 17
70 -18 -23
71 -49 12
72 41 30
73 7 5
74 3 34
75 -27 -50
76 -46 -28
77 24 28
78 26 -23
79 50 49
80 38 -8
81 14 38
82 -5 46
83 39 -47
84 1 29
85 -14 -13
86 11 42
87 11 -48
88 -44 -48
89 -37 23
90 46 48
91 -28 16
92 -29 10
93 -42 -30
94 -6 -2
95 -10 32
96 48 -37
97 -16 -25
98 1 11
99 40 34
100 10 -9
101 -20 44
DEMAND_SECTION
1 0
2 45
3 15
4 45
5 17
6 24
7 36
8 27
9 47
10 35
11 40
12 16
13 13
14 23
15 27
16 48
17 25
18 22
19 18
20 14
21 36
22 20
23 18
24 30
25 37
26 26
27 15
28 47
29 37
30 23
31 46
32 48
33 29
34 26
35 31
36 31
37 20
38 26
39 45
40 19
41 35
42 14
43 37
44 40
45 40
46 49
47 17
48 34
49 16
50 16
51 19
52 41
53 23
54 13
55 19
56 43
57 12
58 26
59 50
60 17
61 18
62 27
63 38
64 18
65 36
66 12
67 32
68 45
69 14
70 33
71 38
72 38
73 33
74 32
75 29
76 37
77 47
78 15
79 25
80 37
81 49
82 29
83 17
84 12
85 13
86 47
87 33
88 42
89 44
90 18
91 41
92 14
93 41
94 13
95 49
96 35
97 16
98 30
99 42
100 48
101 20
DEPOT_SECTION
1
-1
EOF