NAME: p03_29_NORMALIZED
BEST_KNOWN: 0
COMMENT: 0
DIMENSION: 101
CAPACITY: 100
EDGE_WEIGHT_FORMAT: FUNCTION
EDGE_WEIGHT_TYPE: EXACT_2D
NODE_COORD_SECTION
1 0 0
2 -12 -39
3 -19 21
4 48 -18
5 -21 29
6 -21 34
7 13 2
8 1 -50
9 25 -14
10 19 -1
11 10 -15
12 44 -17
13 -25 -47
14 25 43
15 17 30
16 -22 48
17 -36 -1
18 45 44
19 19 5
20 -35 49
21 28 -7
22 -21 48
23 2 -48
24 38 39
25 15 45
26 43 50
27 -34 -49
28 -22 24
29 -14 16
30 -37 -27
31 5 34
32 48 47
33 42 3
34 18 2
35 47 -1
36 1 -4
37 31 -49
38 -3 28
39 -25 34
40 -36 39
41 36 4
42 -49 8
43 24 -30
44 -17 -9
45 -28 45
46 13 18
47 -18 5
48 15 4
49 41 -33
50 -37 39
51 18 -49
52 -30 11
53 23 -24
54 -6 9
55 -47 2
56 0 -10
57 30 1
58 35 25
59 49 29
60 -44 36
61 -46 -2
62 -40 35
63 -35 4
64 -16 14
65 34 42
66 -40 -12
67 -3 33
68 35 1
69 -33 -24
70 0 -37
71 -11 -25
72 -2 34
73 -40 30
74 20 -18
75 -11 -16
76 13 -19
77 6 47
78 -37 -2
79 -26 17
80 44 20
81 41 28
82 46 17
83 -25 -20
84 41 33
85 20 -5
86 50 16
87 2 31
88 -32 -37
89 26 47
90 13 -10
91 -22 38
92 -32 22
93 -27 -10
94 0 -25
95 -7 28
96 49 23
97 33 32
98 39 -37
99 -41 16
100 12 -25
101 47 25
DEMAND_SECTION
1 0
2 26
3 33
4 25
5 20
6 15
7 45
8 19
9 15
10 37
11 47
12 46
13 50
14 29
15 32
16 25
17 17
18 33
19 49
20 35
21 13
22 42
23 34
24 43
25 18
26 24
27 21
28 21
29 20
30 29
31 17
32 19
33 27
34 26
35 24
36 46
37 18
38 42
39 37
40 42
41 27
42 48
43 41
44 43
45 12
46 50
47 21
48 40
49 48
50 49
51 36
52 45
53 37
54 29
55 35
56 41
57 46
58 24
59 28
60 26
61 47
62 32
63 27
64 38
65 44
66 15
67 37
68 28
69 36
70 22
71 50
72 43
73 45
74 40
75 34
76 27
77 49
78 29
79 30
80 32
81 23
82 20
83 47
84 42
85 44
86 13
87 22
88 23
89 15
90 18
91 40
92 18
93 27
94 48
95 36
96 37
97 29
98 44
99 43
100 14
101 28
DEPOT_SECTION
1
-1
EOF