NAME: p03_4_NORMALIZED
BEST_KNOWN: 0
COMMENT: 0
DIMENSION: 101
CAPACITY: 100
EDGE_WEIGHT_FORMAT: FUNCTION
EDGE_WEIGHT_TYPE: EXACT_2D
NODE_COORD_SECTION
1 0 0
2 -29 -37
3 6 33
4 32 44
5 42 19
6 -48 18
7 -39 37
8 -33 41
9 -21 21
10 -40 5
11 -7 -11
12 -14 -8
13 31 23
14 -32 21
15 -10 -6
16 5 -5
17 -13 19
18 19 -21
19 20 44
20 41 47
21 27 -39
22 20 -24
23 34 4
24 -29 -18
25 1 -18
26 18 -13
27 -19 -6
28 -44 -20
29 26 23
30 34 0
31 29 -13
32 37 -50
33 -43 18
34 1 7
35 -45 37
36 -47 5
37 36 44
38 -33 -14
39 17 -48
40 -45 -29
41 13 41
42 29 43
43 -34 -36
44 14 23
45 -32 -15
46 0 -6
47 0 -43
48 -3 -27
49 49 39
50 9 -29
51 -45 -8
52 12 -42
53 0 -15
54 10 43
55 48 12
56 5 12
57 35 -14
58 -40 -25
59 -41 5
60 34 -18
61 26 9
62 -26 38
63 -7 25
64 -50 10
65 -45 -50
66 -50 21
67 -25 14
68 7 39
69 -22 -7
70 2 40
71 24 -44
72 25 3
73 -46 22
74 -43 -16
75 -49 48
76 39 -43
77 30 -28
78 -23 -47
79 -34 -24
80 2 -47
81 -26 11
82 12 30
83 -31 -12
84 -16 -37
85 10 -5
86 -3 1
87 -21 -30
88 24 0
89 -45 47
90 -18 -24
91 47 -24
92 43 -9
93 31 -33
94 -37 -2
95 12 17
96 19 39
97 -35 36
98 -28 44
99 40 33
100 -16 8
101 31 10
DEMAND_SECTION
1 0
2 30
3 34
4 38
5 13
6 23
7 22
8 39
9 20
10 34
11 37
12 49
13 18
14 38
15 23
16 14
17 41
18 18
19 25
20 45
21 29
22 40
23 37
24 32
25 45
26 45
27 27
28 34
29 39
30 12
31 16
32 31
33 13
34 45
35 13
36 30
37 37
38 43
39 42
40 30
41 45
42 40
43 22
44 44
45 29
46 22
47 42
48 14
49 47
50 22
51 21
52 17
53 19
54 21
55 31
56 26
57 44
58 15
59 36
60 29
61 39
62 44
63 30
64 35
65 27
66 46
67 22
68 27
69 25
70 26
71 20
72 32
73 14
74 48
75 43
76 46
77 25
78 47
79 20
80 46
81 34
82 43
83 18
84 44
85 34
86 13
87 13
88 25
89 45
90 41
91 13
92 39
93 26
94 19
95 21
96 34
97 29
98 20
99 38
100 29
101 30
DEPOT_SECTION
1
-1
EOF