NAME: p03_25_NORMALIZED
BEST_KNOWN: 0
COMMENT: 0
DIMENSION: 101
CAPACITY: 100
EDGE_WEIGHT_FORMAT: FUNCTION
EDGE_WEIGHT_TYPE: EXACT_2D
NODE_COORD_SECTION
1 0 0
2 -44 24
3 -18 18
4 35 -29
5 35 25
6 -16 -47
7 -15 42
8 -4 -11
9 1 42
10 -37 -20
11 -37 40
12 -9 26
13 -46 -48
14 -48 -5
15 3 44
16 35 -30
17 -50 -8
18 -32 11
19 -26 6
20 -28 -50
21 -1 49
22 -16 35
23 4 -9
24 25 19
25 -9 -41
26 -9 45
27 -36 29
28 -7 -10
29 -27 -21
30 -8 -35
31 -16 -43
32 -34 0
33 38 31
34 -45 3
35 46 -2
36 -12 -19
37 -47 50
38 -8 42
39 -29 -3
40 -8 -47
41 -22 -27
42 4 -15
43 -29 -34
44 -1 -43
45 -5 13
46 47 -33
47 42 47
48 -1 -48
49 -18 -50
50 -49 20
51 -27 29
52 25 -47
53 -44 -18
54 -14 -42
55 -49 -6
56 -7 9
57 32 -19
58 -20 19
59 -45 -11
60 50 -25
61 -49 -36
62 2 20
63 22 -10
64 -23 46
65 38 -30
66 39 -17
67 16 33
68 -31 -41
69 -46 -6
70 42 -1
71 27 -22
72 -37 36
73 2 -7
74 23 13
75 -26 0
76 -10 17
77 16 -29
78 -2 4
79 -11 45
80 19 -35
81 -38 40
82 13 30
83 -20 34
84 -15 -13
85 28 49
86 -19 -3
87 -41 -4
88 40 -41
89 19 -10
90 -17 -45
91 -34 39
92 -46 3
93 -44 10
94 1 40
95 31 -24
96 -6 15
97 -26 -38
98 -13 26
99 -48 -48
100 35 -3
101 32 -5
DEMAND_SECTION
1 0
2 48
3 23
4 35
5 46
6 35
7 47
8 36
9 37
10 36
11 30
12 34
13 32
14 45
15 44
16 23
17 24
18 19
19 41
20 20
21 46
22 35
23 24
24 36
25 47
26 13
27 44
28 21
29 43
30 31
31 40
32 40
33 29
34 37
35 21
36 16
37 32
38 24
39 13
40 21
41 42
42 41
43 20
44 48
45 27
46 21
47 21
48 19
49 48
50 15
51 27
52 16
53 20
54 17
55 21
56 20
57 37
58 46
59 27
60 12
61 40
62 13
63 36
64 43
65 15
66 31
67 13
68 19
69 32
70 28
71 47
72 27
73 16
74 35
75 22
76 22
77 30
78 27
79 24
80 15
81 14
82 29
83 18
84 35
85 32
86 43
87 32
88 24
89 42
90 32
91 41
92 25
93 34
94 39
95 25
96 16
97 40
98 42
99 43
100 29
101 35
DEPOT_SECTION
1
-1
EOF