NAME: p03_13_NORMALIZED
BEST_KNOWN: 0
COMMENT: 0
DIMENSION: 101
CAPACITY: 100
EDGE_WEIGHT_FORMAT: FUNCTION
EDGE_WEIGHT_TYPE: EXACT_2D
NODE_COORD_SECTION
1 0 0
2 2 12
3 -43 39
4 39 -3
5 -12 -9
6 -27 6
7 44 4
8 17 -9
9 24 -47
10 7 7
11 -29 -35
12 -9 -3
13 8 46
14 -27 49
15 43 -30
16 -44 5
17 -29 -46
18 -45 33
19 -35 48
20 9 -4
21 10 -4
22 -41 -47
23 -32 22
24 41 -5
25 -40 33
26 -2 -8
27 26 -34
28 36 24
29 -8 4
30 2 44
31 -23 -23
32 14 -19
33 10 16
34 13 2
35 34 35
36 -15 49
37 -49 1
38 -42 -15
39 -46 -2
40 -9 3
41 -14 -11
42 -23 -9
43 -26 -22
44 -20 50
45 -9 -44
46 -25 -17
47 12 9
48 -27 4
49 -10 -7
50 27 -10
51 14 -43
52 48 12
53 -48 25
54 11 25
55 41 -15
56 39 1
57 22 12
58 30 29
59 27 -39
60 11 -43
61 -9 49
62 26 -47
63 26 14
64 16 16
65 -15 30
66 3 40
67 -30 31
68 44 15
69 -35 9
70 -48 -16
71 7 -2
72 -6 1
73 -14 0
74 8 38
75 5 45
76 15 -16
77 45 -43
78 -18 -23
79 -44 42
80 23 8
81 -20 26
82 7 38
83 37 -49
84 38 9
85 -41 -14
86 21 -30
87 -17 -9
88 -37 -28
89 -33 32
90 20 -21
91 -50 35
92 -8 -32
93 -24 -23
94 10 40
95 2 -10
96 0 40
97 3 -47
98 2 -12
99 7 13
100 15 -40
101 -30 43
DEMAND_SECTION
1 0
2 15
3 40
4 47
5 28
6 40
7 24
8 47
9 37
10 14
11 34
12 36
13 34
14 35
15 31
16 46
17 45
18 37
19 12
20 38
21 26
22 15
23 43
24 15
25 25
26 42
27 31
28 24
29 46
30 43
31 23
32 40
33 49
34 29
35 19
36 22
37 33
38 41
39 25
40 30
41 28
42 35
43 47
44 26
45 28
46 22
47 25
48 28
49 42
50 18
51 33
52 13
53 34
54 13
55 36
56 40
57 22
58 18
59 33
60 44
61 46
62 30
63 42
64 28
65 44
66 37
67 49
68 26
69 23
70 22
71 23
72 25
73 17
74 34
75 13
76 39
77 39
78 26
79 32
80 36
81 34
82 44
83 43
84 23
85 16
86 33
87 40
88 16
89 19
90 36
91 12
92 31
93 27
94 22
95 16
96 25
97 35
98 37
99 40
100 45
101 17
DEPOT_SECTION
1
-1
EOF