NAME: p03_23_NORMALIZED
BEST_KNOWN: 0
COMMENT: 0
DIMENSION: 101
CAPACITY: 100
EDGE_WEIGHT_FORMAT: FUNCTION
EDGE_WEIGHT_TYPE: EXACT_2D
NODE_COORD_SECTION
1 0 0
2 -45 5
3 -10 -15
4 46 48
5 -43 30
6 -20 -43
7 18 -34
8 41 47
9 35 32
10 5 23
11 -50 14
12 -50 50
13 -4 48
14 -5 -34
15 -19 -48
16 20 -1
17 -11 -49
18 -50 -3
19 25 -22
20 45 -46
21 -48 -29
22 20 -46
23 -46 24
24 -1 10
25 -21 42
26 -17 -25
27 -17 8
28 -28 21
29 36 7
30 3 -19
31 8 -48
32 28 -40
33 22 11
34 -10 12
35 -33 21
36 16 48
37 -12 -20
38 -41 47
39 -44 -46
40 2 19
41 37 -3
42 21 -49
43 -28 19
44 16 -28
45 -5 -13
46 -48 -3
47 -41 17
48 -47 42
49 -37 1
50 -39 -43
51 -24 -9
52 32 -8
53 5 -28
54 25 17
55 48 10
56 20 1
57 7 21
58 47 -23
59 15 -6
60 41 -26
61 -4 -33
62 30 -4
63 31 -38
64 -26 -31
65 -33 15
66 -50 49
67 -23 39
68 16 -11
69 -47 -43
70 30 -17
71 15 39
72 4 21
73 8 36
74 1 -24
75 45 -7
76 20 1
77 34 12
78 30 -4
79 8 34
80 -33 35
81 -41 -20
82 -41 7
83 -49 6
84 1 48
85 22 37
86 -43 16
87 49 14
88 -26 4
89 -23 31
90 6 34
91 10 -5
92 -36 1
93 -13 33
94 35 29
95 -9 -12
96 13 41
97 -49 -8
98 3 -18
99 -26 -45
100 1 -14
101 -28 -44
DEMAND_SECTION
1 0
2 22
3 49
4 30
5 24
6 13
7 31
8 31
9 26
10 43
11 13
12 49
13 26
14 12
15 38
16 13
17 31
18 44
19 25
20 38
21 43
22 47
23 29
24 28
25 13
26 37
27 20
28 45
29 41
30 47
31 42
32 46
33 36
34 26
35 26
36 31
37 46
38 48
39 49
40 35
41 15
42 44
43 37
44 25
45 48
46 30
47 30
48 28
49 20
50 50
51 37
52 42
53 15
54 31
55 34
56 29
57 35
58 18
59 41
60 32
61 43
62 49
63 17
64 31
65 15
66 12
67 16
68 21
69 48
70 44
71 23
72 26
73 31
74 14
75 36
76 33
77 30
78 13
79 16
80 34
81 29
82 27
83 49
84 46
85 23
86 15
87 48
88 15
89 28
90 16
91 45
92 43
93 27
94 26
95 39
96 36
97 30
98 39
99 20
100 37
101 33
DEPOT_SECTION
1
-1
EOF