NAME: p03_2_NORMALIZED
BEST_KNOWN: 0
COMMENT: 0
DIMENSION: 101
CAPACITY: 100
EDGE_WEIGHT_FORMAT: FUNCTION
EDGE_WEIGHT_TYPE: EXACT_2D
NODE_COORD_SECTION
1 0 0
2 22 11
3 37 -1
4 -30 -4
5 -38 -2
6 42 48
7 -13 0
8 23 -28
9 38 -41
10 -25 21
11 -37 -47
12 40 -22
13 21 -35
14 -48 -7
15 -5 -7
16 50 -24
17 5 -50
18 20 -9
19 13 -33
20 -2 34
21 -15 -39
22 -48 -22
23 -42 -14
24 19 -2
25 0 -5
26 10 44
27 1 27
28 -12 42
29 20 -50
30 -48 10
31 -13 37
32 -41 -10
33 -50 -37
34 22 -16
35 13 -37
36 7 -37
37 -38 -41
38 38 -21
39 -47 -26
40 24 -3
41 14 9
42 31 16
43 1 -15
44 32 -38
45 21 -22
46 43 19
47 -11 -2
48 28 35
49 -27 13
50 0 -44
51 33 -8
52 37 18
53 21 14
54 38 21
55 -44 44
56 -12 -4
57 -15 -48
58 -44 -7
59 46 -11
60 -19 -47
61 -45 50
62 -6 46
63 -28 39
64 10 7
65 30 -8
66 -49 -20
67 -28 24
68 13 19
69 -41 21
70 28 -50
71 17 45
72 28 -8
73 5 -28
74 -35 27
75 -39 -28
76 -41 31
77 -6 21
78 44 35
79 -26 7
80 -25 42
81 -6 2
82 44 38
83 38 12
84 -35 9
85 -41 47
86 -28 2
87 -44 -47
88 9 -35
89 19 11
90 41 35
91 -4 -13
92 49 -40
93 19 2
94 50 7
95 -11 -26
96 13 19
97 19 -4
98 -47 33
99 47 27
100 -24 46
101 14 29
DEMAND_SECTION
1 0
2 13
3 33
4 24
5 31
6 40
7 29
8 21
9 23
10 43
11 27
12 34
13 32
14 28
15 37
16 39
17 32
18 14
19 16
20 41
21 12
22 25
23 39
24 19
25 29
26 40
27 50
28 31
29 37
30 31
31 26
32 17
33 33
34 39
35 28
36 13
37 16
38 38
39 21
40 12
41 45
42 13
43 44
44 18
45 22
46 36
47 44
48 41
49 49
50 46
51 42
52 47
53 35
54 39
55 18
56 35
57 17
58 47
59 36
60 31
61 34
62 37
63 17
64 30
65 27
66 25
67 15
68 28
69 32
70 25
71 47
72 16
73 34
74 40
75 38
76 43
77 39
78 30
79 19
80 43
81 30
82 47
83 29
84 23
85 32
86 49
87 41
88 32
89 34
90 48
91 39
92 21
93 30
94 47
95 15
96 25
97 34
98 26
99 21
100 39
101 37
DEPOT_SECTION
1
-1
EOF