NAME: p03_6_NORMALIZED
BEST_KNOWN: 0
COMMENT: 0
DIMENSION: 101
CAPACITY: 100
EDGE_WEIGHT_FORMAT: FUNCTION
EDGE_WEIGHT_TYPE: EXACT_2D
NODE_COORD_SECTION
1 0 0
2 -13 -16
3 11 1
4 43 31
5 50 -22
6 42 -42
7 35 3
8 12 43
9 24 -20
10 33 3
11 23 8
12 -40 13
13 18 -40
14 -15 45
15 -24 -48
16 12 20
17 -38 23
18 -22 45
19 -21 28
20 11 -16
21 3 14
22 -23 26
23 3 -14
24 28 -5
25 -41 22
26 -38 -48
27 28 -18
28 -18 -31
29 23 11
30 -8 37
31 -12 7
32 -45 -21
33 -24 19
34 -35 -34
35 1 -35
36 -27 23
37 18 20
38 23 32
39 -43 40
40 11 22
41 -42 10
42 29 -38
43 12 1
44 -44 -20
45 -49 0
46 42 -29
47 -44 12
48 -34 49
49 -4 33
50 40 35
51 -6 29
52 50 15
53 -33 4
54 43 42
55 34 22
56 -21 -40
57 28 4
58 -26 5
59 17 28
60 -19 -31
61 -46 32
62 -35 41
63 8 -15
64 22 -32
65 -24 -1
66 -25 29
67 19 -25
68 35 0
69 -19 6
70 47 -15
71 25 -33
72 17 -30
73 -46 -2
74 -6 36
75 40 5
76 -8 -3
77 23 33
78 -2 6
79 -32 19
80 2 -43
81 7 -50
82 12 -3
83 50 -1
84 -32 -33
85 27 4
86 22 39
87 44 -10
88 -47 24
89 10 -42
90 -42 39
91 -4 -29
92 0 24
93 -22 -46
94 -14 -4
95 -37 36
96 37 -50
97 29 -23
98 -29 -19
99 14 -9
100 -16 39
101 -40 37
DEMAND_SECTION
1 0
2 44
3 37
4 16
5 25
6 23
7 32
8 27
9 48
10 34
11 25
12 27
13 14
14 41
15 42
16 29
17 21
18 31
19 44
20 23
21 33
22 30
23 50
24 32
25 30
26 17
27 37
28 43
29 14
30 49
31 37
32 26
33 35
34 20
35 30
36 38
37 33
38 21
39 28
40 23
41 35
42 15
43 13
44 42
45 41
46 42
47 17
48 25
49 23
50 24
51 29
52 32
53 16
54 36
55 29
56 47
57 18
58 37
59 33
60 25
61 43
62 45
63 41
64 35
65 24
66 38
67 23
68 25
69 49
70 46
71 19
72 26
73 16
74 19
75 32
76 41
77 40
78 35
79 25
80 43
81 32
82 28
83 39
84 17
85 49
86 30
87 39
88 12
89 17
90 27
91 32
92 33
93 14
94 48
95 17
96 37
97 29
98 18
99 41
100 41
101 24
DEPOT_SECTION
1
-1
EOF