NAME: p03_9_NORMALIZED
BEST_KNOWN: 0
COMMENT: 0
DIMENSION: 101
CAPACITY: 100
EDGE_WEIGHT_FORMAT: FUNCTION
EDGE_WEIGHT_TYPE: EXACT_2D
NODE_COORD_SECTION
1 0 0
2 39 17
3 31 -3
4 27 48
5 30 46
6 -44 24
7 -1 10
8 14 24
9 -32 24
10 -37 -5
11 30 -18
12 22 -43
13 36 -19
14 43 32
15 -17 -50
16 -10 -15
17 -23 -30
18 -49 -30
19 -25 13
20 -33 28
21 41 -41
22 45 -5
23 2 -47
24 -7 12
25 47 29
26 35 -12
27 -12 31
28 -9 38
29 -40 -19
30 36 7
31 -18 -43
32 36 10
33 14 -20
34 -45 4
35 38 -46
36 36 8
37 -12 41
38 -39 -45
39 -14 22
40 20 14
41 13 15
42 38 0
43 4 7
44 -49 -46
45 -28 36
46 22 27
47 -20 4
48 24 -22
49 18 -37
50 -25 32
51 0 44
52 41 -25
53 24 25
54 -25 44
55 14 12
56 -3 16
57 -19 37
58 -22 25
59 -21 -24
60 41 31
61 -29 16
62 -21 36
63 -15 40
64 -12 15
65 -3 -1
66 42 37
67 -32 17
68 48 -15
69 -7 5
70 4 4
71 38 49
72 -36 33
73 -40 -7
74 11 -48
75 -44 -3
76 -10 10
77 17 14
78 -6 -27
79 -23 15
80 12 -16
81 44 18
82 39 -2
83 9 50
84 48 43
85 41 -27
86 18 -3
87 -36 25
88 16 46
89 16 13
90 17 19
91 -21 -5
92 30 -35
93 49 -39
94 -33 -15
95 -44 45
96 -44 -37
97 9 -14
98 45 26
99 8 -27
100 -41 -4
101 -48 -39
DEMAND_SECTION
1 0
2 47
3 34
4 46
5 15
6 46
7 22
8 30
9 28
10 16
11 22
12 43
13 16
14 20
15 32
16 33
17 21
18 13
19 32
20 31
21 12
22 22
23 21
24 30
25 17
26 30
27 16
28 48
29 24
30 43
31 43
32 12
33 12
34 47
35 19
36 39
37 35
38 31
39 24
40 24
41 35
42 16
43 47
44 43
45 36
46 30
47 27
48 26
49 39
50 27
51 42
52 31
53 40
54 50
55 20
56 43
57 17
58 15
59 39
60 21
61 17
62 43
63 21
64 33
65 14
66 21
67 26
68 21
69 14
70 32
71 38
72 27
73 24
74 43
75 48
76 35
77 41
78 18
79 43
80 34
81 40
82 39
83 37
84 21
85 49
86 14
87 28
88 28
89 28
90 47
91 35
92 26
93 20
94 28
95 29
96 39
97 25
98 27
99 16
100 13
101 47
DEPOT_SECTION
1
-1
EOF