NAME: p03_20_NORMALIZED
BEST_KNOWN: 0
COMMENT: 0
DIMENSION: 101
CAPACITY: 100
EDGE_WEIGHT_FORMAT: FUNCTION
EDGE_WEIGHT_TYPE: EXACT_2D
NODE_COORD_SECTION
1 0 0
2 25 -41
3 -29 9
4 27 10
5 50 -32
6 22 -1
7 14 8
8 36 32
9 -36 13
10 -43 23
11 45 2
12 -38 -21
13 6 46
14 -24 -10
15 -3 -23
16 -5 10
17 -27 27
18 40 -39
19 -24 14
20 -1 28
21 -4 15
22 0 -9
23 2 -10
24 15 -37
25 -18 22
26 23 4
27 39 12
28 33 30
29 1 48
30 12 -4
31 -10 -20
32 -3 5
33 -26 -32
34 22 -49
35 -40 8
36 50 10
37 -17 -25
38 -15 -20
39 48 -20
40 15 -4
41 28 22
42 -12 31
43 -48 37
44 1 -3
45 -10 -27
46 -6 -43
47 36 2
48 4 -49
49 -47 -42
50 6 14
51 42 35
52 37 -28
53 17 45
54 1 -44
55 50 1
56 -24 -23
57 -37 13
58 23 -39
59 48 -35
60 -41 50
61 -23 3
62 37 -7
63 -1 34
64 -44 -27
65 -33 20
66 50 -3
67 5 -15
68 -39 15
69 -31 -23
70 10 -46
71 29 -21
72 20 -50
73 35 41
74 2 -15
75 -10 -16
76 45 -31
77 24 -15
78 -33 38
79 37 15
80 -3 44
81 -19 2
82 -40 37
83 -21 -33
84 4 40
85 8 -41
86 36 33
87 -27 -20
88 -15 23
89 49 -28
90 16 37
91 34 47
92 -34 16
93 16 -9
94 -47 39
95 33 5
96 -28 40
97 19 -15
98 20 -23
99 39 43
100 31 9
101 26 26
DEMAND_SECTION
1 0
2 37
3 41
4 26
5 28
6 37
7 21
8 42
9 24
10 46
11 15
12 48
13 38
14 17
15 44
16 41
17 21
18 46
19 16
20 35
21 46
22 35
23 35
24 23
25 49
26 41
27 44
28 15
29 45
30 25
31 14
32 32
33 42
34 29
35 18
36 28
37 41
38 32
39 33
40 40
41 38
42 17
43 49
44 27
45 37
46 14
47 14
48 49
49 46
50 49
51 13
52 36
53 38
54 28
55 12
56 46
57 46
58 13
59 36
60 43
61 39
62 27
63 44
64 42
65 20
66 24
67 40
68 49
69 27
70 35
71 27
72 46
73 34
74 30
75 45
76 25
77 32
78 15
79 14
80 17
81 19
82 39
83 26
84 45
85 24
86 38
87 15
88 13
89 48
90 22
91 41
92 33
93 31
94 50
95 19
96 29
97 28
98 46
99 34
100 25
101 15
DEPOT_SECTION
1
-1
EOF