NAME: p03_11_NORMALIZED
BEST_KNOWN: 0
COMMENT: 0
DIMENSION: 101
CAPACITY: 100
EDGE_WEIGHT_FORMAT: FUNCTION
EDGE_WEIGHT_TYPE: EXACT_2D
NODE_COORD_SECTION
1 0 0
2 -15 21
3 14 -18
4 44 42
5 -50 -7
6 -45 7
7 28 -25
8 14 36
9 -29 49
10 -21 25
11 0 -19
12 24 -39
13 -14 -37
14 2 42
15 11 4
16 43 -49
17 38 -35
18 48 16
19 -20 27
20 38 -45
21 -31 31
22 -32 -36
23 -31 -31
24 36 -39
25 44 29
26 -33 40
27 42 -20
28 -42 21
29 -24 43
30 39 39
31 -22 18
32 -29 -23
33 -43 -9
34 -8 -50
35 25 -19
36 -23 43
37 16 47
38 14 22
39 -18 43
40 -1 -31
41 -21 25
42 24 17
43 29 -45
44 -39 -24
45 30 25
46 10 -34
47 37 34
48 30 19
49 9 42
50 31 -37
51 -42 -3
52 48 -26
53 -3 27
54 20 -5
55 39 -4
56 -23 32
57 6 10
58 24 42
59 -24 -11
60 22 -28
61 -23 -47
62 -47 -32
63 -37 -31
64 30 39
65 24 37
66 -48 46
67 16 -14
68 28 -5
69 -43 -5
70 37 35
71 -10 -22
72 20 -11
73 -38 -48
74 17 -27
75 -10 -36
76 5 -11
77 -43 -35
78 -8 48
79 4 -10
80 -38 -30
81 -30 47
82 20 18
83 11 25
84 -50 18
85 -47 -47
86 14 -41
87 15 -6
88 -14 9
89 -36 21
90 -7 11
91 43 34
92 40 -17
93 -4 44
94 31 -43
95 22 -39
96 -19 -31
97 -35 -29
98 -11 42
99 -34 -11
100 -29 -37
101 28 40
DEMAND_SECTION
1 0
2 15
3 22
4 44
5 22
6 44
7 43
8 19
9 41
10 37
11 24
12 41
13 43
14 36
15 45
16 44
17 28
18 37
19 25
20 38
21 42
22 16
23 32
24 48
25 35
26 21
27 23
28 20
29 41
30 41
31 32
32 15
33 43
34 21
35 33
36 43
37 32
38 34
39 44
40 44
41 50
42 41
43 30
44 42
45 49
46 17
47 48
48 41
49 21
50 45
51 28
52 32
53 39
54 45
55 21
56 35
57 25
58 46
59 36
60 39
61 48
62 50
63 41
64 33
65 38
66 35
67 40
68 38
69 16
70 27
71 29
72 46
73 46
74 16
75 34
76 38
77 34
78 13
79 32
80 32
81 42
82 45
83 45
84 22
85 25
86 26
87 37
88 38
89 13
90 16
91 39
92 36
93 18
94 41
95 39
96 44
97 20
98 40
99 38
100 43
101 34
DEPOT_SECTION
1
-1
EOF