NAME: p03_19_NORMALIZED
BEST_KNOWN: 0
COMMENT: 0
DIMENSION: 101
CAPACITY: 100
EDGE_WEIGHT_FORMAT: FUNCTION
EDGE_WEIGHT_TYPE: EXACT_2D
NODE_COORD_SECTION
1 0 0
2 -2 -37
3 49 -46
4 47 -29
5 -5 -16
6 -14 31
7 37 -47
8 -38 39
9 -44 35
10 1 -46
11 33 37
12 -6 -23
13 26 -20
14 8 -42
15 14 -39
16 -45 -28
17 -22 42
18 -20 -29
19 -11 -12
20 17 29
21 -35 -26
22 20 -30
23 19 28
24 37 -4
25 14 -31
26 -23 33
27 3 -22
28 -11 35
29 21 2
30 -2 -7
31 -36 -27
32 28 -46
33 23 12
34 -7 -16
35 -33 35
36 -11 -10
37 -19 3
38 -26 -10
39 2 -8
40 22 43
41 -5 -28
42 -19 9
43 -43 19
44 -9 42
45 14 35
46 -21 17
47 30 3
48 -49 9
49 -5 9
50 -44 -34
51 -6 18
52 -22 -11
53 34 -6
54 7 -3
55 -25 -24
56 41 46
57 -50 39
58 23 -9
59 -5 -44
60 -37 13
61 25 14
62 -10 -29
63 -22 21
64 -41 22
65 -19 -2
66 18 46
67 43 15
68 31 5
69 -12 21
70 -33 -35
71 -15 40
72 20 10
73 -30 17
74 -42 -44
75 -6 -28
76 20 30
77 -48 41
78 -23 7
79 -4 -9
80 -10 23
81 7 -10
82 -36 -32
83 -24 47
84 20 7
85 -19 -23
86 22 -49
87 -18 -25
88 30 34
89 -18 14
90 27 2
91 39 30
92 19 -5
93 -2 49
94 -11 -5
95 4 -48
96 38 -50
97 -33 37
98 3 -15
99 8 13
100 -36 -5
101 19 -47
DEMAND_SECTION
1 0
2 45
3 34
4 14
5 33
6 14
7 27
8 47
9 21
10 39
11 24
12 42
13 48
14 45
15 30
16 19
17 45
18 38
19 17
20 27
21 39
22 18
23 26
24 17
25 34
26 32
27 39
28 28
29 42
30 25
31 41
32 21
33 31
34 31
35 24
36 35
37 13
38 24
39 26
40 32
41 20
42 23
43 21
44 20
45 22
46 42
47 13
48 45
49 48
50 25
51 44
52 49
53 16
54 22
55 42
56 39
57 38
58 49
59 23
60 14
61 32
62 26
63 46
64 48
65 49
66 36
67 29
68 28
69 36
70 44
71 42
72 45
73 40
74 46
75 43
76 14
77 33
78 31
79 30
80 18
81 25
82 22
83 32
84 23
85 37
86 40
87 33
88 33
89 39
90 21
91 19
92 19
93 45
94 30
95 50
96 34
97 42
98 16
99 15
100 36
101 44
DEPOT_SECTION
1
-1
EOF