NAME: p03_3_NORMALIZED
BEST_KNOWN: 0
COMMENT: 0
DIMENSION: 101
CAPACITY: 100
EDGE_WEIGHT_FORMAT: FUNCTION
EDGE_WEIGHT_TYPE: EXACT_2D
NODE_COORD_SECTION
1 0 0
2 49 -24
3 -23 41
4 48 -24
5 -38 -31
6 -36 -2
7 -21 -1
8 32 6
9 10 5
10 -49 -18
11 28 13
12 48 -22
13 43 32
14 -2 -38
15 32 -49
16 41 -26
17 -29 14
18 2 -47
19 -11 8
20 -5 15
21 -3 -9
22 15 46
23 -44 28
24 -22 15
25 47 14
26 2 -46
27 -4 26
28 29 -35
29 42 41
30 -5 -12
31 19 11
32 27 -11
33 -48 -22
34 -19 -22
35 -41 -18
36 19 15
37 -30 -4
38 -26 49
39 -45 35
40 -48 4
41 -34 -39
42 -13 -47
43 -17 32
44 21 -32
45 22 16
46 23 29
47 10 -47
48 -47 -18
49 18 39
50 -20 -50
51 3 13
52 -44 -25
53 45 49
54 -1 -27
55 -6 33
56 -10 17
57 14 34
58 7 -2
59 -26 29
60 26 -47
61 -32 37
62 -4 -42
63 -27 28
64 26 47
65 -27 0
66 -2 -11
67 -48 -46
68 -41 22
69 -4 -49
70 -27 30
71 26 -29
72 -6 -26
73 -44 -24
74 21 -19
75 43 -6
76 -11 16
77 -37 -35
78 -6 -36
79 46 -33
80 -13 -28
81 0 -20
82 -8 1
83 -9 36
84 -18 12
85 -3 -7
86 -3 6
87 -28 -29
88 22 -10
89 -22 -32
90 -36 -25
91 44 -3
92 4 -27
93 -15 45
94 37 -2
95 23 28
96 -36 -16
97 -19 -25
98 15 5
99 -44 -21
100 -39 35
101 -13 -22
DEMAND_SECTION
1 0
2 24
3 48
4 47
5 41
6 24
7 29
8 13
9 27
10 18
11 41
12 46
13 22
14 40
15 21
16 28
17 46
18 29
19 32
20 31
21 32
22 50
23 38
24 20
25 42
26 15
27 47
28 35
29 29
30 13
31 42
32 44
33 45
34 47
35 24
36 30
37 44
38 35
39 26
40 29
41 41
42 27
43 49
44 31
45 20
46 15
47 38
48 33
49 17
50 29
51 15
52 48
53 14
54 38
55 47
56 44
57 30
58 12
59 32
60 30
61 50
62 32
63 16
64 34
65 15
66 47
67 40
68 45
69 46
70 19
71 38
72 19
73 44
74 42
75 37
76 47
77 26
78 25
79 16
80 25
81 15
82 47
83 47
84 41
85 26
86 33
87 39
88 36
89 14
90 21
91 27
92 46
93 49
94 44
95 49
96 45
97 48
98 25
99 39
100 31
101 39
DEPOT_SECTION
1
-1
EOF