NAME: p03_8_NORMALIZED
BEST_KNOWN: 0
COMMENT: 0
DIMENSION: 101
CAPACITY: 100
EDGE_WEIGHT_FORMAT: FUNCTION
EDGE_WEIGHT_TYPE: EXACT_2D
NODE_COORD_SECTION
1 0 0
2 -13 -41
3 10 44
4 5 -38
5 -17 -9
6 20 -38
7 43 20
8 -18 14
9 38 -16
10 -21 41
11 -1 -23
12 7 36
13 20 7
14 -1 30
15 15 -8
16 35 -4
17 -10 -39
18 -29 -22
19 -22 -10
20 37 -19
21 -13 33
22 48 39
23 -34 -3
24 -14 29
25 -36 30
26 34 7
27 -38 41
28 -33 34
29 6 -50
30 -4 1
31 -43 50
32 2 2
33 -15 23
34 -46 -37
35 30 44
36 14 23
37 36 -16
38 32 -23
39 -25 13
40 40 -22
41 -42 34
42 39 9
43 -23 -13
44 -46 10
45 -23 23
46 -17 -27
47 -21 -30
48 50 17
49 -31 -15
50 33 -14
51 -10 -43
52 -44 -47
53 -9 31
54 29 -6
55 38 -31
56 22 0
57 16 40
58 -31 18
59 -20 -28
60 -27 -27
61 -40 -21
62 -49 -39
63 13 20
64 5 2
65 -46 -44
66 -19 39
67 19 -1
68 34 -45
69 42 42
70 42 33
71 -28 18
72 37 -10
73 22 -45
74 -22 -37
75 36 -46
76 -12 -12
77 -25 -40
78 -49 -27
79 25 -24
80 32 28
81 36 10
82 -3 41
83 27 37
84 -15 10
85 26 -50
86 -19 20
87 -26 17
88 -24 -8
89 -17 28
90 21 26
91 -25 -8
92 39 24
93 7 31
94 1 9
95 16 8
96 29 49
97 37 33
98 -43 -1
99 -40 -25
100 -29 31
101 -19 -16
DEMAND_SECTION
1 0
2 19
3 33
4 31
5 41
6 46
7 39
8 14
9 15
10 34
11 17
12 22
13 22
14 19
15 24
16 15
17 21
18 43
19 33
20 28
21 15
22 30
23 19
24 39
25 44
26 15
27 37
28 28
29 28
30 46
31 21
32 17
33 43
34 27
35 29
36 41
37 18
38 13
39 48
40 25
41 28
42 21
43 17
44 13
45 38
46 20
47 42
48 22
49 16
50 36
51 43
52 21
53 26
54 45
55 22
56 16
57 47
58 26
59 19
60 44
61 42
62 30
63 28
64 35
65 18
66 21
67 13
68 34
69 24
70 44
71 44
72 44
73 43
74 22
75 13
76 28
77 44
78 27
79 27
80 30
81 29
82 24
83 29
84 13
85 42
86 28
87 15
88 44
89 17
90 50
91 42
92 17
93 25
94 37
95 26
96 26
97 17
98 44
99 33
100 47
101 44
DEPOT_SECTION
1
-1
EOF