NAME: p03_15_NORMALIZED
BEST_KNOWN: 0
COMMENT: 0
DIMENSION: 101
CAPACITY: 100
EDGE_WEIGHT_FORMAT: FUNCTION
EDGE_WEIGHT_TYPE: EXACT_2D
NODE_COORD_SECTION
1 0 0
2 -50 44
3 -42 7
4 -5 2
5 -27 -35
6 -30 -24
7 -46 28
8 40 23
9 28 -26
10 -44 -41
11 -30 14
12 8 -29
13 17 23
14 10 14
15 34 -42
16 13 1
17 -41 2
18 -31 -5
19 37 18
20 40 -27
21 -14 7
22 -4 -42
23 26 -11
24 -14 -41
25 -37 -26
26 47 26
27 25 -36
28 -48 -29
29 -28 1
30 -16 -17
31 35 -42
32 18 -30
33 10 37
34 48 11
35 -40 36
36 12 -34
37 -37 -4
38 -15 -1
39 5 -17
40 41 -27
41 -35 33
42 50 6
43 -34 22
44 1 19
45 8 -39
46 34 11
47 27 19
48 25 2
49 -45 34
50 40 -4
51 -16 -16
52 -39 22
53 44 18
54 -45 -32
55 17 -20
56 -17 31
57 15 36
58 9 34
59 33 -5
60 -10 36
61 11 7
62 13 31
63 19 -14
64 -26 5
65 16 -7
66 15 -7
67 9 14
68 -37 43
69 -1 -9
70 8 -11
71 -45 19
72 38 11
73 21 -29
74 -50 -38
75 45 26
76 30 -29
77 27 11
78 -7 45
79 -17 -38
80 24 -1
81 -42 -20
82 -15 -44
83 38 -4
84 3 0
85 2 -40
86 -12 -13
87 44 20
88 -15 36
89 40 -28
90 16 14
91 -2 39
92 24 -37
93 -33 -7
94 -39 15
95 -50 -1
96 44 -12
97 -5 21
98 -23 -17
99 49 -41
100 -29 -19
101 -5 0
DEMAND_SECTION
1 0
2 45
3 19
4 28
5 50
6 27
7 34
8 50
9 48
10 38
11 28
12 44
13 46
14 40
15 46
16 16
17 44
18 38
19 45
20 23
21 50
22 33
23 17
24 38
25 48
26 26
27 12
28 13
29 24
30 41
31 28
32 17
33 16
34 35
35 19
36 20
37 30
38 35
39 15
40 23
41 23
42 24
43 21
44 26
45 32
46 42
47 33
48 12
49 44
50 28
51 40
52 27
53 49
54 30
55 27
56 16
57 20
58 49
59 15
60 38
61 42
62 46
63 15
64 37
65 28
66 20
67 31
68 18
69 40
70 30
71 40
72 37
73 18
74 47
75 15
76 42
77 13
78 47
79 16
80 15
81 31
82 47
83 13
84 42
85 21
86 31
87 39
88 49
89 22
90 35
91 33
92 22
93 29
94 43
95 23
96 25
97 25
98 30
99 22
100 48
101 16
DEPOT_SECTION
1
-1
EOF