NAME: p03_16_NORMALIZED
BEST_KNOWN: 0
COMMENT: 0
DIMENSION: 101
CAPACITY: 100
EDGE_WEIGHT_FORMAT: FUNCTION
EDGE_WEIGHT_TYPE: EXACT_2D
NODE_COORD_SECTION
1 0 0
2 -7 15
3 -36 33
4 -33 -39
5 -2 11
6 42 -24
7 -19 32
8 13 -40
9 33 -15
10 -17 -1
11 -16 12
12 -21 21
13 -50 -12
14 13 44
15 -34 -46
16 -33 17
17 -1 11
18 20 -33
19 -10 -9
20 -3 -9
21 -22 -12
22 -17 38
23 14 -5
24 15 6
25 32 -7
26 31 2
27 -10 -43
28 -49 -36
29 -17 46
30 26 -37
31 -20 1
32 43 -15
33 -31 37
34 32 -21
35 1 8
36 35 -42
37 3 9
38 21 28
39 -40 -15
40 35 -17
41 -15 -41
42 -26 7
43 3 31
44 -44 -14
45 49 -21
46 42 19
47 -35 5
48 49 25
49 1 19
50 -50 -16
51 -45 14
52 -16 -41
53 44 11
54 -39 -10
55 40 -38
56 38 -48
57 22 50
58 21 -29
59 -42 1
60 17 24
61 -25 -18
62 28 23
63 -10 45
64 9 -42
65 7 -33
66 1 32
67 -22 -33
68 -42 38
69 9 39
70 26 11
71 23 3
72 -4 -19
73 49 12
74 -15 27
75 -26 28
76 -6 -2
77 -30 31
78 39 -12
79 50 29
80 4 27
81 -31 -38
82 -25 32
83 -41 9
84 -28 -39
85 -25 14
86 3 39
87 -44 29
88 -16 6
89 15 16
90 -4 24
91 29 -19
92 -32 8
93 13 -43
94 -40 -3
95 -12 -49
96 -24 -13
97 -36 29
98 -38 -25
99 -48 -48
100 -36 -42
101 -24 -35
DEMAND_SECTION
1 0
2 23
3 36
4 20
5 19
6 39
7 38
8 44
9 48
10 43
11 34
12 13
13 38
14 19
15 37
16 30
17 46
18 39
19 43
20 48
21 15
22 35
23 43
24 23
25 14
26 30
27 50
28 49
29 33
30 47
31 39
32 17
33 14
34 36
35 50
36 47
37 12
38 28
39 22
40 41
41 38
42 37
43 15
44 23
45 42
46 28
47 13
48 15
49 24
50 48
51 29
52 42
53 41
54 46
55 40
56 12
57 36
58 32
59 30
60 30
61 23
62 46
63 25
64 50
65 21
66 47
67 29
68 34
69 47
70 20
71 48
72 49
73 18
74 29
75 16
76 24
77 25
78 42
79 35
80 22
81 39
82 49
83 29
84 43
85 13
86 48
87 39
88 24
89 14
90 37
91 18
92 41
93 41
94 33
95 20
96 39
97 43
98 43
99 25
100 39
101 39
DEPOT_SECTION
1
-1
EOF