NAME: p03_10_NORMALIZED
BEST_KNOWN: 0
COMMENT: 0
DIMENSION: 101
CAPACITY: 100
EDGE_WEIGHT_FORMAT: FUNCTION
EDGE_WEIGHT_TYPE: EXACT_2D
NODE_COORD_SECTION
1 0 0
2 -30 -10
3 -6 -46
4 -32 -22
5 50 -39
6 7 -18
7 -15 -5
8 27 -30
9 -6 -39
10 1 39
11 42 -47
12 -44 34
13 30 -28
14 45 -9
15 -38 -25
16 13 -3
17 -28 23
18 -7 21
19 -25 10
20 -42 -10
21 28 -18
22 12 -44
23 -41 6
24 -2 45
25 13 44
26 -19 -18
27 -42 -42
28 26 6
29 -37 15
30 42 21
31 -24 9
32 21 -47
33 19 -37
34 -19 -38
35 50 -41
36 -13 10
37 -22 -44
38 -42 19
39 -11 -8
40 -31 45
41 11 34
42 46 30
43 -35 -27
44 -48 3
45 43 -31
46 37 38
47 15 17
48 -36 24
49 -14 -22
50 23 -9
51 -34 46
52 27 35
53 38 -6
54 -23 -48
55 32 45
56 7 43
57 12 -6
58 17 8
59 -47 8
60 -36 -48
61 37 49
62 25 -42
63 -46 6
64 36 34
65 27 -7
66 -39 -5
67 35 8
68 14 34
69 1 25
70 -38 -5
71 -4 38
72 -1 -10
73 11 43
74 37 -48
75 12 -47
76 -35 18
77 46 -40
78 26 -18
79 49 13
80 -37 -36
81 39 -50
82 5 -20
83 48 50
84 0 21
85 30 8
86 -34 -11
87 12 36
88 -14 19
89 4 42
90 -41 -29
91 -11 34
92 -44 -11
93 -45 -31
94 49 12
95 -41 -11
96 19 23
97 -40 -46
98 32 -45
99 13 8
100 -5 44
101 -20 -38
DEMAND_SECTION
1 0
2 39
3 19
4 38
5 29
6 27
7 31
8 44
9 24
10 23
11 43
12 24
13 47
14 47
15 31
16 21
17 33
18 18
19 34
20 35
21 42
22 40
23 45
24 50
25 33
26 17
27 23
28 21
29 30
30 25
31 15
32 30
33 24
34 23
35 40
36 45
37 23
38 31
39 38
40 17
41 49
42 46
43 34
44 26
45 25
46 40
47 13
48 30
49 24
50 44
51 32
52 15
53 12
54 25
55 26
56 50
57 41
58 36
59 32
60 27
61 46
62 21
63 33
64 17
65 16
66 44
67 18
68 25
69 38
70 37
71 37
72 19
73 16
74 26
75 21
76 17
77 19
78 42
79 33
80 39
81 19
82 31
83 46
84 38
85 38
86 49
87 49
88 37
89 41
90 47
91 32
92 22
93 19
94 15
95 26
96 38
97 25
98 22
99 34
100 41
101 44
DEPOT_SECTION
1
-1
EOF