NAME: p03_22_NORMALIZED
BEST_KNOWN: 0
COMMENT: 0
DIMENSION: 101
CAPACITY: 100
EDGE_WEIGHT_FORMAT: FUNCTION
EDGE_WEIGHT_TYPE: EXACT_2D
NODE_COORD_SECTION
1 0 0
2 -24 -2
3 -50 -39
4 -35 38
5 -34 -32
6 16 26
7 6 -5
8 15 -38
9 48 9
10 -31 48
11 -5 -40
12 -5 6
13 -17 -32
14 46 -40
15 20 39
16 28 -50
17 -1 21
18 14 13
19 -37 7
20 27 16
21 -35 4
22 36 -29
23 34 41
24 16 -4
25 -39 20
26 18 20
27 11 44
28 44 -9
29 -4 34
30 -47 11
31 -4 36
32 3 24
33 41 27
34 -4 29
35 30 -39
36 -48 50
37 34 11
38 10 7
39 -14 -20
40 30 -15
41 45 12
42 44 43
43 4 -31
44 -31 -8
45 31 38
46 -13 -31
47 10 -46
48 -39 35
49 -42 0
50 45 36
51 11 -34
52 -14 -5
53 -42 8
54 35 26
55 -16 7
56 -34 -43
57 -44 18
58 -5 1
59 -4 -26
60 33 -12
61 28 16
62 -50 24
63 32 -30
64 -23 -32
65 -50 33
66 31 -24
67 10 -3
68 -33 35
69 50 4
70 -25 6
71 -28 -12
72 32 -22
73 -22 43
74 -47 49
75 33 46
76 18 46
77 44 35
78 28 -47
79 -43 16
80 -41 3
81 -19 -16
82 -6 50
83 -26 43
84 6 29
85 22 -5
86 -22 -25
87 10 17
88 -6 -7
89 37 -8
90 47 1
91 36 -4
92 -31 -44
93 8 28
94 -7 11
95 5 -25
96 -41 35
97 36 29
98 18 -30
99 28 -46
100 13 -13
101 -49 21
DEMAND_SECTION
1 0
2 48
3 32
4 34
5 43
6 44
7 41
8 22
9 21
10 21
11 37
12 36
13 17
14 17
15 25
16 13
17 35
18 35
19 43
20 28
21 29
22 27
23 23
24 25
25 49
26 42
27 47
28 37
29 32
30 28
31 39
32 29
33 19
34 17
35 25
36 30
37 28
38 50
39 41
40 16
41 14
42 18
43 20
44 31
45 20
46 47
47 47
48 25
49 40
50 13
51 40
52 36
53 19
54 26
55 46
56 47
57 17
58 38
59 12
60 16
61 50
62 26
63 50
64 16
65 12
66 15
67 42
68 31
69 25
70 16
71 22
72 26
73 35
74 47
75 43
76 42
77 19
78 20
79 38
80 38
81 37
82 31
83 24
84 29
85 41
86 26
87 42
88 34
89 34
90 43
91 48
92 23
93 13
94 25
95 26
96 38
97 27
98 21
99 23
100 24
101 48
DEPOT_SECTION
1
-1
EOF