NAME: p03_21_NORMALIZED
BEST_KNOWN: 0
COMMENT: 0
DIMENSION: 101
CAPACITY: 100
EDGE_WEIGHT_FORMAT: FUNCTION
EDGE_WEIGHT_TYPE: EXACT_2D
NODE_COORD_SECTION
1 0 0
2 21 -7
3 48 -18
4 44 9
5 -25 -47
6 48 5
7 -6 -47
8 -20 -2
9 -30 -8
10 14 -34
11 48 2
12 24 -15
13 -14 15
14 39 35
15 -9 -30
16 -49 16
17 -11 48
18 29 -44
19 18 47
20 5 -41
21 17 14
22 20 24
23 3 46
24 -47 -18
25 2 -45
26 -1 -26
27 26 46
28 38 -2
29 -33 40
30 38 37
31 10 1
32 2 39
33 6 35
34 49 43
35 -7 -10
36 -36 -7
37 -5 40
38 -16 -37
39 49 20
40 -45 -26
41 -34 18
42 -44 20
43 -42 2
44 -46 -25
45 -11 -1
46 35 -24
47 -42 -26
48 -46 -21
49 1 -8
50 -29 36
51 44 19
52 9 0
53 7 38
54 -8 -43
55 47 -3
56 19 28
57 -19 3
58 -50 -21
59 -3 -29
60 50 -8
61 12 -28
62 1 -41
63 44 -8
64 34 -42
65 -48 -30
66 -16 -25
67 41 31
68 26 25
69 -7 8
70 -46 -23
71 50 -7
72 45 -29
73 8 24
74 46 10
75 -24 -41
76 6 -44
77 2 43
78 41 10
79 -30 19
80 13 23
81 10 47
82 8 49
83 -39 32
84 -25 -6
85 23 -39
86 -26 -1
87 13 -31
88 -11 18
89 38 -30
90 38 35
91 18 -29
92 -28 0
93 13 -41
94 46 -17
95 13 24
96 -5 34
97 -23 38
98 17 -7
99 18 38
100 20 50
101 43 -25
DEMAND_SECTION
1 0
2 20
3 38
4 21
5 21
6 42
7 22
8 20
9 20
10 49
11 12
12 40
13 15
14 18
15 50
16 18
17 40
18 25
19 41
20 19
21 13
22 20
23 19
24 21
25 16
26 15
27 45
28 38
29 41
30 36
31 17
32 32
33 26
34 28
35 15
36 15
37 30
38 50
39 45
40 27
41 15
42 25
43 41
44 30
45 13
46 43
47 13
48 46
49 33
50 36
51 23
52 49
53 21
54 21
55 19
56 38
57 14
58 48
59 18
60 34
61 16
62 21
63 15
64 46
65 47
66 44
67 34
68 28
69 28
70 18
71 34
72 49
73 21
74 49
75 26
76 38
77 50
78 24
79 25
80 33
81 25
82 49
83 27
84 13
85 40
86 44
87 37
88 31
89 43
90 13
91 16
92 20
93 29
94 33
95 25
96 14
97 22
98 22
99 14
100 30
101 36
DEPOT_SECTION
1
-1
EOF