NAME: p03_3070_tsplib0_NORMALIZED
BEST_KNOWN: 0
COMMENT: 0
DIMENSION: 101
CAPACITY: 100
EDGE_WEIGHT_FORMAT: FUNCTION
EDGE_WEIGHT_TYPE: EXACT_2D
NODE_COORD_SECTION
1 0 0
2 6 14
3 0 -18
4 20 10
5 20 -15
6 -20 -5
7 -10 -5
8 -15 15
9 -25 8
10 20 25
11 -5 25
12 -15 30
13 15 0
14 -5 -10
15 -20 -25
16 -5 -30
17 -25 -15
18 -30 -5
19 -15 5
20 -20 25
21 10 30
22 10 -15
23 10 -25
24 20 -30
25 30 0
26 30 -15
27 10 -5
28 0 5
29 6 2
30 29 7
31 5 25
32 -4 17
33 0 34
34 18 17
35 30 20
36 28 30
37 -33 25
38 -15 -15
39 -30 -30
40 25 -23
41 5 -10
42 7 -28
43 -11 -23
44 -12 -32
45 -24 -21
46 -29 3
47 -33 13
48 -27 21
49 -22 17
50 -29 33
51 12 12
52 14 23
53 -8 8
54 2 -4
55 22 -6
56 28 -12
57 18 -23
58 -3 -23
59 1 -9
60 -14 -11
61 -18 -1
62 -23 -11
63 -11 23
64 -8 34
65 -20 42
66 27 42
67 14 38
68 32 -30
69 21 4
70 2 12
71 2 21
72 22 33
73 12 -19
74 9 -18
75 11 -22
76 14 -24
77 14 7
78 18 8
79 26 17
80 22 13
81 21 2
82 20 19
83 -20 12
84 -21 2
85 -24 -4
86 -19 -13
87 -31 -17
88 -7 -17
89 -9 17
90 -9 0
91 -4 32
92 -20 -16
93 -13 -13
94 -17 -11
95 -9 -8
96 -10 -11
97 -13 -8
98 -10 -14
99 -16 -14
100 -15 -9
101 -17 -17
DEMAND_SECTION
1 0
2 64
3 45
4 39
5 52
6 66
7 64
8 49
9 34
10 38
11 31
12 62
13 45
14 48
15 50
16 58
17 41
18 33
19 50
20 64
21 51
22 34
23 55
24 56
25 53
26 61
27 59
28 31
29 61
30 36
31 34
32 64
33 62
34 63
35 38
36 63
37 49
38 61
39 49
40 49
41 63
42 37
43 32
44 55
45 56
46 65
47 41
48 49
49 47
50 63
51 54
52 56
53 56
54 33
55 66
56 59
57 59
58 42
59 58
60 46
61 43
62 65
63 40
64 42
65 41
66 44
67 49
68 64
69 33
70 69
71 64
72 67
73 65
74 63
75 69
76 32
77 43
78 53
79 58
80 52
81 62
82 56
83 41
84 57
85 55
86 69
87 61
88 69
89 62
90 64
91 34
92 62
93 53
94 37
95 67
96 57
97 61
98 60
99 47
100 60
101 34
DEPOT_SECTION
1
-1
EOF