NAME: p03_7_NORMALIZED
BEST_KNOWN: 0
COMMENT: 0
DIMENSION: 101
CAPACITY: 100
EDGE_WEIGHT_FORMAT: FUNCTION
EDGE_WEIGHT_TYPE: EXACT_2D
NODE_COORD_SECTION
1 0 0
2 -29 -8
3 -21 14
4 2 -29
5 -4 48
6 32 -49
7 -30 -47
8 -49 15
9 12 -30
10 -42 40
11 15 -13
12 -34 3
13 6 17
14 -5 -4
15 -35 27
16 3 -9
17 48 40
18 -41 -11
19 -31 28
20 -47 -24
21 0 -40
22 -21 42
23 17 35
24 45 -21
25 40 -13
26 -32 49
27 32 -41
28 -18 -49
29 -34 12
30 -43 50
31 32 44
32 -8 -25
33 46 -44
34 -36 36
35 47 5
36 5 11
37 -41 22
38 32 -4
39 11 -15
40 15 47
41 -3 -10
42 -35 -44
43 -38 26
44 14 44
45 -25 -7
46 13 16
47 -48 48
48 4 -15
49 -6 -50
50 17 -42
51 24 5
52 39 -34
53 13 -29
54 -41 47
55 16 39
56 50 -6
57 44 -1
58 -27 33
59 -49 -36
60 6 23
61 -31 -9
62 12 -38
63 -33 17
64 -34 22
65 21 47
66 44 0
67 40 -33
68 36 49
69 -22 -8
70 -18 25
71 -34 -14
72 -21 25
73 -47 10
74 11 6
75 8 -26
76 -46 -28
77 -42 -17
78 -10 24
79 34 -14
80 9 -24
81 -24 17
82 -29 23
83 10 22
84 20 -14
85 -46 -30
86 13 21
87 50 -17
88 32 38
89 -31 -10
90 49 45
91 -16 49
92 10 -8
93 19 24
94 -11 -49
95 -41 -44
96 -48 35
97 -32 7
98 -18 3
99 -18 39
100 -22 -9
101 10 -45
DEMAND_SECTION
1 0
2 34
3 29
4 31
5 39
6 27
7 44
8 24
9 46
10 43
11 32
12 14
13 21
14 15
15 25
16 48
17 45
18 12
19 14
20 14
21 49
22 13
23 26
24 38
25 39
26 48
27 13
28 37
29 35
30 22
31 20
32 41
33 36
34 26
35 48
36 38
37 26
38 17
39 38
40 21
41 26
42 42
43 50
44 16
45 38
46 37
47 14
48 19
49 43
50 14
51 19
52 29
53 33
54 48
55 19
56 42
57 13
58 39
59 28
60 22
61 24
62 45
63 27
64 22
65 16
66 27
67 15
68 48
69 40
70 32
71 23
72 31
73 27
74 32
75 48
76 44
77 49
78 15
79 18
80 32
81 47
82 47
83 38
84 45
85 42
86 27
87 41
88 17
89 44
90 37
91 26
92 37
93 19
94 26
95 49
96 33
97 35
98 41
99 37
100 48
101 47
DEPOT_SECTION
1
-1
EOF