NAME: p03_28_NORMALIZED
BEST_KNOWN: 0
COMMENT: 0
DIMENSION: 101
CAPACITY: 100
EDGE_WEIGHT_FORMAT: FUNCTION
EDGE_WEIGHT_TYPE: EXACT_2D
NODE_COORD_SECTION
1 0 0
2 -10 43
3 -31 -31
4 6 -31
5 49 14
6 21 46
7 -32 -21
8 -16 -16
9 20 35
10 -38 -10
11 1 34
12 -21 4
13 -43 -45
14 -47 18
15 3 45
16 -20 -14
17 19 -29
18 41 -31
19 -34 -45
20 -16 45
21 2 49
22 -1 -38
23 -3 37
24 -25 -28
25 37 19
26 44 -28
27 -50 -39
28 -6 -40
29 32 -2
30 -31 -2
31 -34 -49
32 27 -31
33 15 34
34 -14 -11
35 21 -34
36 9 -43
37 24 18
38 15 -19
39 -42 -33
40 46 5
41 -23 35
42 32 33
43 -14 -27
44 41 6
45 31 28
46 -17 37
47 -6 -21
48 29 -32
49 -17 43
50 -40 -16
51 -38 -39
52 -22 15
53 -14 33
54 3 30
55 -20 -15
56 -36 -14
57 0 4
58 -4 2
59 -43 21
60 45 -43
61 -40 41
62 -47 22
63 28 30
64 33 -12
65 -11 -23
66 -39 -40
67 4 -26
68 -6 39
69 -44 19
70 -28 12
71 44 41
72 16 31
73 -33 -49
74 27 2
75 16 -49
76 36 -17
77 17 -50
78 -26 -5
79 -38 46
80 13 -36
81 -2 35
82 -22 -23
83 -3 -18
84 -28 -3
85 23 -13
86 -50 -39
87 49 -38
88 -12 -24
89 -4 6
90 -6 -13
91 5 -39
92 49 34
93 -25 5
94 22 -7
95 -35 -43
96 12 -44
97 -33 34
98 -46 29
99 41 17
100 -30 35
101 -22 -27
DEMAND_SECTION
1 0
2 27
3 48
4 33
5 39
6 17
7 45
8 25
9 29
10 42
11 46
12 29
13 44
14 43
15 24
16 35
17 21
18 15
19 19
20 33
21 27
22 22
23 13
24 14
25 36
26 13
27 41
28 26
29 49
30 47
31 24
32 27
33 44
34 25
35 46
36 29
37 21
38 30
39 40
40 47
41 13
42 44
43 41
44 25
45 42
46 16
47 17
48 45
49 23
50 20
51 26
52 28
53 49
54 44
55 39
56 17
57 19
58 32
59 17
60 29
61 22
62 39
63 45
64 40
65 41
66 17
67 45
68 50
69 25
70 42
71 16
72 42
73 33
74 29
75 20
76 34
77 31
78 27
79 30
80 12
81 34
82 43
83 42
84 49
85 39
86 41
87 34
88 44
89 23
90 33
91 25
92 50
93 26
94 12
95 41
96 35
97 13
98 24
99 14
100 46
101 43
DEPOT_SECTION
1
-1
EOF