NAME: p03_26_NORMALIZED
BEST_KNOWN: 0
COMMENT: 0
DIMENSION: 101
CAPACITY: 100
EDGE_WEIGHT_FORMAT: FUNCTION
EDGE_WEIGHT_TYPE: EXACT_2D
NODE_COORD_SECTION
1 0 0
2 -17 -43
3 -23 11
4 -35 -44
5 -47 -36
6 26 -37
7 37 -43
8 18 -21
9 21 36
10 -26 29
11 -46 -18
12 15 -43
13 22 45
14 -45 -43
15 1 22
16 17 -29
17 -31 15
18 -39 -6
19 -43 29
20 27 -16
21 35 19
22 -13 -42
23 -1 -26
24 -33 -23
25 39 -18
26 -48 42
27 28 -18
28 -17 -47
29 -16 -10
30 -20 -47
31 -3 -15
32 -49 26
33 -34 -38
34 -33 -43
35 25 34
36 -28 4
37 -7 -34
38 -41 -47
39 13 -50
40 33 30
41 22 -40
42 -32 -7
43 -16 -23
44 -50 -47
45 7 5
46 -48 -50
47 -3 -46
48 -41 -13
49 34 -22
50 19 -19
51 -21 18
52 27 2
53 -41 -21
54 -20 -22
55 45 -22
56 -23 -36
57 38 37
58 -22 -1
59 -5 39
60 5 -29
61 -31 -9
62 32 -47
63 -10 -5
64 -5 16
65 -7 -38
66 -47 14
67 22 46
68 -26 43
69 -42 7
70 -20 -50
71 29 -32
72 -34 -44
73 -38 5
74 17 -20
75 -4 22
76 49 -25
77 20 14
78 -29 -30
79 -1 -37
80 10 -34
81 -27 -10
82 -1 -50
83 8 4
84 27 46
85 -8 -21
86 32 -2
87 5 21
88 -3 -31
89 -34 0
90 -6 8
91 -44 -35
92 -12 4
93 -38 -8
94 15 0
95 -27 -1
96 16 -43
97 -49 -46
98 28 25
99 27 44
100 -27 -47
101 24 34
DEMAND_SECTION
1 0
2 38
3 25
4 44
5 45
6 20
7 17
8 21
9 17
10 18
11 33
12 13
13 20
14 34
15 39
16 36
17 26
18 28
19 17
20 19
21 20
22 29
23 32
24 18
25 41
26 17
27 49
28 16
29 17
30 29
31 43
32 35
33 35
34 44
35 46
36 23
37 45
38 26
39 14
40 45
41 40
42 32
43 47
44 29
45 20
46 42
47 31
48 27
49 43
50 14
51 13
52 19
53 13
54 31
55 15
56 47
57 30
58 24
59 44
60 22
61 23
62 44
63 14
64 36
65 21
66 50
67 41
68 31
69 21
70 47
71 16
72 17
73 41
74 18
75 19
76 36
77 33
78 26
79 31
80 22
81 32
82 49
83 40
84 31
85 26
86 41
87 15
88 31
89 21
90 25
91 36
92 32
93 26
94 45
95 23
96 31
97 17
98 27
99 18
100 31
101 13
DEPOT_SECTION
1
-1
EOF