NAME: p03_1090_tsplib0_NORMALIZED
BEST_KNOWN: 0
COMMENT: 0
DIMENSION: 101
CAPACITY: 100
EDGE_WEIGHT_FORMAT: FUNCTION
EDGE_WEIGHT_TYPE: EXACT_2D
NODE_COORD_SECTION
1 0 0
2 6 14
3 0 -18
4 20 10
5 20 -15
6 -20 -5
7 -10 -5
8 -15 15
9 -25 8
10 20 25
11 -5 25
12 -15 30
13 15 0
14 -5 -10
15 -20 -25
16 -5 -30
17 -25 -15
18 -30 -5
19 -15 5
20 -20 25
21 10 30
22 10 -15
23 10 -25
24 20 -30
25 30 0
26 30 -15
27 10 -5
28 0 5
29 6 2
30 29 7
31 5 25
32 -4 17
33 0 34
34 18 17
35 30 20
36 28 30
37 -33 25
38 -15 -15
39 -30 -30
40 25 -23
41 5 -10
42 7 -28
43 -11 -23
44 -12 -32
45 -24 -21
46 -29 3
47 -33 13
48 -27 21
49 -22 17
50 -29 33
51 12 12
52 14 23
53 -8 8
54 2 -4
55 22 -6
56 28 -12
57 18 -23
58 -3 -23
59 1 -9
60 -14 -11
61 -18 -1
62 -23 -11
63 -11 23
64 -8 34
65 -20 42
66 27 42
67 14 38
68 32 -30
69 21 4
70 2 12
71 2 21
72 22 33
73 12 -19
74 9 -18
75 11 -22
76 14 -24
77 14 7
78 18 8
79 26 17
80 22 13
81 21 2
82 20 19
83 -20 12
84 -21 2
85 -24 -4
86 -19 -13
87 -31 -17
88 -7 -17
89 -9 17
90 -9 0
91 -4 32
92 -20 -16
93 -13 -13
94 -17 -11
95 -9 -8
96 -10 -11
97 -13 -8
98 -10 -14
99 -16 -14
100 -15 -9
101 -17 -17
DEMAND_SECTION
1 0
2 78
3 41
4 28
5 54
6 82
7 78
8 49
9 18
10 26
11 12
12 74
13 41
14 47
15 51
16 66
17 33
18 16
19 50
20 78
21 53
22 18
23 60
24 62
25 56
26 73
27 68
28 12
29 72
30 22
31 18
32 78
33 74
34 76
35 27
36 77
37 48
38 72
39 48
40 48
41 76
42 25
43 15
44 60
45 63
46 80
47 32
48 49
49 44
50 77
51 59
52 63
53 62
54 16
55 83
56 69
57 68
58 34
59 66
60 42
61 37
62 80
63 31
64 35
65 33
66 38
67 48
68 78
69 17
70 88
71 79
72 85
73 81
74 77
75 89
76 14
77 36
78 56
79 67
80 55
81 74
82 62
83 32
84 64
85 61
86 88
87 72
88 88
89 74
90 78
91 19
92 75
93 56
94 24
95 85
96 64
97 73
98 71
99 44
100 71
101 18
DEPOT_SECTION
1
-1
EOF