NAME: p03_30_NORMALIZED
BEST_KNOWN: 0
COMMENT: 0
DIMENSION: 101
CAPACITY: 100
EDGE_WEIGHT_FORMAT: FUNCTION
EDGE_WEIGHT_TYPE: EXACT_2D
NODE_COORD_SECTION
1 0 0
2 21 -29
3 9 34
4 0 44
5 42 -38
6 -17 -39
7 14 16
8 -4 -13
9 12 18
10 10 -27
11 47 0
12 -43 -4
13 46 -9
14 -26 43
15 0 10
16 18 -28
17 6 48
18 -43 47
19 37 31
20 -16 -39
21 28 41
22 -9 26
23 2 -5
24 47 1
25 35 -45
26 3 -28
27 45 47
28 43 -1
29 -25 7
30 3 -33
31 23 -44
32 7 -25
33 -37 -6
34 -21 6
35 11 -17
36 45 -11
37 42 1
38 49 28
39 -25 15
40 2 33
41 5 -44
42 49 -35
43 -24 6
44 -50 14
45 14 -46
46 -39 16
47 39 49
48 13 -37
49 -25 -50
50 -29 -44
51 26 1
52 22 33
53 -27 13
54 -47 23
55 38 -34
56 -44 28
57 38 16
58 -15 -9
59 -43 -35
60 2 -22
61 -1 1
62 -27 32
63 14 -50
64 34 2
65 -22 -1
66 -24 14
67 22 3
68 44 -36
69 20 47
70 32 -33
71 -15 1
72 40 22
73 47 41
74 -22 -19
75 29 -45
76 -48 48
77 -11 8
78 -19 -43
79 7 -42
80 -18 43
81 -8 22
82 1 29
83 24 -4
84 26 42
85 14 -30
86 41 -41
87 -28 -4
88 12 28
89 -32 2
90 -7 -24
91 -3 -18
92 14 46
93 20 -27
94 -28 -38
95 -25 0
96 8 33
97 20 43
98 14 17
99 2 -12
100 7 -5
101 -47 17
DEMAND_SECTION
1 0
2 37
3 18
4 38
5 13
6 20
7 50
8 44
9 47
10 44
11 34
12 14
13 19
14 44
15 20
16 28
17 35
18 21
19 39
20 32
21 19
22 30
23 48
24 42
25 34
26 30
27 27
28 40
29 27
30 30
31 13
32 21
33 12
34 34
35 21
36 32
37 34
38 20
39 48
40 46
41 46
42 14
43 36
44 43
45 18
46 28
47 40
48 21
49 17
50 31
51 17
52 41
53 34
54 15
55 27
56 41
57 34
58 36
59 48
60 22
61 33
62 20
63 36
64 15
65 19
66 36
67 32
68 34
69 24
70 31
71 31
72 12
73 21
74 21
75 36
76 25
77 15
78 49
79 20
80 12
81 17
82 46
83 30
84 30
85 39
86 20
87 24
88 13
89 17
90 21
91 35
92 40
93 36
94 25
95 18
96 47
97 20
98 40
99 16
100 14
101 19
DEPOT_SECTION
1
-1
EOF