NAME: p03_1030_tsplib0_NORMALIZED
BEST_KNOWN: 0
COMMENT: 0
DIMENSION: 101
CAPACITY: 100
EDGE_WEIGHT_FORMAT: FUNCTION
EDGE_WEIGHT_TYPE: EXACT_2D
NODE_COORD_SECTION
1 0 0
2 6 14
3 0 -18
4 20 10
5 20 -15
6 -20 -5
7 -10 -5
8 -15 15
9 -25 8
10 20 25
11 -5 25
12 -15 30
13 15 0
14 -5 -10
15 -20 -25
16 -5 -30
17 -25 -15
18 -30 -5
19 -15 5
20 -20 25
21 10 30
22 10 -15
23 10 -25
24 20 -30
25 30 0
26 30 -15
27 10 -5
28 0 5
29 6 2
30 29 7
31 5 25
32 -4 17
33 0 34
34 18 17
35 30 20
36 28 30
37 -33 25
38 -15 -15
39 -30 -30
40 25 -23
41 5 -10
42 7 -28
43 -11 -23
44 -12 -32
45 -24 -21
46 -29 3
47 -33 13
48 -27 21
49 -22 17
50 -29 33
51 12 12
52 14 23
53 -8 8
54 2 -4
55 22 -6
56 28 -12
57 18 -23
58 -3 -23
59 1 -9
60 -14 -11
61 -18 -1
62 -23 -11
63 -11 23
64 -8 34
65 -20 42
66 27 42
67 14 38
68 32 -30
69 21 4
70 2 12
71 2 21
72 22 33
73 12 -19
74 9 -18
75 11 -22
76 14 -24
77 14 7
78 18 8
79 26 17
80 22 13
81 21 2
82 20 19
83 -20 12
84 -21 2
85 -24 -4
86 -19 -13
87 -31 -17
88 -7 -17
89 -9 17
90 -9 0
91 -4 32
92 -20 -16
93 -13 -13
94 -17 -11
95 -9 -8
96 -10 -11
97 -13 -8
98 -10 -14
99 -16 -14
100 -15 -9
101 -17 -17
DEMAND_SECTION
1 0
2 27
3 17
4 14
5 21
6 28
7 27
8 19
9 12
10 14
11 10
12 26
13 17
14 19
15 20
16 24
17 15
18 11
19 20
20 27
21 20
22 12
23 22
24 23
25 21
26 25
27 24
28 10
29 25
30 13
31 12
32 27
33 26
34 26
35 14
36 26
37 19
38 25
39 19
40 19
41 26
42 13
43 11
44 22
45 23
46 27
47 15
48 19
49 18
50 26
51 22
52 23
53 23
54 11
55 28
56 24
57 24
58 16
59 24
60 18
61 16
62 27
63 15
64 16
65 15
66 17
67 19
68 27
69 11
70 29
71 27
72 28
73 27
74 26
75 29
76 11
77 16
78 21
79 24
80 21
81 26
82 23
83 15
84 23
85 22
86 29
87 25
88 29
89 26
90 27
91 12
92 26
93 21
94 13
95 28
96 23
97 25
98 25
99 18
100 25
101 12
DEPOT_SECTION
1
-1
EOF