NAME: p03_00_tsplib0_NORMALIZED
BEST_KNOWN: 0
COMMENT: 0
DIMENSION: 101
CAPACITY: 100
EDGE_WEIGHT_FORMAT: FUNCTION
EDGE_WEIGHT_TYPE: EXACT_2D
NODE_COORD_SECTION
1 0 0
2 6 14
3 0 -18
4 20 10
5 20 -15
6 -20 -5
7 -10 -5
8 -15 15
9 -25 8
10 20 25
11 -5 25
12 -15 30
13 15 0
14 -5 -10
15 -20 -25
16 -5 -30
17 -25 -15
18 -30 -5
19 -15 5
20 -20 25
21 10 30
22 10 -15
23 10 -25
24 20 -30
25 30 0
26 30 -15
27 10 -5
28 0 5
29 6 2
30 29 7
31 5 25
32 -4 17
33 0 34
34 18 17
35 30 20
36 28 30
37 -33 25
38 -15 -15
39 -30 -30
40 25 -23
41 5 -10
42 7 -28
43 -11 -23
44 -12 -32
45 -24 -21
46 -29 3
47 -33 13
48 -27 21
49 -22 17
50 -29 33
51 12 12
52 14 23
53 -8 8
54 2 -4
55 22 -6
56 28 -12
57 18 -23
58 -3 -23
59 1 -9
60 -14 -11
61 -18 -1
62 -23 -11
63 -11 23
64 -8 34
65 -20 42
66 27 42
67 14 38
68 32 -30
69 21 4
70 2 12
71 2 21
72 22 33
73 12 -19
74 9 -18
75 11 -22
76 14 -24
77 14 7
78 18 8
79 26 17
80 22 13
81 21 2
82 20 19
83 -20 12
84 -21 2
85 -24 -4
86 -19 -13
87 -31 -17
88 -7 -17
89 -9 17
90 -9 0
91 -4 32
92 -20 -16
93 -13 -13
94 -17 -11
95 -9 -8
96 -10 -11
97 -13 -8
98 -10 -14
99 -16 -14
100 -15 -9
101 -17 -17
DEMAND_SECTION
1 0
2 5
3 3
4 6
5 9
6 13
7 1
8 2
9 4
10 8
11 8
12 6
13 9
14 11
15 10
16 4
17 9
18 1
19 6
20 8
21 4
22 5
23 9
24 14
25 1
26 3
27 8
28 8
29 8
30 4
31 10
32 13
33 11
34 5
35 7
36 4
37 2
38 4
39 8
40 15
41 4
42 2
43 2
44 3
45 9
46 8
47 0
48 13
49 18
50 15
51 6
52 5
53 4
54 7
55 9
56 1
57 3
58 3
59 9
60 14
61 1
62 6
63 9
64 5
65 4
66 10
67 12
68 12
69 18
70 3
71 2
72 7
73 12
74 4
75 4
76 9
77 6
78 7
79 1
80 11
81 3
82 13
83 8
84 5
85 3
86 20
87 17
88 13
89 4
90 7
91 1
92 0
93 1
94 11
95 13
96 10
97 5
98 6
99 5
100 4
101 8
DEPOT_SECTION
1
-1
EOF