NAME: p03_5_NORMALIZED
BEST_KNOWN: 0
COMMENT: 0
DIMENSION: 101
CAPACITY: 100
EDGE_WEIGHT_FORMAT: FUNCTION
EDGE_WEIGHT_TYPE: EXACT_2D
NODE_COORD_SECTION
1 0 0
2 7 -40
3 -5 -4
4 -27 3
5 48 -12
6 45 33
7 -6 23
8 3 50
9 -7 34
10 -38 45
11 -36 47
12 39 -43
13 -29 4
14 17 30
15 4 -21
16 28 -15
17 -31 44
18 32 24
19 -4 -35
20 -28 -21
21 22 35
22 50 44
23 -20 -33
24 39 -27
25 -29 -12
26 -33 -41
27 27 -13
28 -34 0
29 -49 -45
30 8 22
31 -28 41
32 49 -33
33 0 -27
34 47 -44
35 19 -32
36 -2 -18
37 -1 -31
38 16 -37
39 25 15
40 11 13
41 27 22
42 0 -11
43 17 36
44 -42 39
45 21 49
46 24 28
47 -47 -14
48 -10 32
49 -9 18
50 -12 1
51 14 32
52 -39 2
53 -26 -24
54 20 -48
55 -32 15
56 -4 25
57 -9 12
58 -3 -46
59 -29 27
60 43 46
61 -46 41
62 47 -15
63 16 -31
64 21 -38
65 -21 -39
66 24 28
67 9 -3
68 -36 -43
69 32 40
70 -47 2
71 16 -29
72 -31 27
73 -17 -9
74 35 -40
75 44 48
76 -6 21
77 -36 -26
78 -25 48
79 47 0
80 -5 -12
81 18 10
82 -16 14
83 33 -31
84 16 -22
85 -42 10
86 16 -33
87 -8 -49
88 33 -41
89 -50 -2
90 10 50
91 -11 -1
92 31 -40
93 18 33
94 -29 -36
95 -47 19
96 -20 42
97 -29 48
98 -21 47
99 -25 -14
100 46 18
101 50 -9
DEMAND_SECTION
1 0
2 47
3 49
4 37
5 33
6 17
7 49
8 32
9 43
10 16
11 15
12 27
13 43
14 47
15 49
16 13
17 45
18 30
19 42
20 23
21 17
22 46
23 29
24 22
25 49
26 47
27 41
28 49
29 32
30 43
31 40
32 25
33 16
34 17
35 43
36 43
37 34
38 24
39 42
40 49
41 41
42 36
43 41
44 15
45 21
46 14
47 32
48 42
49 12
50 35
51 22
52 26
53 23
54 35
55 19
56 43
57 35
58 22
59 40
60 49
61 34
62 17
63 30
64 45
65 45
66 40
67 34
68 45
69 38
70 40
71 32
72 21
73 20
74 15
75 47
76 25
77 27
78 28
79 49
80 29
81 42
82 24
83 37
84 28
85 25
86 23
87 45
88 35
89 43
90 18
91 46
92 20
93 38
94 31
95 13
96 25
97 26
98 17
99 30
100 33
101 27
DEPOT_SECTION
1
-1
EOF