NAME: p03_18_NORMALIZED
BEST_KNOWN: 0
COMMENT: 0
DIMENSION: 101
CAPACITY: 100
EDGE_WEIGHT_FORMAT: FUNCTION
EDGE_WEIGHT_TYPE: EXACT_2D
NODE_COORD_SECTION
1 0 0
2 16 -31
3 -2 25
4 -28 50
5 -19 20
6 -34 21
7 12 25
8 26 38
9 -50 -5
10 45 18
11 8 8
12 -35 15
13 28 10
14 -16 -41
15 46 7
16 -35 50
17 -27 -23
18 -33 28
19 -24 23
20 38 -21
21 -7 30
22 -7 -22
23 -12 -12
24 -33 -27
25 -29 -3
26 38 22
27 23 -27
28 49 44
29 44 42
30 19 -50
31 4 -10
32 -26 -36
33 35 31
34 -32 -44
35 -40 50
36 14 -17
37 13 13
38 -17 -3
39 0 -9
40 -32 -27
41 10 34
42 -42 43
43 48 42
44 23 23
45 35 10
46 3 19
47 -50 3
48 -1 3
49 19 30
50 13 -18
51 40 -5
52 2 -6
53 -32 -47
54 39 38
55 42 44
56 -41 0
57 -43 19
58 -40 5
59 48 23
60 -2 -24
61 4 47
62 24 -2
63 17 37
64 3 6
65 -47 -44
66 -36 27
67 46 -48
68 -45 -41
69 -44 -30
70 -20 39
71 19 -34
72 16 3
73 16 -46
74 -30 -32
75 -5 -41
76 41 18
77 -34 18
78 -11 36
79 50 -12
80 -43 25
81 33 -4
82 19 7
83 -25 -49
84 31 8
85 41 2
86 -46 -48
87 15 37
88 -17 3
89 32 12
90 -33 -7
91 45 -19
92 -31 -30
93 -22 -5
94 -23 49
95 33 -3
96 45 -16
97 -12 48
98 -6 -39
99 -35 -33
100 42 46
101 42 -23
DEMAND_SECTION
1 0
2 14
3 24
4 42
5 21
6 23
7 37
8 33
9 27
10 39
11 45
12 26
13 42
14 42
15 47
16 44
17 37
18 22
19 46
20 28
21 49
22 21
23 34
24 15
25 47
26 14
27 44
28 20
29 40
30 39
31 42
32 37
33 43
34 20
35 17
36 29
37 20
38 36
39 48
40 23
41 28
42 16
43 45
44 30
45 49
46 45
47 41
48 13
49 31
50 50
51 29
52 44
53 43
54 39
55 26
56 33
57 19
58 28
59 20
60 31
61 50
62 17
63 40
64 30
65 42
66 39
67 44
68 37
69 32
70 19
71 12
72 37
73 23
74 43
75 50
76 25
77 33
78 46
79 16
80 41
81 46
82 22
83 24
84 14
85 44
86 17
87 21
88 20
89 33
90 45
91 19
92 17
93 18
94 30
95 26
96 15
97 50
98 29
99 41
100 35
101 45
DEPOT_SECTION
1
-1
EOF