NAME: p03_24_NORMALIZED
BEST_KNOWN: 0
COMMENT: 0
DIMENSION: 101
CAPACITY: 100
EDGE_WEIGHT_FORMAT: FUNCTION
EDGE_WEIGHT_TYPE: EXACT_2D
NODE_COORD_SECTION
1 0 0
2 9 -19
3 -40 23
4 -23 23
5 36 30
6 -31 -8
7 -7 -9
8 -4 12
9 -5 -42
10 30 42
11 -35 -6
12 -26 34
13 -43 36
14 -9 -15
15 49 30
16 -20 -37
17 -31 -42
18 44 -3
19 22 -34
20 17 -37
21 -3 -25
22 -21 32
23 36 15
24 31 -12
25 40 38
26 -16 42
27 37 27
28 -9 -35
29 -28 12
30 -15 18
31 24 29
32 50 15
33 -11 4
34 2 -42
35 -20 13
36 -35 37
37 -21 47
38 -42 44
39 -34 -42
40 49 -41
41 -28 38
42 -33 38
43 49 -13
44 45 32
45 -50 -23
46 33 26
47 9 28
48 -41 29
49 31 32
50 -26 5
51 45 -41
52 -14 -3
53 -16 -17
54 43 -13
55 43 -34
56 3 -38
57 35 36
58 8 -23
59 37 30
60 -32 10
61 -32 2
62 -45 39
63 -27 -19
64 -43 -3
65 10 17
66 -48 50
67 -2 15
68 -48 -46
69 -50 29
70 19 43
71 -15 -6
72 7 -5
73 -17 12
74 35 43
75 -8 7
76 18 35
77 39 -17
78 2 -39
79 11 30
80 -33 18
81 3 48
82 -25 8
83 -1 21
84 10 -11
85 19 26
86 -8 20
87 -12 -39
88 9 45
89 46 -49
90 -43 -18
91 -17 -8
92 41 -11
93 3 5
94 14 8
95 -34 -18
96 -8 3
97 -44 7
98 -33 28
99 31 -41
100 -3 -14
101 19 -47
DEMAND_SECTION
1 0
2 31
3 43
4 50
5 42
6 28
7 39
8 50
9 22
10 31
11 24
12 45
13 29
14 31
15 44
16 21
17 27
18 40
19 31
20 48
21 18
22 18
23 31
24 12
25 46
26 29
27 21
28 35
29 44
30 22
31 30
32 28
33 49
34 13
35 13
36 50
37 30
38 31
39 39
40 28
41 13
42 27
43 44
44 39
45 22
46 26
47 23
48 21
49 31
50 49
51 16
52 15
53 21
54 17
55 37
56 20
57 38
58 16
59 42
60 18
61 37
62 22
63 38
64 40
65 18
66 26
67 34
68 27
69 22
70 12
71 48
72 26
73 50
74 23
75 43
76 26
77 40
78 15
79 39
80 22
81 43
82 20
83 31
84 22
85 15
86 37
87 49
88 18
89 42
90 41
91 22
92 30
93 46
94 35
95 41
96 39
97 34
98 38
99 40
100 48
101 18
DEPOT_SECTION
1
-1
EOF