NAME: p03_12_NORMALIZED
BEST_KNOWN: 0
COMMENT: 0
DIMENSION: 101
CAPACITY: 100
EDGE_WEIGHT_FORMAT: FUNCTION
EDGE_WEIGHT_TYPE: EXACT_2D
NODE_COORD_SECTION
1 0 0
2 -19 -18
3 -42 29
4 11 48
5 39 25
6 -10 16
7 22 5
8 -1 38
9 -1 41
10 -20 -40
11 -6 -44
12 24 -44
13 -25 26
14 8 -1
15 37 45
16 36 45
17 -28 -11
18 -32 35
19 34 29
20 -45 -45
21 -22 -5
22 -7 -28
23 -30 6
24 4 -40
25 -40 -21
26 -3 -31
27 49 28
28 -15 -37
29 -28 1
30 28 -11
31 -50 7
32 -21 26
33 1 -36
34 -17 -34
35 -27 10
36 46 46
37 35 25
38 -50 -36
39 25 11
40 27 9
41 -40 44
42 -34 39
43 46 -48
44 -39 24
45 -20 22
46 45 5
47 -45 13
48 38 25
49 -3 -3
50 19 -4
51 22 -18
52 -1 50
53 20 28
54 -14 28
55 -22 -15
56 -17 33
57 -22 -8
58 -1 2
59 -9 9
60 -32 14
61 1 -16
62 40 -29
63 -45 36
64 -44 -21
65 25 -32
66 -6 50
67 -37 -47
68 -12 -28
69 -48 42
70 46 12
71 34 6
72 -9 29
73 -13 31
74 40 -23
75 -45 -36
76 27 -4
77 44 -21
78 -1 -37
79 -13 -29
80 -13 38
81 17 -1
82 -39 -32
83 26 -46
84 -12 20
85 42 -16
86 -44 -42
87 -32 1
88 11 -6
89 -21 19
90 -37 28
91 -37 -1
92 -41 38
93 24 44
94 -31 -10
95 48 36
96 -47 -32
97 48 -23
98 38 -4
99 46 -39
100 49 -37
101 46 -42
DEMAND_SECTION
1 0
2 30
3 47
4 42
5 35
6 22
7 31
8 14
9 26
10 23
11 18
12 21
13 16
14 43
15 24
16 14
17 12
18 23
19 30
20 37
21 29
22 14
23 37
24 48
25 36
26 47
27 38
28 34
29 27
30 32
31 45
32 49
33 45
34 26
35 16
36 22
37 49
38 24
39 27
40 14
41 31
42 15
43 46
44 49
45 37
46 49
47 33
48 27
49 19
50 16
51 49
52 14
53 42
54 43
55 12
56 18
57 43
58 22
59 36
60 36
61 44
62 22
63 15
64 30
65 34
66 37
67 27
68 24
69 14
70 47
71 44
72 31
73 28
74 26
75 33
76 45
77 36
78 26
79 43
80 25
81 21
82 31
83 38
84 49
85 35
86 41
87 33
88 42
89 44
90 25
91 19
92 28
93 14
94 19
95 32
96 30
97 41
98 28
99 21
100 19
101 15
DEPOT_SECTION
1
-1
EOF