NAME: p03_27_NORMALIZED
BEST_KNOWN: 0
COMMENT: 0
DIMENSION: 101
CAPACITY: 100
EDGE_WEIGHT_FORMAT: FUNCTION
EDGE_WEIGHT_TYPE: EXACT_2D
NODE_COORD_SECTION
1 0 0
2 31 -12
3 -35 8
4 2 13
5 -38 -44
6 46 21
7 -7 -36
8 -36 46
9 -34 0
10 31 -29
11 4 49
12 38 4
13 -10 3
14 43 -39
15 -41 46
16 13 -43
17 -23 -48
18 37 40
19 -17 -48
20 -21 -13
21 -21 26
22 -50 7
23 36 -20
24 3 10
25 -40 -33
26 -18 -30
27 1 7
28 9 41
29 45 43
30 -1 45
31 39 47
32 -22 -7
33 -35 22
34 7 -5
35 45 16
36 -43 -16
37 11 -24
38 30 28
39 2 -48
40 46 45
41 -22 20
42 45 12
43 -49 24
44 31 27
45 43 -43
46 -17 -20
47 7 -48
48 -46 49
49 0 49
50 3 29
51 -28 -21
52 -30 13
53 -45 -49
54 -12 39
55 -12 -14
56 6 2
57 37 2
58 -2 47
59 6 -33
60 25 38
61 -14 43
62 -37 -32
63 20 35
64 42 37
65 -27 -2
66 32 49
67 3 33
68 -14 44
69 36 -39
70 -34 -1
71 37 19
72 -4 -6
73 45 3
74 4 -7
75 -33 6
76 -39 38
77 24 -3
78 27 -44
79 -45 48
80 29 -2
81 -3 30
82 -38 38
83 -4 47
84 -2 9
85 13 19
86 18 -42
87 -1 -9
88 30 12
89 25 -41
90 -48 -42
91 33 -17
92 -2 36
93 -11 1
94 -39 27
95 28 -40
96 -46 4
97 1 -23
98 -21 -16
99 23 -15
100 27 14
101 -40 -35
DEMAND_SECTION
1 0
2 29
3 20
4 49
5 36
6 49
7 40
8 28
9 32
10 41
11 40
12 21
13 39
14 14
15 43
16 23
17 35
18 32
19 33
20 48
21 30
22 26
23 34
24 18
25 13
26 19
27 30
28 39
29 20
30 23
31 25
32 25
33 44
34 32
35 26
36 28
37 37
38 46
39 17
40 33
41 15
42 16
43 35
44 19
45 45
46 20
47 35
48 40
49 49
50 27
51 41
52 50
53 38
54 34
55 37
56 46
57 24
58 31
59 23
60 12
61 19
62 33
63 41
64 41
65 18
66 24
67 36
68 14
69 26
70 13
71 27
72 17
73 36
74 23
75 35
76 34
77 15
78 49
79 23
80 33
81 45
82 21
83 27
84 13
85 46
86 15
87 49
88 26
89 26
90 18
91 33
92 29
93 32
94 29
95 43
96 23
97 28
98 31
99 49
100 13
101 31
DEPOT_SECTION
1
-1
EOF