NAME: p04_1_NORMALIZED
BEST_KNOWN: 0
COMMENT: 0
DIMENSION: 151
CAPACITY: 100
EDGE_WEIGHT_FORMAT: FUNCTION
EDGE_WEIGHT_TYPE: EXACT_2D
NODE_COORD_SECTION
1 0 0
2 13 -1
3 20 14
4 22 -29
5 -27 -22
6 5 39
7 20 -2
8 -17 45
9 28 -8
10 -22 5
11 -10 7
12 43 48
13 11 -42
14 -49 39
15 -3 48
16 -26 -44
17 -37 -18
18 -45 -21
19 0 9
20 4 21
21 10 49
22 -20 -14
23 2 -31
24 -26 -3
25 -27 -40
26 -32 23
27 10 -10
28 44 -9
29 -21 31
30 7 -4
31 18 36
32 -46 22
33 -18 -45
34 -39 20
35 10 32
36 33 -45
37 48 -35
38 26 -31
39 -18 -24
40 5 36
41 45 12
42 -12 -3
43 14 -27
44 2 -27
45 -30 13
46 11 -3
47 -20 -14
48 29 49
49 -44 45
50 -34 -19
51 -45 -26
52 50 27
53 4 46
54 -42 -24
55 -18 -43
56 39 -48
57 29 0
58 -43 31
59 -1 1
60 -27 21
61 -32 -21
62 -15 -33
63 16 -19
64 -46 -22
65 2 -36
66 19 50
67 36 31
68 30 -24
69 -30 -28
70 -37 17
71 15 26
72 23 -7
73 -42 -21
74 49 15
75 -15 -30
76 18 -2
77 44 -7
78 7 -22
79 38 44
80 21 4
81 -27 -50
82 46 -5
83 -44 -10
84 27 -48
85 28 -45
86 -30 -26
87 43 30
88 32 31
89 35 23
90 27 8
91 -12 18
92 42 34
93 45 -40
94 9 46
95 -24 -1
96 -9 50
97 -7 47
98 11 43
99 5 -7
100 20 -28
101 -24 -13
102 21 24
103 -13 34
104 35 16
105 -47 -1
106 8 39
107 38 35
108 15 -22
109 -19 46
110 -41 28
111 -6 -2
112 -44 36
113 -23 7
114 -33 13
115 -1 13
116 -31 48
117 -32 11
118 -35 15
119 -31 -11
120 22 -16
121 6 49
122 -37 20
123 -14 29
124 40 29
125 -46 -24
126 32 -11
127 -15 37
128 16 9
129 -9 20
130 43 -46
131 15 30
132 47 38
133 -26 -37
134 37 22
135 4 -29
136 -22 9
137 21 -7
138 25 -7
139 -13 -23
140 2 -40
141 48 20
142 -12 -23
143 -34 -32
144 -27 48
145 -50 -21
146 13 0
147 48 49
148 -9 34
149 -15 -46
150 43 -18
151 -45 -25
DEMAND_SECTION
1 0
2 35
3 30
4 13
5 32
6 26
7 29
8 17
9 15
10 28
11 29
12 29
13 32
14 34
15 33
16 18
17 16
18 41
19 43
20 45
21 44
22 45
23 19
24 15
25 47
26 26
27 37
28 21
29 28
30 22
31 49
32 16
33 47
34 44
35 43
36 45
37 16
38 32
39 16
40 47
41 39
42 15
43 23
44 46
45 22
46 46
47 27
48 24
49 39
50 50
51 30
52 23
53 50
54 28
55 36
56 15
57 21
58 43
59 49
60 23
61 40
62 48
63 16
64 28
65 40
66 20
67 48
68 24
69 45
70 35
71 33
72 37
73 44
74 47
75 47
76 41
77 48
78 25
79 34
80 22
81 31
82 23
83 20
84 46
85 42
86 50
87 25
88 26
89 34
90 38
91 34
92 14
93 13
94 33
95 46
96 14
97 48
98 16
99 22
100 15
101 20
102 17
103 48
104 25
105 24
106 24
107 36
108 13
109 42
110 22
111 46
112 45
113 37
114 32
115 29
116 31
117 18
118 17
119 29
120 34
121 17
122 13
123 46
124 39
125 25
126 21
127 27
128 32
129 14
130 39
131 25
132 37
133 38
134 25
135 32
136 37
137 49
138 34
139 22
140 35
141 16
142 43
143 35
144 17
145 50
146 43
147 45
148 16
149 44
150 33
151 46
DEPOT_SECTION
1
-1
EOF