NAME: p04_25_NORMALIZED
BEST_KNOWN: 0
COMMENT: 0
DIMENSION: 151
CAPACITY: 100
EDGE_WEIGHT_FORMAT: FUNCTION
EDGE_WEIGHT_TYPE: EXACT_2D
NODE_COORD_SECTION
1 0 0
2 -3 2
3 28 -26
4 -20 -39
5 39 0
6 4 -24
7 -20 37
8 25 -45
9 36 3
10 2 3
11 -29 48
12 -24 47
13 37 28
14 4 27
15 9 -33
16 39 29
17 12 19
18 1 17
19 -24 -34
20 25 17
21 35 44
22 31 -17
23 -7 12
24 -29 35
25 -21 30
26 9 41
27 -29 15
28 -41 45
29 15 19
30 -21 22
31 0 47
32 32 35
33 -19 -47
34 34 30
35 -32 41
36 -12 49
37 -11 44
38 -31 1
39 36 -45
40 -29 15
41 10 -5
42 -31 -31
43 39 37
44 6 -28
45 -48 43
46 -43 33
47 -39 4
48 -31 -8
49 1 8
50 -25 -30
51 -19 18
52 -40 -9
53 16 6
54 -46 45
55 -24 15
56 -45 50
57 -33 17
58 40 -42
59 13 -5
60 37 29
61 -23 50
62 -25 -14
63 27 -31
64 -6 1
65 6 -10
66 -11 45
67 -40 10
68 -9 43
69 18 39
70 -35 45
71 -34 5
72 -5 31
73 4 31
74 33 -21
75 46 -16
76 -31 -21
77 29 3
78 -30 -18
79 8 -34
80 -48 -48
81 15 -20
82 -14 23
83 -18 21
84 -47 -16
85 8 31
86 43 10
87 -24 38
88 31 12
89 -30 -37
90 -34 0
91 -26 37
92 47 23
93 10 1
94 -36 -50
95 -38 -5
96 16 -16
97 -46 -15
98 31 40
99 41 43
100 43 28
101 38 -22
102 7 -8
103 50 10
104 32 35
105 -30 -11
106 5 50
107 -7 11
108 -5 -9
109 45 48
110 -45 -43
111 14 25
112 29 17
113 31 -31
114 -15 -32
115 -35 40
116 13 1
117 19 6
118 -37 -3
119 9 -25
120 37 5
121 -3 6
122 32 1
123 -47 3
124 -8 3
125 23 24
126 -47 36
127 48 45
128 -18 2
129 5 27
130 48 -27
131 17 11
132 -4 -9
133 4 38
134 -13 33
135 36 28
136 -16 -19
137 15 -28
138 10 21
139 7 24
140 -32 -32
141 -49 33
142 38 45
143 -15 0
144 26 17
145 49 -39
146 -3 34
147 10 -32
148 -34 -2
149 12 29
150 21 -5
151 25 38
DEMAND_SECTION
1 0
2 24
3 41
4 29
5 18
6 44
7 44
8 48
9 49
10 23
11 18
12 35
13 41
14 25
15 36
16 13
17 14
18 32
19 35
20 45
21 32
22 40
23 48
24 49
25 42
26 46
27 42
28 29
29 19
30 15
31 29
32 19
33 33
34 24
35 29
36 15
37 30
38 12
39 29
40 41
41 38
42 16
43 40
44 43
45 34
46 50
47 13
48 28
49 47
50 43
51 38
52 32
53 32
54 24
55 48
56 22
57 22
58 23
59 15
60 13
61 39
62 47
63 22
64 32
65 24
66 46
67 33
68 24
69 46
70 21
71 37
72 48
73 46
74 20
75 29
76 46
77 28
78 17
79 44
80 50
81 41
82 33
83 22
84 44
85 22
86 24
87 22
88 17
89 40
90 12
91 30
92 33
93 32
94 45
95 45
96 12
97 27
98 34
99 42
100 39
101 15
102 25
103 27
104 40
105 24
106 37
107 18
108 48
109 35
110 33
111 22
112 25
113 28
114 48
115 17
116 29
117 17
118 17
119 20
120 18
121 17
122 31
123 18
124 31
125 20
126 27
127 13
128 42
129 30
130 43
131 44
132 44
133 14
134 33
135 49
136 49
137 23
138 14
139 15
140 29
141 16
142 17
143 39
144 22
145 45
146 40
147 28
148 49
149 15
150 29
151 14
DEPOT_SECTION
1
-1
EOF