NAME: p04_9_NORMALIZED
BEST_KNOWN: 0
COMMENT: 0
DIMENSION: 151
CAPACITY: 100
EDGE_WEIGHT_FORMAT: FUNCTION
EDGE_WEIGHT_TYPE: EXACT_2D
NODE_COORD_SECTION
1 0 0
2 -1 25
3 -10 46
4 -8 -12
5 -34 -27
6 7 -47
7 -16 -25
8 -34 -8
9 27 9
10 16 -29
11 4 7
12 -20 -19
13 -39 -41
14 -19 -48
15 -16 -6
16 43 18
17 27 36
18 -21 42
19 15 -21
20 41 -35
21 42 4
22 33 -30
23 7 38
24 49 15
25 -28 13
26 39 25
27 4 4
28 6 -2
29 30 -28
30 -36 42
31 50 -14
32 -43 11
33 28 40
34 -39 -33
35 41 42
36 39 -20
37 -25 -41
38 -35 5
39 11 49
40 -37 -6
41 42 -45
42 -22 43
43 35 9
44 31 28
45 38 -14
46 -37 -23
47 -39 2
48 -2 23
49 -40 29
50 -33 -49
51 -2 -20
52 19 -33
53 -45 -48
54 15 47
55 48 -43
56 -30 10
57 -8 -2
58 -44 16
59 -25 33
60 -49 38
61 41 -14
62 31 -50
63 25 -16
64 -24 -10
65 6 50
66 30 -12
67 -42 24
68 17 19
69 -22 -25
70 50 -10
71 -19 -24
72 9 42
73 17 -12
74 28 -26
75 35 -22
76 -48 -13
77 14 -2
78 47 -45
79 -17 3
80 11 45
81 44 6
82 23 -48
83 -29 -41
84 -13 -17
85 -31 3
86 5 -28
87 44 -44
88 35 20
89 20 47
90 15 -25
91 -31 -44
92 2 -44
93 45 -32
94 -42 1
95 -39 9
96 5 -43
97 -31 -14
98 -37 3
99 -47 -37
100 -31 2
101 33 -23
102 -20 -48
103 -27 22
104 21 -39
105 -27 -29
106 26 11
107 -20 -4
108 44 21
109 6 -33
110 32 -21
111 -45 45
112 -19 -9
113 29 -30
114 -28 12
115 -35 -13
116 10 -32
117 -45 -15
118 35 -43
119 -2 43
120 37 26
121 27 -13
122 9 39
123 -8 9
124 -44 -35
125 -10 13
126 34 21
127 10 17
128 -34 -7
129 -38 -13
130 44 21
131 25 7
132 14 28
133 -42 -10
134 6 -10
135 -3 -15
136 -33 6
137 37 11
138 0 14
139 -11 44
140 33 4
141 -44 -40
142 -35 42
143 -49 25
144 11 -9
145 -37 36
146 -30 34
147 7 26
148 -44 -33
149 18 -8
150 -29 -27
151 -6 -9
DEMAND_SECTION
1 0
2 40
3 43
4 35
5 37
6 26
7 29
8 20
9 32
10 22
11 31
12 16
13 45
14 46
15 35
16 34
17 21
18 48
19 17
20 24
21 50
22 47
23 37
24 36
25 33
26 38
27 31
28 45
29 37
30 26
31 31
32 41
33 18
34 31
35 17
36 13
37 45
38 21
39 24
40 12
41 24
42 24
43 28
44 30
45 30
46 40
47 33
48 26
49 31
50 35
51 44
52 29
53 13
54 14
55 36
56 44
57 24
58 36
59 13
60 25
61 35
62 43
63 24
64 27
65 46
66 45
67 41
68 21
69 41
70 50
71 18
72 22
73 12
74 13
75 44
76 45
77 37
78 24
79 24
80 16
81 40
82 32
83 42
84 21
85 49
86 43
87 43
88 20
89 30
90 32
91 29
92 17
93 34
94 49
95 33
96 16
97 49
98 33
99 23
100 47
101 42
102 49
103 30
104 44
105 30
106 14
107 47
108 29
109 24
110 45
111 40
112 20
113 44
114 28
115 32
116 17
117 41
118 33
119 29
120 20
121 18
122 22
123 33
124 20
125 27
126 31
127 26
128 39
129 17
130 28
131 33
132 42
133 12
134 47
135 49
136 42
137 17
138 27
139 44
140 37
141 35
142 21
143 44
144 21
145 44
146 35
147 29
148 38
149 34
150 22
151 49
DEPOT_SECTION
1
-1
EOF