NAME: p04_3070_tsplib0_NORMALIZED
BEST_KNOWN: 0
COMMENT: 0
DIMENSION: 151
CAPACITY: 100
EDGE_WEIGHT_FORMAT: FUNCTION
EDGE_WEIGHT_TYPE: EXACT_2D
NODE_COORD_SECTION
1 0 0
2 2 17
3 14 14
4 17 29
5 -15 -9
6 5 -5
7 -14 12
8 -18 28
9 -4 27
10 17 -2
11 16 -14
12 7 6
13 -4 -3
14 -30 -10
15 -23 7
16 1 -19
17 17 6
18 -8 -12
19 -18 -2
20 -22 -22
21 22 23
22 27 7
23 7 22
24 -19 22
25 -27 17
26 -28 3
27 -8 33
28 -5 13
29 8 32
30 23 13
31 23 -8
32 2 34
33 3 11
34 11 -25
35 26 -2
36 27 28
37 28 34
38 -3 -13
39 10 0
40 24 -20
41 -30 -29
42 -25 -18
43 -14 -25
44 -30 29
45 -5 -20
46 4 -25
47 -3 4
48 -10 -3
49 -10 20
50 13 -7
51 21 2
52 6 14
53 0 -18
54 20 10
55 20 -15
56 -20 -5
57 -10 -5
58 -15 15
59 -25 8
60 20 25
61 -5 25
62 -15 30
63 15 0
64 -5 -10
65 -20 -25
66 -5 -30
67 -25 -15
68 -30 -5
69 -15 5
70 -20 25
71 10 30
72 10 -15
73 10 -25
74 20 -30
75 30 0
76 30 -15
77 10 -5
78 0 5
79 6 2
80 29 7
81 5 25
82 -4 17
83 0 34
84 18 17
85 30 20
86 28 30
87 -33 25
88 -15 -15
89 -30 -30
90 25 -23
91 5 -10
92 7 -28
93 -11 -23
94 -12 -32
95 -24 -21
96 -29 3
97 -33 13
98 -27 21
99 -22 17
100 -29 33
101 12 12
102 14 23
103 -8 8
104 2 -4
105 22 -6
106 28 -12
107 18 -23
108 -3 -23
109 1 -9
110 -14 -11
111 -18 -1
112 -23 -11
113 -11 23
114 -8 34
115 -20 42
116 27 42
117 14 38
118 32 -30
119 21 4
120 2 12
121 2 21
122 22 33
123 12 -19
124 9 -18
125 11 -22
126 14 -24
127 14 7
128 18 8
129 26 17
130 22 13
131 21 2
132 20 19
133 -20 12
134 -21 2
135 -24 -4
136 -19 -13
137 -31 -17
138 -7 -17
139 -9 17
140 -9 0
141 -4 32
142 -20 -16
143 -13 -13
144 -17 -11
145 -9 -8
146 -10 -11
147 -13 -8
148 -10 -14
149 -16 -14
150 -15 -9
151 -17 -17
DEMAND_SECTION
1 0
2 64
3 45
4 39
5 52
6 66
7 64
8 49
9 34
10 38
11 31
12 62
13 45
14 48
15 50
16 58
17 41
18 33
19 50
20 64
21 51
22 34
23 55
24 56
25 53
26 61
27 59
28 31
29 61
30 36
31 34
32 64
33 62
34 63
35 38
36 63
37 49
38 61
39 49
40 49
41 63
42 37
43 32
44 55
45 56
46 65
47 41
48 49
49 47
50 63
51 54
52 56
53 56
54 33
55 66
56 59
57 59
58 42
59 58
60 46
61 43
62 65
63 40
64 42
65 41
66 44
67 49
68 64
69 33
70 69
71 64
72 67
73 65
74 63
75 69
76 32
77 43
78 53
79 58
80 52
81 62
82 56
83 41
84 57
85 55
86 69
87 61
88 69
89 62
90 64
91 34
92 62
93 53
94 37
95 67
96 57
97 61
98 60
99 47
100 60
101 34
102 56
103 61
104 60
105 68
106 47
107 38
108 33
109 52
110 42
111 66
112 66
113 56
114 30
115 42
116 57
117 45
118 44
119 63
120 60
121 67
122 43
123 49
124 32
125 45
126 56
127 51
128 68
129 49
130 57
131 48
132 55
133 54
134 61
135 59
136 61
137 53
138 52
139 42
140 42
141 67
142 52
143 54
144 53
145 37
146 56
147 57
148 69
149 38
150 52
151 44
DEPOT_SECTION
1
-1
EOF