NAME: p04_29_NORMALIZED
BEST_KNOWN: 0
COMMENT: 0
DIMENSION: 151
CAPACITY: 100
EDGE_WEIGHT_FORMAT: FUNCTION
EDGE_WEIGHT_TYPE: EXACT_2D
NODE_COORD_SECTION
1 0 0
2 -44 -49
3 -16 30
4 -36 19
5 -28 -28
6 -19 -5
7 27 -28
8 -19 -20
9 41 -48
10 45 -13
11 -11 -47
12 24 34
13 18 14
14 -16 36
15 -3 12
16 -30 -40
17 -8 16
18 -27 -25
19 16 -45
20 0 17
21 13 35
22 15 3
23 0 -50
24 43 -20
25 -15 -13
26 -43 45
27 29 -40
28 26 14
29 -25 39
30 -39 -21
31 -17 4
32 10 -45
33 40 -29
34 43 12
35 -18 -18
36 27 44
37 28 -6
38 19 29
39 34 1
40 45 -43
41 -12 -40
42 22 41
43 -7 20
44 -9 41
45 -21 -8
46 -30 37
47 32 -41
48 -1 -21
49 4 11
50 36 -8
51 41 -25
52 11 -17
53 -3 -29
54 12 -49
55 7 -48
56 -37 -39
57 11 25
58 42 36
59 18 -4
60 -46 8
61 3 0
62 -48 -3
63 44 -30
64 -48 -17
65 -10 -23
66 16 39
67 -47 12
68 -41 28
69 -37 47
70 -32 12
71 43 -30
72 44 6
73 -11 -11
74 -34 37
75 -48 22
76 -50 -32
77 -42 27
78 26 -37
79 27 43
80 2 40
81 30 -38
82 37 27
83 -24 47
84 45 21
85 15 19
86 -9 -20
87 -21 42
88 -22 -21
89 -19 6
90 -15 36
91 -2 -1
92 41 11
93 46 32
94 -24 36
95 13 44
96 27 9
97 2 18
98 39 35
99 -9 -42
100 -47 14
101 -4 26
102 -12 3
103 16 -16
104 -11 43
105 43 -16
106 16 10
107 27 21
108 -11 43
109 -10 -20
110 -15 8
111 -39 -26
112 46 15
113 27 -11
114 -34 -29
115 50 39
116 -45 41
117 -43 -43
118 -43 -20
119 -45 -3
120 3 -28
121 -50 -3
122 -40 -30
123 -7 5
124 -33 -20
125 22 37
126 -18 21
127 34 -27
128 4 -49
129 -15 -4
130 -20 -48
131 -27 -23
132 4 41
133 -1 47
134 1 28
135 29 -28
136 -24 1
137 -41 4
138 48 23
139 21 -14
140 10 -6
141 4 -3
142 -28 35
143 -3 -5
144 37 11
145 -11 -45
146 -43 49
147 38 10
148 6 -49
149 20 -25
150 -3 -34
151 7 -40
DEMAND_SECTION
1 0
2 37
3 26
4 16
5 20
6 30
7 39
8 47
9 43
10 25
11 34
12 47
13 46
14 35
15 36
16 31
17 33
18 13
19 45
20 20
21 42
22 26
23 14
24 18
25 41
26 33
27 39
28 48
29 48
30 49
31 37
32 41
33 48
34 41
35 12
36 25
37 15
38 38
39 43
40 30
41 47
42 31
43 48
44 13
45 36
46 45
47 46
48 46
49 41
50 45
51 25
52 46
53 41
54 37
55 46
56 38
57 43
58 17
59 43
60 44
61 43
62 34
63 34
64 21
65 35
66 37
67 38
68 33
69 46
70 36
71 24
72 25
73 26
74 20
75 50
76 29
77 41
78 16
79 28
80 32
81 29
82 19
83 30
84 39
85 18
86 34
87 38
88 37
89 15
90 16
91 39
92 36
93 36
94 16
95 44
96 25
97 23
98 26
99 45
100 36
101 27
102 27
103 22
104 34
105 36
106 17
107 30
108 35
109 32
110 48
111 28
112 46
113 23
114 24
115 42
116 49
117 17
118 42
119 26
120 21
121 30
122 31
123 42
124 36
125 15
126 22
127 48
128 36
129 36
130 39
131 13
132 40
133 34
134 37
135 29
136 21
137 48
138 17
139 17
140 47
141 45
142 26
143 14
144 42
145 13
146 27
147 25
148 41
149 29
150 32
151 34
DEPOT_SECTION
1
-1
EOF