NAME: p04_15_NORMALIZED
BEST_KNOWN: 0
COMMENT: 0
DIMENSION: 151
CAPACITY: 100
EDGE_WEIGHT_FORMAT: FUNCTION
EDGE_WEIGHT_TYPE: EXACT_2D
NODE_COORD_SECTION
1 0 0
2 4 49
3 -32 -48
4 -1 17
5 -5 -30
6 43 36
7 12 -48
8 46 -31
9 -39 45
10 26 34
11 38 -40
12 11 11
13 19 44
14 11 19
15 -27 -45
16 -2 28
17 -24 -36
18 29 -9
19 50 31
20 -44 38
21 -27 -31
22 6 45
23 15 -30
24 26 45
25 34 50
26 -22 1
27 29 -42
28 8 0
29 -17 46
30 -27 50
31 23 13
32 25 49
33 4 9
34 -50 -30
35 -1 -1
36 -7 12
37 -28 10
38 45 43
39 24 10
40 37 -28
41 6 -7
42 -7 32
43 3 -28
44 -28 14
45 16 11
46 -2 16
47 8 4
48 24 27
49 48 40
50 -33 -25
51 -16 -31
52 -14 43
53 -22 32
54 -23 23
55 -11 -45
56 -40 30
57 9 40
58 37 20
59 26 37
60 -32 -50
61 34 13
62 -50 -26
63 46 26
64 -17 -33
65 35 -2
66 -37 -29
67 -40 26
68 -14 -18
69 -38 -26
70 9 6
71 44 18
72 44 -29
73 42 -19
74 -24 24
75 38 0
76 -24 -49
77 25 -50
78 -1 41
79 -34 -39
80 -25 -21
81 15 11
82 20 -22
83 40 24
84 26 -28
85 11 7
86 46 -46
87 30 -11
88 29 49
89 44 13
90 -18 28
91 3 -48
92 -39 -3
93 -38 -24
94 -27 -14
95 -2 -37
96 -28 -46
97 5 -8
98 1 37
99 48 29
100 -46 -39
101 45 -35
102 -45 45
103 -19 30
104 -36 5
105 -39 -5
106 -10 6
107 -6 -20
108 -32 -6
109 -4 -44
110 40 33
111 -2 -24
112 -18 37
113 43 11
114 -9 -31
115 23 -6
116 -27 43
117 -18 -29
118 48 45
119 -50 -30
120 -16 -18
121 -43 40
122 29 -32
123 1 25
124 -19 35
125 40 5
126 1 -10
127 16 -25
128 29 19
129 -5 -6
130 20 5
131 30 15
132 31 -7
133 -23 -31
134 -20 30
135 13 -50
136 -46 24
137 12 18
138 47 -40
139 5 -13
140 -42 34
141 -19 -6
142 16 -15
143 15 13
144 -34 -49
145 -15 5
146 5 -18
147 38 7
148 13 -16
149 40 -20
150 -32 20
151 -20 40
DEMAND_SECTION
1 0
2 46
3 36
4 25
5 29
6 33
7 16
8 20
9 36
10 31
11 28
12 14
13 40
14 43
15 12
16 31
17 46
18 35
19 48
20 19
21 42
22 37
23 21
24 49
25 12
26 45
27 18
28 39
29 17
30 14
31 45
32 22
33 33
34 21
35 41
36 49
37 25
38 49
39 46
40 38
41 17
42 50
43 23
44 25
45 40
46 37
47 35
48 43
49 18
50 44
51 20
52 34
53 18
54 38
55 36
56 29
57 33
58 47
59 17
60 45
61 13
62 43
63 34
64 26
65 29
66 35
67 35
68 34
69 44
70 40
71 30
72 23
73 49
74 29
75 36
76 42
77 19
78 31
79 14
80 37
81 37
82 15
83 34
84 34
85 28
86 37
87 29
88 32
89 49
90 21
91 44
92 45
93 29
94 33
95 15
96 32
97 35
98 44
99 39
100 35
101 38
102 47
103 41
104 15
105 43
106 40
107 20
108 28
109 35
110 28
111 48
112 44
113 20
114 17
115 50
116 16
117 44
118 32
119 28
120 18
121 33
122 42
123 26
124 14
125 42
126 16
127 31
128 36
129 35
130 31
131 45
132 35
133 36
134 50
135 38
136 45
137 23
138 20
139 32
140 14
141 47
142 35
143 30
144 49
145 22
146 25
147 30
148 39
149 34
150 42
151 23
DEPOT_SECTION
1
-1
EOF