NAME: p04_23_NORMALIZED
BEST_KNOWN: 0
COMMENT: 0
DIMENSION: 151
CAPACITY: 100
EDGE_WEIGHT_FORMAT: FUNCTION
EDGE_WEIGHT_TYPE: EXACT_2D
NODE_COORD_SECTION
1 0 0
2 28 -27
3 -31 -36
4 6 42
5 50 -38
6 14 -12
7 -46 -2
8 26 3
9 17 35
10 22 -2
11 -46 -3
12 -40 -14
13 39 -16
14 19 -41
15 -20 23
16 -15 11
17 34 -28
18 11 38
19 33 12
20 -39 -18
21 -19 17
22 -32 -50
23 13 26
24 41 42
25 -21 -32
26 4 -14
27 31 -8
28 -32 -19
29 30 39
30 40 26
31 -14 -39
32 50 -38
33 -12 -47
34 6 -4
35 47 16
36 -31 9
37 8 -47
38 41 48
39 -46 -28
40 27 -14
41 19 39
42 3 45
43 -8 28
44 47 5
45 41 38
46 46 -28
47 6 30
48 -16 -33
49 -30 -16
50 11 37
51 18 47
52 0 18
53 0 -46
54 -20 8
55 17 -1
56 -38 -18
57 -33 -45
58 -13 -17
59 18 22
60 13 -39
61 30 35
62 -26 -24
63 46 -1
64 -45 49
65 -22 -36
66 44 -21
67 39 -37
68 -18 -4
69 -38 9
70 -40 -30
71 8 34
72 -31 -35
73 18 -49
74 48 10
75 18 -26
76 22 17
77 -43 42
78 40 -9
79 -11 -41
80 -30 9
81 -38 49
82 13 2
83 17 -2
84 8 -3
85 -21 -35
86 -39 37
87 39 22
88 -9 -35
89 35 -26
90 18 -21
91 -4 -7
92 -50 24
93 39 25
94 -37 -26
95 -9 37
96 3 -50
97 -10 6
98 21 -14
99 -50 -12
100 -50 29
101 21 35
102 30 50
103 26 -16
104 10 -5
105 -6 47
106 -26 10
107 29 12
108 -29 42
109 -39 -43
110 47 -35
111 36 15
112 12 -28
113 20 42
114 -20 -49
115 3 -20
116 -36 4
117 -14 -10
118 42 -2
119 16 2
120 -15 -42
121 45 25
122 -26 12
123 -11 20
124 -37 -33
125 -43 40
126 -48 -21
127 -50 4
128 29 -35
129 -5 -48
130 -45 47
131 34 -34
132 -19 31
133 27 35
134 45 26
135 37 39
136 16 14
137 45 -27
138 -16 -45
139 28 -6
140 -50 29
141 39 -9
142 -11 36
143 -10 -23
144 5 33
145 14 1
146 30 -31
147 10 10
148 -8 38
149 1 40
150 48 20
151 -21 26
DEMAND_SECTION
1 0
2 26
3 24
4 30
5 18
6 34
7 23
8 38
9 49
10 29
11 47
12 45
13 35
14 21
15 26
16 46
17 20
18 48
19 15
20 47
21 47
22 43
23 25
24 17
25 35
26 46
27 49
28 41
29 43
30 24
31 49
32 35
33 44
34 15
35 31
36 12
37 13
38 36
39 47
40 14
41 34
42 39
43 19
44 17
45 18
46 43
47 44
48 14
49 29
50 36
51 21
52 47
53 41
54 32
55 38
56 39
57 27
58 46
59 43
60 13
61 42
62 39
63 29
64 49
65 24
66 17
67 15
68 28
69 44
70 19
71 15
72 14
73 25
74 48
75 29
76 14
77 23
78 20
79 33
80 16
81 27
82 37
83 36
84 26
85 39
86 25
87 29
88 31
89 22
90 25
91 46
92 44
93 49
94 12
95 28
96 36
97 14
98 32
99 14
100 13
101 25
102 43
103 42
104 21
105 24
106 47
107 45
108 30
109 35
110 40
111 30
112 15
113 45
114 34
115 25
116 16
117 46
118 14
119 43
120 38
121 36
122 33
123 48
124 27
125 20
126 33
127 37
128 45
129 42
130 37
131 36
132 22
133 44
134 37
135 39
136 48
137 43
138 16
139 45
140 37
141 34
142 40
143 15
144 47
145 32
146 18
147 20
148 13
149 47
150 13
151 27
DEPOT_SECTION
1
-1
EOF