NAME: p04_3_NORMALIZED
BEST_KNOWN: 0
COMMENT: 0
DIMENSION: 151
CAPACITY: 100
EDGE_WEIGHT_FORMAT: FUNCTION
EDGE_WEIGHT_TYPE: EXACT_2D
NODE_COORD_SECTION
1 0 0
2 -2 34
3 43 8
4 11 14
5 -22 -23
6 -25 38
7 -13 42
8 -41 -36
9 -12 -30
10 -2 37
11 9 -1
12 -45 -11
13 -41 -7
14 9 -43
15 -42 -42
16 48 -42
17 46 22
18 19 16
19 -37 26
20 12 14
21 33 44
22 43 -40
23 35 -19
24 19 -8
25 -16 34
26 24 -46
27 -2 -24
28 -30 38
29 -18 -49
30 -37 28
31 -2 31
32 23 13
33 -20 -34
34 -19 32
35 50 -21
36 -27 1
37 20 -7
38 -9 50
39 -25 -36
40 -30 -24
41 -42 7
42 -21 -10
43 48 41
44 -15 23
45 -24 22
46 11 21
47 -33 -28
48 -20 -30
49 -20 -39
50 -34 50
51 42 11
52 43 -36
53 -43 18
54 24 -21
55 -21 -41
56 43 17
57 6 -47
58 -1 -17
59 -25 39
60 38 25
61 -35 -1
62 34 -28
63 -44 -32
64 28 -17
65 -49 30
66 38 27
67 7 7
68 -25 -32
69 16 35
70 -41 -46
71 15 -50
72 -38 3
73 49 27
74 -40 -34
75 -20 -47
76 19 15
77 -36 -27
78 34 -9
79 -10 12
80 1 -24
81 37 48
82 28 16
83 -37 11
84 46 39
85 -4 -6
86 -44 -39
87 -1 -50
88 50 45
89 27 -27
90 20 4
91 43 3
92 -7 -42
93 46 15
94 -35 9
95 35 19
96 29 -4
97 -6 10
98 -11 23
99 -34 -13
100 -48 -26
101 -47 22
102 18 -31
103 39 36
104 5 26
105 -8 -50
106 -43 -35
107 25 -15
108 38 14
109 -2 -9
110 28 27
111 18 20
112 -8 -37
113 -39 9
114 -29 19
115 -29 -27
116 -36 42
117 17 24
118 35 46
119 -4 -13
120 -50 -30
121 50 -13
122 -17 13
123 40 -43
124 46 20
125 -17 21
126 29 16
127 -42 -45
128 -50 15
129 -16 -13
130 24 -20
131 28 40
132 -11 -37
133 41 -12
134 37 33
135 -29 -4
136 18 -11
137 3 4
138 39 -31
139 45 46
140 41 25
141 46 -35
142 27 7
143 25 -19
144 29 7
145 47 18
146 -3 11
147 33 4
148 3 -10
149 18 -43
150 -11 -48
151 40 -45
DEMAND_SECTION
1 0
2 12
3 49
4 26
5 26
6 37
7 44
8 35
9 41
10 24
11 17
12 46
13 35
14 18
15 47
16 17
17 28
18 29
19 27
20 37
21 28
22 48
23 46
24 32
25 13
26 47
27 48
28 32
29 42
30 14
31 36
32 28
33 26
34 42
35 21
36 32
37 14
38 17
39 48
40 48
41 39
42 29
43 31
44 16
45 20
46 26
47 26
48 13
49 24
50 16
51 30
52 13
53 14
54 48
55 14
56 42
57 24
58 23
59 22
60 20
61 41
62 20
63 48
64 46
65 44
66 16
67 14
68 48
69 23
70 13
71 18
72 37
73 28
74 16
75 28
76 29
77 21
78 42
79 30
80 26
81 29
82 45
83 42
84 13
85 13
86 15
87 35
88 15
89 15
90 14
91 48
92 42
93 13
94 49
95 44
96 18
97 30
98 40
99 14
100 21
101 47
102 34
103 46
104 48
105 48
106 27
107 37
108 28
109 17
110 20
111 44
112 48
113 39
114 25
115 42
116 38
117 28
118 33
119 37
120 34
121 19
122 19
123 15
124 47
125 20
126 42
127 33
128 20
129 41
130 37
131 19
132 16
133 46
134 19
135 44
136 20
137 37
138 37
139 23
140 29
141 26
142 37
143 32
144 32
145 36
146 47
147 17
148 23
149 35
150 23
151 24
DEPOT_SECTION
1
-1
EOF