NAME: p04_12_NORMALIZED
BEST_KNOWN: 0
COMMENT: 0
DIMENSION: 151
CAPACITY: 100
EDGE_WEIGHT_FORMAT: FUNCTION
EDGE_WEIGHT_TYPE: EXACT_2D
NODE_COORD_SECTION
1 0 0
2 40 13
3 22 42
4 31 -30
5 -26 -13
6 28 30
7 -6 24
8 -45 15
9 2 37
10 -41 19
11 24 -2
12 2 -17
13 -21 3
14 17 -30
15 -47 -30
16 -31 -21
17 12 43
18 -14 38
19 -43 -24
20 -35 -24
21 5 -8
22 3 -15
23 7 -16
24 10 -15
25 -23 12
26 -9 -5
27 -5 -4
28 26 41
29 -21 4
30 -17 31
31 33 -23
32 48 -23
33 -22 -11
34 -18 18
35 -13 5
36 -2 -12
37 13 26
38 24 39
39 -46 26
40 -47 49
41 25 8
42 14 -28
43 20 24
44 -47 34
45 -22 13
46 10 -4
47 49 -16
48 12 -8
49 -17 -34
50 30 -35
51 -7 -34
52 12 40
53 -36 -28
54 -46 50
55 -1 12
56 3 49
57 -31 -10
58 31 -44
59 -21 42
60 28 9
61 33 3
62 -48 -14
63 -48 -5
64 17 28
65 -42 -20
66 3 -36
67 7 -38
68 -25 -1
69 -35 9
70 43 2
71 36 38
72 48 -39
73 -17 -9
74 0 29
75 4 -7
76 46 1
77 49 -31
78 27 22
79 22 27
80 -12 49
81 48 -14
82 -21 -29
83 7 -5
84 -24 -5
85 -28 37
86 14 -4
87 43 33
88 -19 -12
89 40 17
90 50 -46
91 49 -31
92 -39 -31
93 28 -2
94 43 -36
95 -16 8
96 -3 42
97 28 13
98 -14 -11
99 20 -11
100 5 26
101 17 37
102 -10 18
103 40 -16
104 16 34
105 -31 -23
106 8 34
107 -31 -38
108 24 40
109 -46 16
110 45 -10
111 -18 4
112 -28 -13
113 46 -10
114 44 46
115 11 -9
116 -11 9
117 -28 47
118 -9 -15
119 -33 -26
120 39 -17
121 30 10
122 -38 -15
123 21 -35
124 50 -2
125 -39 4
126 0 14
127 -13 48
128 -41 -33
129 11 3
130 32 -44
131 14 -41
132 34 38
133 23 13
134 4 40
135 21 -40
136 16 6
137 -12 -43
138 -35 24
139 -40 -28
140 35 -38
141 -8 -29
142 -18 -43
143 46 -50
144 38 33
145 -23 -12
146 26 6
147 -45 23
148 -8 -20
149 -42 7
150 21 35
151 -7 22
DEMAND_SECTION
1 0
2 18
3 13
4 33
5 18
6 22
7 27
8 47
9 21
10 23
11 16
12 19
13 49
14 34
15 47
16 38
17 48
18 18
19 31
20 30
21 32
22 17
23 31
24 48
25 23
26 12
27 23
28 13
29 47
30 16
31 45
32 26
33 28
34 13
35 28
36 49
37 19
38 21
39 22
40 32
41 31
42 16
43 44
44 48
45 27
46 37
47 48
48 18
49 20
50 41
51 48
52 47
53 42
54 40
55 16
56 21
57 13
58 32
59 33
60 32
61 15
62 17
63 36
64 32
65 40
66 23
67 24
68 18
69 49
70 21
71 35
72 48
73 26
74 16
75 17
76 24
77 40
78 35
79 44
80 39
81 44
82 39
83 19
84 31
85 25
86 40
87 35
88 23
89 13
90 29
91 43
92 22
93 31
94 44
95 25
96 45
97 35
98 45
99 26
100 19
101 20
102 39
103 14
104 29
105 37
106 27
107 44
108 15
109 48
110 36
111 47
112 27
113 33
114 28
115 22
116 24
117 15
118 31
119 25
120 30
121 39
122 13
123 47
124 45
125 20
126 43
127 38
128 38
129 36
130 24
131 26
132 19
133 16
134 45
135 12
136 43
137 19
138 22
139 31
140 29
141 30
142 37
143 29
144 17
145 25
146 33
147 48
148 13
149 19
150 33
151 43
DEPOT_SECTION
1
-1
EOF