NAME: p04_1090_tsplib0_NORMALIZED
BEST_KNOWN: 0
COMMENT: 0
DIMENSION: 151
CAPACITY: 100
EDGE_WEIGHT_FORMAT: FUNCTION
EDGE_WEIGHT_TYPE: EXACT_2D
NODE_COORD_SECTION
1 0 0
2 2 17
3 14 14
4 17 29
5 -15 -9
6 5 -5
7 -14 12
8 -18 28
9 -4 27
10 17 -2
11 16 -14
12 7 6
13 -4 -3
14 -30 -10
15 -23 7
16 1 -19
17 17 6
18 -8 -12
19 -18 -2
20 -22 -22
21 22 23
22 27 7
23 7 22
24 -19 22
25 -27 17
26 -28 3
27 -8 33
28 -5 13
29 8 32
30 23 13
31 23 -8
32 2 34
33 3 11
34 11 -25
35 26 -2
36 27 28
37 28 34
38 -3 -13
39 10 0
40 24 -20
41 -30 -29
42 -25 -18
43 -14 -25
44 -30 29
45 -5 -20
46 4 -25
47 -3 4
48 -10 -3
49 -10 20
50 13 -7
51 21 2
52 6 14
53 0 -18
54 20 10
55 20 -15
56 -20 -5
57 -10 -5
58 -15 15
59 -25 8
60 20 25
61 -5 25
62 -15 30
63 15 0
64 -5 -10
65 -20 -25
66 -5 -30
67 -25 -15
68 -30 -5
69 -15 5
70 -20 25
71 10 30
72 10 -15
73 10 -25
74 20 -30
75 30 0
76 30 -15
77 10 -5
78 0 5
79 6 2
80 29 7
81 5 25
82 -4 17
83 0 34
84 18 17
85 30 20
86 28 30
87 -33 25
88 -15 -15
89 -30 -30
90 25 -23
91 5 -10
92 7 -28
93 -11 -23
94 -12 -32
95 -24 -21
96 -29 3
97 -33 13
98 -27 21
99 -22 17
100 -29 33
101 12 12
102 14 23
103 -8 8
104 2 -4
105 22 -6
106 28 -12
107 18 -23
108 -3 -23
109 1 -9
110 -14 -11
111 -18 -1
112 -23 -11
113 -11 23
114 -8 34
115 -20 42
116 27 42
117 14 38
118 32 -30
119 21 4
120 2 12
121 2 21
122 22 33
123 12 -19
124 9 -18
125 11 -22
126 14 -24
127 14 7
128 18 8
129 26 17
130 22 13
131 21 2
132 20 19
133 -20 12
134 -21 2
135 -24 -4
136 -19 -13
137 -31 -17
138 -7 -17
139 -9 17
140 -9 0
141 -4 32
142 -20 -16
143 -13 -13
144 -17 -11
145 -9 -8
146 -10 -11
147 -13 -8
148 -10 -14
149 -16 -14
150 -15 -9
151 -17 -17
DEMAND_SECTION
1 0
2 78
3 41
4 28
5 54
6 82
7 78
8 49
9 18
10 26
11 12
12 74
13 41
14 47
15 51
16 66
17 33
18 16
19 50
20 78
21 53
22 18
23 60
24 62
25 56
26 73
27 68
28 12
29 72
30 22
31 18
32 78
33 74
34 76
35 27
36 77
37 48
38 72
39 48
40 48
41 76
42 25
43 15
44 60
45 63
46 80
47 32
48 49
49 44
50 77
51 59
52 63
53 62
54 16
55 83
56 69
57 68
58 34
59 66
60 42
61 37
62 80
63 31
64 35
65 33
66 38
67 48
68 78
69 17
70 88
71 79
72 85
73 81
74 77
75 89
76 14
77 36
78 56
79 67
80 55
81 74
82 62
83 32
84 64
85 61
86 88
87 72
88 88
89 74
90 78
91 19
92 75
93 56
94 24
95 85
96 64
97 73
98 71
99 44
100 71
101 18
102 63
103 73
104 70
105 86
106 45
107 27
108 17
109 54
110 35
111 83
112 83
113 63
114 11
115 34
116 65
117 41
118 39
119 76
120 71
121 84
122 37
123 49
124 14
125 40
126 62
127 52
128 87
129 49
130 64
131 46
132 60
133 58
134 72
135 68
136 73
137 56
138 54
139 35
140 34
141 85
142 54
143 59
144 56
145 24
146 62
147 64
148 89
149 27
150 54
151 38
DEPOT_SECTION
1
-1
EOF