NAME: p04_5_NORMALIZED
BEST_KNOWN: 0
COMMENT: 0
DIMENSION: 151
CAPACITY: 100
EDGE_WEIGHT_FORMAT: FUNCTION
EDGE_WEIGHT_TYPE: EXACT_2D
NODE_COORD_SECTION
1 0 0
2 -36 48
3 -10 -39
4 12 5
5 -29 32
6 -41 -33
7 38 16
8 31 -41
9 -11 -47
10 34 -48
11 -10 3
12 -37 8
13 -6 39
14 -24 -43
15 34 42
16 18 -3
17 -45 29
18 44 44
19 -50 27
20 31 -50
21 0 -31
22 14 -43
23 -37 -10
24 -10 34
25 2 35
26 -43 -10
27 16 40
28 -9 41
29 -49 -40
30 34 26
31 -1 -25
32 -50 -9
33 17 30
34 33 -19
35 -12 -1
36 14 -34
37 -50 -43
38 -2 -44
39 9 -7
40 -33 -32
41 39 -26
42 -15 -31
43 25 25
44 20 11
45 37 4
46 -29 -32
47 27 -28
48 11 5
49 -23 17
50 19 -15
51 50 -36
52 -5 -35
53 -5 3
54 -35 1
55 -11 37
56 49 -39
57 -40 6
58 5 30
59 20 -43
60 -23 -4
61 -17 49
62 -3 46
63 25 -15
64 31 -20
65 -8 -25
66 31 29
67 39 27
68 -11 -44
69 5 -19
70 -50 14
71 18 45
72 -25 25
73 35 17
74 30 -24
75 29 -9
76 -26 22
77 -38 -42
78 -13 -4
79 -22 46
80 -2 15
81 9 -29
82 35 -18
83 -29 27
84 34 18
85 -16 28
86 1 23
87 -24 27
88 -2 -11
89 20 14
90 -36 13
91 42 -30
92 17 -29
93 -11 -8
94 35 23
95 -6 12
96 -35 3
97 40 19
98 -30 -29
99 37 -34
100 -11 -47
101 -11 49
102 -16 13
103 44 5
104 34 10
105 -49 -9
106 12 30
107 16 38
108 -2 -18
109 4 -2
110 23 8
111 50 34
112 24 9
113 -27 -48
114 18 -30
115 0 50
116 24 -5
117 8 7
118 12 17
119 -22 -3
120 -20 2
121 -18 16
122 -28 -26
123 26 23
124 11 0
125 19 -9
126 -27 -10
127 -1 41
128 -31 -7
129 36 -27
130 4 47
131 48 -22
132 40 6
133 2 -7
134 -45 21
135 -20 -33
136 15 -12
137 -36 26
138 43 50
139 -34 -30
140 40 36
141 11 -10
142 -49 -22
143 -13 -18
144 44 -5
145 -44 28
146 -39 -8
147 2 -40
148 0 -27
149 -37 -12
150 3 -5
151 -5 17
DEMAND_SECTION
1 0
2 23
3 42
4 18
5 22
6 16
7 16
8 25
9 13
10 26
11 32
12 15
13 39
14 41
15 12
16 48
17 32
18 43
19 45
20 14
21 20
22 46
23 15
24 14
25 14
26 18
27 35
28 22
29 30
30 44
31 41
32 48
33 40
34 30
35 19
36 36
37 40
38 14
39 50
40 48
41 25
42 36
43 44
44 41
45 26
46 42
47 50
48 25
49 45
50 19
51 31
52 12
53 39
54 46
55 21
56 30
57 19
58 21
59 14
60 46
61 13
62 46
63 46
64 26
65 19
66 37
67 37
68 42
69 31
70 16
71 46
72 26
73 27
74 28
75 15
76 49
77 35
78 37
79 17
80 48
81 14
82 46
83 30
84 12
85 47
86 23
87 45
88 20
89 45
90 16
91 38
92 44
93 40
94 48
95 20
96 33
97 45
98 35
99 30
100 36
101 38
102 27
103 41
104 33
105 48
106 37
107 47
108 26
109 22
110 15
111 37
112 33
113 32
114 42
115 13
116 47
117 29
118 45
119 25
120 46
121 29
122 32
123 18
124 27
125 28
126 15
127 16
128 48
129 46
130 36
131 31
132 29
133 17
134 16
135 29
136 25
137 40
138 43
139 44
140 15
141 26
142 16
143 20
144 14
145 16
146 24
147 27
148 21
149 22
150 14
151 43
DEPOT_SECTION
1
-1
EOF