NAME: p04_13_NORMALIZED
BEST_KNOWN: 0
COMMENT: 0
DIMENSION: 151
CAPACITY: 100
EDGE_WEIGHT_FORMAT: FUNCTION
EDGE_WEIGHT_TYPE: EXACT_2D
NODE_COORD_SECTION
1 0 0
2 36 20
3 20 0
4 -21 38
5 11 7
6 -26 3
7 23 36
8 -29 -15
9 -3 -3
10 -2 16
11 19 26
12 7 29
13 -23 44
14 33 40
15 -3 33
16 -3 26
17 9 -4
18 -13 45
19 -29 -38
20 -21 -41
21 -21 -12
22 -25 14
23 20 24
24 9 25
25 -25 34
26 -22 8
27 22 0
28 -40 43
29 42 27
30 -48 -14
31 36 -49
32 -37 39
33 19 33
34 32 33
35 26 -16
36 0 0
37 37 -30
38 20 -49
39 30 -20
40 38 -9
41 -6 -14
42 24 -31
43 -23 -33
44 4 49
45 -9 -40
46 37 -3
47 50 -42
48 48 -5
49 50 -36
50 48 -12
51 -41 43
52 16 47
53 -39 -18
54 25 -50
55 -16 23
56 34 -28
57 8 -49
58 -22 26
59 28 -19
60 -39 42
61 12 -3
62 -39 -31
63 44 43
64 39 -32
65 24 33
66 40 2
67 -47 -28
68 -38 17
69 46 -4
70 -18 49
71 -5 18
72 -23 25
73 11 22
74 -19 26
75 28 37
76 -19 -8
77 -10 -38
78 15 -36
79 36 48
80 -11 40
81 46 -2
82 14 -9
83 -19 17
84 34 40
85 -50 -26
86 5 -6
87 -27 25
88 39 -33
89 6 34
90 13 -16
91 -25 -30
92 27 44
93 -13 26
94 10 -8
95 -38 8
96 17 -15
97 21 -19
98 -35 -33
99 29 20
100 -34 32
101 48 15
102 -40 28
103 45 26
104 -43 23
105 -14 -28
106 45 -44
107 5 -28
108 3 -22
109 -17 21
110 -16 -1
111 -14 -19
112 43 -49
113 22 -9
114 9 28
115 26 -22
116 -46 30
117 -24 -34
118 -4 -8
119 19 -18
120 8 16
121 33 39
122 44 -38
123 21 -5
124 10 -13
125 7 5
126 -7 -30
127 16 5
128 -18 -19
129 31 9
130 2 34
131 49 -29
132 15 23
133 32 -13
134 -19 -22
135 -23 29
136 21 -44
137 -13 -37
138 -34 0
139 -38 47
140 -4 -11
141 -46 14
142 19 -7
143 -22 50
144 14 -21
145 -13 -46
146 14 -26
147 34 23
148 6 40
149 -38 13
150 -44 -36
151 -50 12
DEMAND_SECTION
1 0
2 13
3 42
4 47
5 29
6 39
7 44
8 50
9 35
10 21
11 18
12 45
13 15
14 32
15 46
16 31
17 32
18 31
19 25
20 43
21 48
22 40
23 25
24 38
25 43
26 44
27 32
28 20
29 39
30 14
31 37
32 29
33 24
34 32
35 38
36 47
37 40
38 27
39 22
40 15
41 27
42 18
43 17
44 34
45 23
46 40
47 47
48 28
49 24
50 39
51 44
52 28
53 39
54 20
55 30
56 14
57 30
58 19
59 23
60 38
61 33
62 21
63 15
64 15
65 31
66 43
67 49
68 31
69 48
70 42
71 12
72 14
73 50
74 44
75 37
76 12
77 47
78 30
79 33
80 35
81 38
82 34
83 24
84 20
85 45
86 28
87 45
88 50
89 31
90 43
91 33
92 40
93 13
94 18
95 14
96 32
97 20
98 43
99 23
100 35
101 17
102 30
103 30
104 45
105 32
106 21
107 44
108 40
109 30
110 14
111 40
112 35
113 40
114 30
115 39
116 47
117 24
118 24
119 14
120 30
121 19
122 30
123 25
124 27
125 28
126 36
127 29
128 35
129 23
130 24
131 20
132 48
133 16
134 12
135 28
136 49
137 21
138 43
139 50
140 34
141 17
142 14
143 28
144 24
145 44
146 18
147 30
148 17
149 16
150 41
151 43
DEPOT_SECTION
1
-1
EOF