NAME: p04_7_NORMALIZED
BEST_KNOWN: 0
COMMENT: 0
DIMENSION: 151
CAPACITY: 100
EDGE_WEIGHT_FORMAT: FUNCTION
EDGE_WEIGHT_TYPE: EXACT_2D
NODE_COORD_SECTION
1 0 0
2 -42 -44
3 -35 -18
4 -26 34
5 2 39
6 31 27
7 26 32
8 49 -44
9 -40 41
10 28 -35
11 -45 40
12 -8 -10
13 2 -37
14 29 2
15 41 18
16 -27 38
17 -1 50
18 11 -46
19 -49 22
20 45 -36
21 -34 23
22 6 -30
23 41 -6
24 31 -12
25 -47 -25
26 47 11
27 42 48
28 26 -35
29 -38 36
30 43 15
31 35 39
32 -41 45
33 -40 16
34 -6 32
35 46 17
36 38 22
37 39 17
38 -1 44
39 43 30
40 -2 -26
41 1 35
42 22 -21
43 -21 23
44 -15 5
45 -23 -45
46 44 13
47 15 -20
48 33 0
49 -34 -31
50 10 -14
51 41 -29
52 22 -41
53 -24 43
54 -24 -16
55 7 24
56 0 -2
57 9 -8
58 2 -34
59 46 44
60 42 -40
61 36 -4
62 -30 -14
63 -35 -13
64 -47 40
65 8 -16
66 40 31
67 -47 10
68 -8 -11
69 24 -39
70 11 8
71 -5 -20
72 -22 -43
73 -20 49
74 48 -39
75 30 -3
76 3 43
77 -46 10
78 -38 24
79 -11 4
80 -37 -48
81 0 -34
82 5 -48
83 17 -13
84 -22 -16
85 17 -21
86 -32 15
87 33 3
88 -11 32
89 -41 11
90 31 -45
91 -27 -13
92 25 35
93 0 -44
94 1 13
95 -31 14
96 32 -3
97 -8 -7
98 -6 28
99 -47 39
100 -2 50
101 43 4
102 2 -37
103 -33 38
104 7 -42
105 12 -7
106 32 -35
107 19 16
108 -6 34
109 47 11
110 -35 -20
111 49 -37
112 -30 42
113 43 22
114 -17 40
115 20 -47
116 -10 -17
117 -12 34
118 -37 -3
119 35 -41
120 8 31
121 22 -13
122 -39 14
123 29 32
124 38 -43
125 -9 38
126 -2 15
127 -44 -1
128 -48 -39
129 37 -17
130 44 14
131 -16 40
132 38 4
133 35 17
134 -46 -12
135 -42 -36
136 30 10
137 -41 48
138 16 5
139 16 32
140 9 -6
141 32 -19
142 -16 -32
143 -17 2
144 -46 5
145 6 -48
146 21 44
147 12 10
148 -33 -9
149 4 -45
150 -26 39
151 44 32
DEMAND_SECTION
1 0
2 49
3 33
4 16
5 45
6 29
7 13
8 48
9 48
10 27
11 13
12 41
13 16
14 48
15 27
16 49
17 24
18 13
19 43
20 31
21 16
22 39
23 44
24 26
25 29
26 44
27 31
28 50
29 31
30 16
31 29
32 46
33 15
34 24
35 22
36 41
37 48
38 16
39 48
40 14
41 24
42 26
43 41
44 46
45 50
46 17
47 27
48 14
49 39
50 47
51 16
52 26
53 19
54 34
55 44
56 24
57 47
58 14
59 40
60 24
61 18
62 12
63 39
64 45
65 33
66 26
67 41
68 16
69 30
70 13
71 46
72 28
73 41
74 14
75 33
76 22
77 20
78 13
79 48
80 18
81 14
82 27
83 23
84 37
85 15
86 14
87 43
88 25
89 49
90 46
91 26
92 14
93 27
94 36
95 25
96 33
97 16
98 19
99 29
100 47
101 42
102 27
103 48
104 30
105 27
106 29
107 44
108 32
109 27
110 44
111 41
112 26
113 16
114 22
115 39
116 31
117 21
118 47
119 35
120 43
121 28
122 40
123 36
124 26
125 50
126 30
127 39
128 14
129 48
130 13
131 20
132 17
133 27
134 41
135 31
136 42
137 49
138 33
139 43
140 27
141 50
142 33
143 23
144 38
145 31
146 20
147 42
148 28
149 17
150 15
151 50
DEPOT_SECTION
1
-1
EOF