NAME: p04_10_NORMALIZED
BEST_KNOWN: 0
COMMENT: 0
DIMENSION: 151
CAPACITY: 100
EDGE_WEIGHT_FORMAT: FUNCTION
EDGE_WEIGHT_TYPE: EXACT_2D
NODE_COORD_SECTION
1 0 0
2 39 -5
3 20 -10
4 47 -17
5 34 28
6 38 16
7 -2 -48
8 1 -15
9 22 40
10 -1 -47
11 -16 -45
12 40 -36
13 48 -12
14 -11 40
15 38 46
16 -12 19
17 -49 -39
18 9 15
19 10 35
20 -1 -24
21 35 -19
22 20 -43
23 15 -2
24 13 3
25 38 50
26 24 -15
27 32 28
28 26 -42
29 -48 -35
30 23 -42
31 -45 -12
32 19 -43
33 -23 24
34 27 10
35 25 -18
36 1 1
37 -24 -23
38 -26 44
39 -17 18
40 5 -4
41 -31 -14
42 11 -6
43 36 1
44 37 -14
45 -30 3
46 30 49
47 2 -35
48 13 36
49 -7 -6
50 46 25
51 -34 -25
52 -12 -31
53 -48 -37
54 -43 -21
55 26 4
56 21 -47
57 44 25
58 12 -18
59 -6 -28
60 49 18
61 -11 -42
62 1 -31
63 17 26
64 -9 43
65 -13 3
66 6 -8
67 -31 26
68 5 -13
69 2 -41
70 -28 -18
71 15 35
72 -46 5
73 -13 24
74 -42 -39
75 40 -30
76 8 -35
77 28 -24
78 -14 -48
79 -39 -9
80 -38 28
81 35 13
82 -34 28
83 -33 47
84 -30 24
85 -16 15
86 28 -5
87 8 13
88 -5 36
89 10 -14
90 -41 -29
91 -45 -2
92 -8 -33
93 26 -10
94 -31 -5
95 -18 41
96 -29 37
97 -39 -35
98 -3 -24
99 24 36
100 -8 33
101 -4 36
102 -38 -27
103 -3 -13
104 47 -14
105 36 -20
106 32 -45
107 -8 3
108 -42 -40
109 -37 -21
110 20 -35
111 40 -19
112 -16 -30
113 -7 -7
114 30 38
115 14 -7
116 -22 -18
117 24 -9
118 9 -48
119 -5 -25
120 -21 42
121 -22 31
122 43 12
123 7 -17
124 -21 -41
125 2 -16
126 6 -22
127 -35 36
128 33 41
129 25 49
130 7 10
131 -50 13
132 -41 34
133 7 22
134 1 -40
135 41 -1
136 35 33
137 -43 21
138 12 37
139 6 -34
140 -38 12
141 -6 44
142 16 -43
143 46 -26
144 28 30
145 -12 24
146 -40 -5
147 -10 8
148 -30 1
149 49 -17
150 18 17
151 35 -5
DEMAND_SECTION
1 0
2 38
3 16
4 46
5 27
6 19
7 33
8 27
9 43
10 32
11 46
12 49
13 34
14 20
15 35
16 34
17 46
18 30
19 37
20 13
21 28
22 16
23 42
24 29
25 44
26 49
27 33
28 49
29 21
30 18
31 28
32 49
33 27
34 15
35 39
36 29
37 48
38 18
39 46
40 24
41 45
42 44
43 38
44 43
45 14
46 33
47 15
48 33
49 27
50 26
51 33
52 19
53 38
54 44
55 32
56 36
57 24
58 26
59 17
60 41
61 28
62 33
63 45
64 35
65 34
66 48
67 49
68 39
69 28
70 21
71 41
72 21
73 15
74 49
75 28
76 26
77 24
78 16
79 38
80 33
81 40
82 15
83 26
84 47
85 27
86 34
87 18
88 19
89 24
90 48
91 21
92 45
93 33
94 20
95 21
96 47
97 49
98 29
99 17
100 35
101 35
102 33
103 29
104 14
105 25
106 40
107 31
108 14
109 42
110 47
111 39
112 27
113 28
114 30
115 16
116 13
117 20
118 36
119 24
120 45
121 38
122 18
123 41
124 16
125 47
126 31
127 19
128 20
129 28
130 38
131 49
132 30
133 46
134 35
135 47
136 48
137 24
138 17
139 16
140 34
141 49
142 41
143 18
144 33
145 37
146 48
147 48
148 20
149 22
150 24
151 24
DEPOT_SECTION
1
-1
EOF