NAME: p04_21_NORMALIZED
BEST_KNOWN: 0
COMMENT: 0
DIMENSION: 151
CAPACITY: 100
EDGE_WEIGHT_FORMAT: FUNCTION
EDGE_WEIGHT_TYPE: EXACT_2D
NODE_COORD_SECTION
1 0 0
2 25 -19
3 -3 -28
4 24 33
5 30 -14
6 12 -8
7 36 0
8 -26 -20
9 26 19
10 5 -9
11 2 -17
12 35 -17
13 32 32
14 -19 2
15 -21 -34
16 34 -2
17 34 -39
18 24 -17
19 -5 1
20 24 42
21 26 34
22 -34 -13
23 6 9
24 -12 50
25 11 10
26 45 -33
27 -5 2
28 -8 22
29 -49 16
30 45 23
31 -23 -45
32 35 1
33 44 -21
34 40 -6
35 44 -32
36 17 -10
37 30 19
38 9 47
39 19 15
40 -20 27
41 -18 -50
42 39 -3
43 16 -47
44 33 -2
45 18 -24
46 0 48
47 20 24
48 -40 -41
49 -17 20
50 13 6
51 -17 11
52 22 9
53 -38 1
54 25 46
55 -43 -45
56 -41 5
57 -29 17
58 -15 27
59 21 23
60 -10 -4
61 -45 22
62 12 -37
63 -34 2
64 -29 -46
65 32 46
66 36 -23
67 44 41
68 -11 29
69 -4 50
70 -42 28
71 1 -26
72 22 25
73 5 -17
74 -6 43
75 16 30
76 -15 24
77 -3 -15
78 -6 -47
79 46 8
80 12 13
81 32 36
82 13 27
83 31 -40
84 -31 17
85 20 -13
86 -7 -24
87 -6 -9
88 -29 49
89 50 -5
90 8 1
91 6 -7
92 -10 -3
93 31 -12
94 -23 -37
95 25 49
96 -19 -12
97 3 -17
98 -46 19
99 -27 1
100 32 18
101 34 -45
102 -22 -14
103 -36 -32
104 -46 42
105 -6 21
106 14 12
107 50 -15
108 -1 43
109 23 32
110 -32 -25
111 10 47
112 20 -42
113 -26 -28
114 -42 -31
115 -40 -10
116 -18 28
117 34 -10
118 49 30
119 43 16
120 0 20
121 20 -18
122 -23 -32
123 11 0
124 -6 -35
125 44 -48
126 26 44
127 -15 -32
128 7 30
129 5 -9
130 39 40
131 -37 2
132 42 47
133 45 24
134 7 44
135 -22 28
136 45 10
137 -26 20
138 29 2
139 -13 41
140 -44 21
141 21 -34
142 40 14
143 18 29
144 7 -21
145 7 21
146 42 8
147 -8 35
148 -6 40
149 -2 -43
150 -46 -10
151 -34 4
DEMAND_SECTION
1 0
2 35
3 41
4 24
5 27
6 18
7 25
8 46
9 40
10 16
11 49
12 30
13 49
14 13
15 24
16 22
17 36
18 40
19 15
20 26
21 23
22 26
23 37
24 13
25 23
26 26
27 36
28 41
29 47
30 44
31 37
32 23
33 36
34 14
35 17
36 24
37 36
38 17
39 17
40 33
41 32
42 27
43 25
44 39
45 30
46 23
47 25
48 42
49 26
50 31
51 27
52 34
53 18
54 30
55 33
56 46
57 50
58 30
59 43
60 38
61 42
62 30
63 25
64 14
65 36
66 46
67 19
68 43
69 26
70 32
71 21
72 40
73 32
74 37
75 30
76 16
77 40
78 23
79 23
80 42
81 19
82 17
83 32
84 28
85 34
86 16
87 27
88 49
89 41
90 35
91 29
92 40
93 32
94 28
95 30
96 49
97 25
98 16
99 34
100 23
101 36
102 48
103 30
104 22
105 48
106 50
107 17
108 48
109 16
110 49
111 18
112 22
113 45
114 17
115 49
116 14
117 22
118 28
119 25
120 16
121 42
122 21
123 31
124 16
125 33
126 14
127 36
128 28
129 19
130 27
131 34
132 33
133 17
134 19
135 15
136 33
137 14
138 21
139 20
140 49
141 22
142 43
143 22
144 50
145 12
146 34
147 17
148 25
149 45
150 37
151 34
DEPOT_SECTION
1
-1
EOF