NAME: p04_00_tsplib0_NORMALIZED
BEST_KNOWN: 0
COMMENT: 0
DIMENSION: 151
CAPACITY: 100
EDGE_WEIGHT_FORMAT: FUNCTION
EDGE_WEIGHT_TYPE: EXACT_2D
NODE_COORD_SECTION
1 0 0
2 2 17
3 14 14
4 17 29
5 -15 -9
6 5 -5
7 -14 12
8 -18 28
9 -4 27
10 17 -2
11 16 -14
12 7 6
13 -4 -3
14 -30 -10
15 -23 7
16 1 -19
17 17 6
18 -8 -12
19 -18 -2
20 -22 -22
21 22 23
22 27 7
23 7 22
24 -19 22
25 -27 17
26 -28 3
27 -8 33
28 -5 13
29 8 32
30 23 13
31 23 -8
32 2 34
33 3 11
34 11 -25
35 26 -2
36 27 28
37 28 34
38 -3 -13
39 10 0
40 24 -20
41 -30 -29
42 -25 -18
43 -14 -25
44 -30 29
45 -5 -20
46 4 -25
47 -3 4
48 -10 -3
49 -10 20
50 13 -7
51 21 2
52 6 14
53 0 -18
54 20 10
55 20 -15
56 -20 -5
57 -10 -5
58 -15 15
59 -25 8
60 20 25
61 -5 25
62 -15 30
63 15 0
64 -5 -10
65 -20 -25
66 -5 -30
67 -25 -15
68 -30 -5
69 -15 5
70 -20 25
71 10 30
72 10 -15
73 10 -25
74 20 -30
75 30 0
76 30 -15
77 10 -5
78 0 5
79 6 2
80 29 7
81 5 25
82 -4 17
83 0 34
84 18 17
85 30 20
86 28 30
87 -33 25
88 -15 -15
89 -30 -30
90 25 -23
91 5 -10
92 7 -28
93 -11 -23
94 -12 -32
95 -24 -21
96 -29 3
97 -33 13
98 -27 21
99 -22 17
100 -29 33
101 12 12
102 14 23
103 -8 8
104 2 -4
105 22 -6
106 28 -12
107 18 -23
108 -3 -23
109 1 -9
110 -14 -11
111 -18 -1
112 -23 -11
113 -11 23
114 -8 34
115 -20 42
116 27 42
117 14 38
118 32 -30
119 21 4
120 2 12
121 2 21
122 22 33
123 12 -19
124 9 -18
125 11 -22
126 14 -24
127 14 7
128 18 8
129 26 17
130 22 13
131 21 2
132 20 19
133 -20 12
134 -21 2
135 -24 -4
136 -19 -13
137 -31 -17
138 -7 -17
139 -9 17
140 -9 0
141 -4 32
142 -20 -16
143 -13 -13
144 -17 -11
145 -9 -8
146 -10 -11
147 -13 -8
148 -10 -14
149 -16 -14
150 -15 -9
151 -17 -17
DEMAND_SECTION
1 0
2 3
3 15
4 8
5 4
6 10
7 7
8 9
9 11
10 5
11 2
12 9
13 14
14 11
15 10
16 5
17 7
18 1
19 20
20 4
21 14
22 4
23 4
24 8
25 5
26 14
27 3
28 7
29 7
30 3
31 9
32 5
33 6
34 11
35 13
36 8
37 3
38 4
39 7
40 7
41 3
42 13
43 6
44 5
45 8
46 5
47 2
48 12
49 8
50 9
51 5
52 5
53 3
54 6
55 9
56 13
57 1
58 2
59 4
60 8
61 8
62 6
63 9
64 11
65 10
66 4
67 9
68 1
69 6
70 8
71 4
72 5
73 9
74 14
75 1
76 3
77 8
78 8
79 8
80 4
81 10
82 13
83 11
84 5
85 7
86 4
87 2
88 4
89 8
90 15
91 4
92 2
93 2
94 3
95 9
96 8
97 0
98 13
99 18
100 15
101 6
102 5
103 4
104 7
105 9
106 1
107 3
108 3
109 9
110 14
111 1
112 6
113 9
114 5
115 4
116 10
117 12
118 12
119 18
120 3
121 2
122 7
123 12
124 4
125 4
126 9
127 6
128 7
129 1
130 11
131 3
132 13
133 8
134 5
135 3
136 20
137 17
138 13
139 4
140 7
141 1
142 0
143 1
144 11
145 13
146 10
147 5
148 6
149 5
150 4
151 8
DEPOT_SECTION
1
-1
EOF