NAME: p04_14_NORMALIZED
BEST_KNOWN: 0
COMMENT: 0
DIMENSION: 151
CAPACITY: 100
EDGE_WEIGHT_FORMAT: FUNCTION
EDGE_WEIGHT_TYPE: EXACT_2D
NODE_COORD_SECTION
1 0 0
2 -35 -46
3 26 37
4 -5 22
5 16 -27
6 37 -38
7 4 6
8 15 47
9 38 14
10 20 -26
11 7 -46
12 -30 -1
13 -32 -8
14 48 33
15 8 2
16 26 -47
17 -21 -25
18 47 17
19 46 -45
20 15 -14
21 -37 44
22 38 11
23 35 48
24 22 30
25 -28 -45
26 46 33
27 -29 -35
28 -50 -40
29 2 45
30 10 -33
31 -29 -6
32 -18 40
33 15 -28
34 30 -15
35 21 -41
36 47 34
37 49 14
38 -21 -27
39 29 9
40 -47 -20
41 -9 31
42 31 18
43 -45 -18
44 -50 3
45 43 32
46 -50 -24
47 -18 24
48 44 16
49 23 -29
50 -32 0
51 -30 -5
52 -40 -32
53 44 33
54 35 35
55 39 -41
56 -45 21
57 -24 -7
58 -44 -31
59 42 -15
60 -26 -45
61 26 0
62 14 -29
63 21 -8
64 23 -3
65 -49 41
66 27 -12
67 18 -50
68 0 -12
69 -47 -23
70 0 10
71 21 1
72 23 -38
73 -15 36
74 -32 21
75 39 47
76 -16 17
77 5 -43
78 19 -3
79 13 -23
80 -3 32
81 50 36
82 -18 -31
83 -48 -17
84 -11 -1
85 -38 25
86 22 -36
87 37 -25
88 3 38
89 33 5
90 -8 -45
91 -42 32
92 -46 -19
93 -43 -4
94 31 -11
95 16 3
96 29 -28
97 33 36
98 45 -40
99 -10 37
100 -11 19
101 13 14
102 -6 -16
103 -48 -33
104 -21 -23
105 22 23
106 4 -28
107 9 21
108 -4 33
109 47 34
110 -35 22
111 2 -38
112 -34 18
113 -48 -25
114 -12 -26
115 30 1
116 -10 6
117 -14 10
118 0 -18
119 23 -19
120 20 -21
121 -3 19
122 3 -36
123 30 21
124 31 -36
125 29 31
126 0 -49
127 27 10
128 -20 -2
129 20 44
130 12 46
131 -27 45
132 -22 22
133 12 4
134 -1 18
135 -26 -10
136 -25 -18
137 -23 -13
138 -39 -49
139 18 49
140 20 19
141 -47 37
142 8 -47
143 7 -30
144 33 21
145 10 14
146 -31 22
147 22 0
148 -11 29
149 -40 -15
150 20 -19
151 -47 -20
DEMAND_SECTION
1 0
2 36
3 48
4 44
5 45
6 16
7 32
8 16
9 33
10 20
11 42
12 25
13 34
14 27
15 33
16 13
17 32
18 34
19 46
20 47
21 47
22 19
23 17
24 24
25 30
26 30
27 37
28 23
29 24
30 45
31 13
32 25
33 20
34 15
35 36
36 27
37 20
38 31
39 40
40 49
41 34
42 47
43 20
44 35
45 42
46 50
47 48
48 37
49 25
50 13
51 29
52 18
53 43
54 29
55 49
56 23
57 33
58 31
59 33
60 32
61 13
62 44
63 30
64 37
65 24
66 38
67 22
68 19
69 47
70 28
71 37
72 25
73 30
74 45
75 35
76 28
77 17
78 13
79 14
80 24
81 27
82 20
83 17
84 30
85 35
86 48
87 38
88 29
89 34
90 30
91 40
92 29
93 41
94 15
95 36
96 28
97 17
98 31
99 45
100 36
101 24
102 27
103 31
104 31
105 13
106 44
107 39
108 40
109 30
110 19
111 16
112 28
113 35
114 30
115 22
116 44
117 30
118 23
119 39
120 18
121 27
122 23
123 39
124 29
125 49
126 30
127 18
128 34
129 49
130 24
131 23
132 13
133 27
134 21
135 35
136 34
137 23
138 42
139 43
140 19
141 19
142 19
143 37
144 48
145 17
146 38
147 28
148 48
149 33
150 20
151 27
DEPOT_SECTION
1
-1
EOF