NAME: p04_4_NORMALIZED
BEST_KNOWN: 0
COMMENT: 0
DIMENSION: 151
CAPACITY: 100
EDGE_WEIGHT_FORMAT: FUNCTION
EDGE_WEIGHT_TYPE: EXACT_2D
NODE_COORD_SECTION
1 0 0
2 35 -38
3 35 14
4 9 -32
5 -46 42
6 -5 33
7 -45 15
8 17 -18
9 14 -12
10 36 -32
11 -50 -31
12 -27 8
13 -43 -25
14 45 -9
15 37 -39
16 -10 25
17 48 41
18 -29 13
19 -31 -24
20 -3 9
21 -36 -46
22 32 30
23 -24 -46
24 15 34
25 44 10
26 -6 -2
27 12 -12
28 2 -1
29 32 -3
30 -2 5
31 18 -25
32 32 30
33 4 32
34 31 7
35 31 1
36 -1 -30
37 47 -35
38 44 15
39 -32 -17
40 27 49
41 27 -49
42 -45 -18
43 44 0
44 31 48
45 0 26
46 6 -24
47 -44 30
48 -7 8
49 -29 27
50 14 -13
51 15 26
52 -4 -44
53 45 22
54 43 4
55 39 -37
56 -46 37
57 -48 -26
58 4 18
59 28 -27
60 50 -15
61 40 -24
62 -18 37
63 -38 18
64 40 10
65 13 47
66 -18 -47
67 -36 47
68 9 -20
69 -29 -6
70 -14 -19
71 -36 -26
72 -7 46
73 13 17
74 0 -28
75 32 18
76 -41 3
77 34 -12
78 24 13
79 -1 -1
80 -43 -34
81 16 28
82 24 -48
83 30 41
84 -10 -9
85 -32 8
86 -45 -11
87 37 6
88 15 -44
89 -12 37
90 -29 -25
91 -40 -17
92 -33 -20
93 0 -5
94 -13 -48
95 -28 20
96 -6 -17
97 -18 3
98 -23 -30
99 14 46
100 17 -8
101 41 -5
102 -42 31
103 -40 13
104 -30 32
105 -45 -15
106 5 46
107 26 -43
108 39 45
109 37 48
110 29 41
111 43 -48
112 -2 40
113 12 44
114 -16 13
115 -50 -24
116 31 -39
117 35 8
118 -5 -29
119 -7 -26
120 12 -46
121 -1 -36
122 -24 -50
123 -15 46
124 -17 26
125 -39 -21
126 -26 49
127 -30 8
128 24 36
129 21 10
130 33 -10
131 4 24
132 28 -27
133 9 29
134 40 -41
135 16 23
136 -34 -26
137 -22 -26
138 -36 47
139 17 -45
140 -37 40
141 46 -46
142 40 -20
143 -14 -2
144 -50 37
145 -28 -18
146 -41 18
147 -29 -25
148 13 -1
149 27 -17
150 -37 -46
151 38 32
DEMAND_SECTION
1 0
2 15
3 28
4 16
5 45
6 20
7 44
8 47
9 30
10 22
11 27
12 44
13 50
14 46
15 20
16 15
17 19
18 13
19 20
20 14
21 35
22 16
23 34
24 49
25 25
26 26
27 34
28 33
29 23
30 34
31 20
32 44
33 38
34 24
35 38
36 44
37 38
38 28
39 34
40 43
41 21
42 17
43 22
44 44
45 21
46 35
47 37
48 40
49 41
50 44
51 39
52 14
53 50
54 20
55 22
56 33
57 25
58 45
59 42
60 22
61 49
62 48
63 38
64 36
65 49
66 30
67 15
68 39
69 32
70 28
71 38
72 30
73 36
74 48
75 18
76 16
77 42
78 26
79 39
80 38
81 42
82 16
83 15
84 17
85 43
86 44
87 20
88 42
89 42
90 46
91 24
92 38
93 27
94 43
95 22
96 39
97 31
98 37
99 14
100 23
101 20
102 34
103 33
104 13
105 34
106 41
107 26
108 47
109 26
110 44
111 32
112 49
113 28
114 43
115 49
116 36
117 20
118 26
119 34
120 17
121 28
122 31
123 15
124 39
125 37
126 14
127 50
128 37
129 45
130 12
131 16
132 29
133 43
134 39
135 23
136 14
137 15
138 49
139 49
140 21
141 47
142 32
143 32
144 49
145 38
146 14
147 25
148 30
149 41
150 14
151 48
DEPOT_SECTION
1
-1
EOF