NAME: p04_22_NORMALIZED
BEST_KNOWN: 0
COMMENT: 0
DIMENSION: 151
CAPACITY: 100
EDGE_WEIGHT_FORMAT: FUNCTION
EDGE_WEIGHT_TYPE: EXACT_2D
NODE_COORD_SECTION
1 0 0
2 -17 6
3 47 26
4 15 47
5 -37 -50
6 17 -29
7 2 40
8 -22 -29
9 -32 -48
10 38 -12
11 43 -25
12 9 -10
13 48 44
14 -43 44
15 -2 -35
16 6 43
17 -39 1
18 44 -32
19 -6 25
20 -47 28
21 -47 39
22 -16 25
23 -26 27
24 22 -20
25 -42 -23
26 -21 -18
27 4 50
28 17 -1
29 -9 13
30 6 28
31 10 3
32 -29 -19
33 3 -37
34 -36 50
35 -25 6
36 30 -15
37 44 31
38 3 46
39 19 -45
40 27 21
41 -29 -8
42 27 -44
43 21 4
44 32 49
45 -31 -8
46 39 -41
47 -41 26
48 46 -24
49 -42 -18
50 -11 -50
51 29 -2
52 26 43
53 0 -3
54 4 -16
55 30 41
56 -49 -22
57 7 -36
58 -43 -43
59 -7 22
60 38 8
61 11 22
62 29 -4
63 10 44
64 45 -47
65 19 48
66 -10 -47
67 40 12
68 38 -37
69 -30 -17
70 9 -14
71 -19 20
72 30 36
73 -11 3
74 21 26
75 -35 46
76 48 -30
77 30 -15
78 32 22
79 -39 15
80 -24 21
81 24 33
82 -14 13
83 -23 4
84 18 -13
85 -33 -4
86 9 8
87 -26 -8
88 -9 30
89 22 -42
90 14 34
91 10 30
92 -17 -8
93 -17 10
94 -28 -49
95 31 -45
96 -49 -32
97 -37 29
98 -15 -47
99 45 0
100 39 -10
101 45 40
102 46 -34
103 -31 34
104 7 -49
105 39 43
106 -37 34
107 -39 18
108 34 -38
109 46 -37
110 -24 -34
111 -44 -36
112 4 -18
113 3 -20
114 27 -48
115 24 -12
116 32 14
117 47 7
118 -44 25
119 -18 46
120 -37 -14
121 -24 -41
122 -29 24
123 -4 -35
124 -8 -18
125 -42 13
126 29 -2
127 49 -30
128 -48 -6
129 -27 -50
130 14 -18
131 -5 -42
132 -5 6
133 -33 -4
134 46 -21
135 5 10
136 -50 -20
137 -49 -39
138 20 -8
139 -25 -29
140 5 4
141 -20 9
142 2 3
143 47 -14
144 45 2
145 14 19
146 -3 -47
147 -48 -34
148 38 20
149 8 -23
150 -11 29
151 -16 48
DEMAND_SECTION
1 0
2 12
3 23
4 24
5 50
6 30
7 29
8 17
9 21
10 49
11 27
12 31
13 31
14 31
15 47
16 18
17 23
18 45
19 29
20 34
21 19
22 43
23 40
24 44
25 30
26 28
27 26
28 46
29 30
30 13
31 14
32 32
33 37
34 49
35 21
36 44
37 50
38 38
39 26
40 47
41 43
42 13
43 40
44 14
45 46
46 14
47 24
48 43
49 43
50 36
51 30
52 19
53 43
54 35
55 44
56 13
57 38
58 43
59 37
60 45
61 26
62 45
63 44
64 30
65 41
66 32
67 27
68 50
69 38
70 30
71 43
72 47
73 24
74 38
75 21
76 37
77 23
78 35
79 24
80 42
81 28
82 37
83 39
84 37
85 50
86 36
87 25
88 28
89 15
90 49
91 38
92 46
93 47
94 43
95 23
96 40
97 15
98 28
99 25
100 15
101 26
102 25
103 43
104 38
105 25
106 27
107 23
108 43
109 46
110 43
111 43
112 32
113 30
114 19
115 19
116 12
117 23
118 30
119 14
120 24
121 13
122 39
123 14
124 38
125 17
126 18
127 22
128 17
129 46
130 17
131 30
132 22
133 14
134 20
135 26
136 42
137 17
138 47
139 44
140 15
141 35
142 39
143 25
144 46
145 30
146 45
147 15
148 24
149 34
150 33
151 48
DEPOT_SECTION
1
-1
EOF