NAME: p04_27_NORMALIZED
BEST_KNOWN: 0
COMMENT: 0
DIMENSION: 151
CAPACITY: 100
EDGE_WEIGHT_FORMAT: FUNCTION
EDGE_WEIGHT_TYPE: EXACT_2D
NODE_COORD_SECTION
1 0 0
2 -37 42
3 -12 -49
4 -16 40
5 48 -29
6 -17 23
7 -16 -34
8 -15 13
9 -15 7
10 2 30
11 -15 46
12 -35 30
13 -37 -34
14 47 -24
15 -40 13
16 27 18
17 18 7
18 30 16
19 4 -28
20 29 35
21 47 15
22 -27 -6
23 -23 26
24 -6 15
25 -46 10
26 3 -35
27 -31 -35
28 -43 22
29 27 49
30 32 -42
31 0 -16
32 5 44
33 -43 -48
34 -10 9
35 19 40
36 45 -14
37 -13 3
38 23 -22
39 -7 31
40 -28 -50
41 39 -27
42 48 -19
43 -8 -11
44 -33 -16
45 12 -46
46 48 25
47 -33 -17
48 46 -46
49 -9 -8
50 -40 1
51 28 -23
52 -32 -43
53 -18 -12
54 26 27
55 49 -30
56 -12 -25
57 -2 3
58 -46 0
59 8 -38
60 23 7
61 48 -24
62 -33 -31
63 37 16
64 -19 34
65 -49 39
66 -5 -23
67 41 -11
68 19 -34
69 -18 -24
70 38 -25
71 8 -46
72 -23 -43
73 -40 -10
74 -13 -48
75 41 -28
76 43 15
77 -43 9
78 -5 -46
79 30 -11
80 23 -39
81 -31 -40
82 -5 17
83 -48 34
84 -43 -50
85 39 47
86 -39 36
87 -14 0
88 14 36
89 -2 -33
90 50 29
91 -25 23
92 11 7
93 12 -25
94 45 -41
95 14 25
96 -6 9
97 -4 3
98 48 -9
99 -14 -47
100 -35 12
101 -35 -23
102 17 -45
103 43 -43
104 -25 -41
105 14 -11
106 45 10
107 48 -40
108 -1 -2
109 -17 -17
110 -21 30
111 -46 31
112 -9 0
113 17 -38
114 -6 -45
115 4 2
116 25 4
117 18 37
118 16 1
119 -30 28
120 5 -23
121 43 -39
122 -36 -5
123 -21 -8
124 -42 -46
125 8 32
126 4 12
127 -43 -25
128 45 11
129 -25 -9
130 6 24
131 31 4
132 -16 -42
133 10 45
134 -47 19
135 5 3
136 -38 -34
137 28 -4
138 -42 45
139 -30 30
140 -49 -12
141 -41 24
142 -39 -45
143 -8 41
144 -41 -41
145 -29 22
146 29 1
147 -33 -3
148 50 -42
149 -1 45
150 -46 26
151 -49 -11
DEMAND_SECTION
1 0
2 29
3 31
4 26
5 31
6 15
7 20
8 26
9 32
10 37
11 40
12 38
13 45
14 40
15 28
16 30
17 43
18 42
19 43
20 23
21 25
22 33
23 38
24 30
25 45
26 48
27 18
28 46
29 19
30 13
31 34
32 24
33 13
34 19
35 49
36 37
37 20
38 14
39 20
40 19
41 21
42 46
43 21
44 13
45 18
46 25
47 26
48 50
49 17
50 29
51 20
52 26
53 45
54 44
55 19
56 13
57 22
58 46
59 47
60 31
61 46
62 18
63 16
64 48
65 21
66 27
67 18
68 39
69 30
70 44
71 19
72 19
73 13
74 44
75 22
76 48
77 47
78 23
79 31
80 36
81 24
82 39
83 47
84 46
85 26
86 38
87 12
88 36
89 17
90 35
91 38
92 36
93 42
94 22
95 34
96 42
97 25
98 18
99 24
100 22
101 48
102 35
103 40
104 31
105 19
106 21
107 33
108 43
109 33
110 31
111 44
112 40
113 34
114 30
115 32
116 17
117 14
118 25
119 19
120 40
121 40
122 49
123 24
124 22
125 39
126 41
127 29
128 44
129 27
130 31
131 28
132 13
133 45
134 26
135 44
136 15
137 36
138 35
139 43
140 44
141 29
142 39
143 19
144 32
145 47
146 25
147 22
148 25
149 13
150 16
151 43
DEPOT_SECTION
1
-1
EOF