NAME: p04_18_NORMALIZED
BEST_KNOWN: 0
COMMENT: 0
DIMENSION: 151
CAPACITY: 100
EDGE_WEIGHT_FORMAT: FUNCTION
EDGE_WEIGHT_TYPE: EXACT_2D
NODE_COORD_SECTION
1 0 0
2 -21 44
3 33 1
4 -8 45
5 2 -28
6 40 -33
7 8 16
8 37 31
9 -36 -46
10 26 10
11 33 -50
12 -20 5
13 -4 -23
14 50 -16
15 18 4
16 -22 16
17 13 -49
18 -13 6
19 -1 49
20 15 -29
21 -43 35
22 46 -45
23 7 -19
24 -39 38
25 -18 -48
26 44 46
27 -37 -12
28 15 27
29 9 -4
30 20 13
31 12 12
32 22 39
33 -2 -49
34 42 37
35 -50 43
36 -17 26
37 34 45
38 23 3
39 -48 -12
40 1 -21
41 -4 -28
42 -29 30
43 -36 -43
44 22 -19
45 45 2
46 41 -46
47 -20 -31
48 17 -14
49 -33 -17
50 6 -30
51 30 -22
52 20 16
53 -19 13
54 4 25
55 -34 16
56 -19 43
57 -28 9
58 -13 11
59 -29 -49
60 27 30
61 41 2
62 1 30
63 -46 16
64 -11 -10
65 1 -38
66 -9 18
67 -13 7
68 -19 28
69 21 -14
70 -43 -26
71 -48 6
72 -17 -36
73 17 -36
74 -37 -43
75 27 -14
76 -5 -19
77 30 -36
78 -43 -31
79 25 -20
80 -50 -33
81 -7 -4
82 -35 38
83 -25 32
84 18 46
85 43 47
86 -49 -37
87 12 39
88 -10 29
89 32 -24
90 36 15
91 -26 -27
92 -47 -50
93 13 -43
94 -18 -36
95 -10 25
96 -22 -16
97 3 -42
98 -31 -19
99 20 26
100 46 46
101 -36 13
102 -36 -42
103 47 -50
104 -32 38
105 46 44
106 -49 16
107 -15 39
108 -46 -43
109 28 31
110 -30 -9
111 40 19
112 28 -34
113 -19 31
114 -29 -47
115 -7 -6
116 -13 1
117 -45 32
118 1 26
119 -23 -41
120 -16 -28
121 14 -38
122 -30 4
123 -29 -44
124 -45 50
125 -13 -12
126 47 19
127 16 -19
128 -29 -40
129 -24 -34
130 12 -39
131 -1 1
132 5 1
133 -44 40
134 28 46
135 -35 -13
136 -11 -7
137 -12 -5
138 -36 -31
139 0 -12
140 -30 31
141 11 20
142 35 21
143 -7 -36
144 -31 -37
145 18 39
146 -12 -46
147 50 19
148 -24 -34
149 -25 46
150 -13 28
151 40 5
DEMAND_SECTION
1 0
2 40
3 23
4 21
5 23
6 18
7 16
8 40
9 44
10 50
11 44
12 49
13 31
14 38
15 27
16 30
17 44
18 12
19 47
20 22
21 32
22 15
23 37
24 32
25 37
26 29
27 22
28 26
29 31
30 34
31 29
32 25
33 42
34 39
35 26
36 33
37 22
38 28
39 31
40 40
41 13
42 48
43 45
44 14
45 35
46 32
47 38
48 44
49 50
50 34
51 29
52 49
53 23
54 20
55 34
56 28
57 25
58 41
59 23
60 50
61 43
62 33
63 27
64 32
65 32
66 19
67 39
68 41
69 24
70 30
71 19
72 31
73 22
74 33
75 29
76 15
77 50
78 46
79 47
80 22
81 47
82 31
83 49
84 36
85 25
86 29
87 19
88 19
89 44
90 44
91 49
92 46
93 29
94 38
95 49
96 36
97 46
98 44
99 23
100 45
101 28
102 27
103 40
104 34
105 13
106 25
107 17
108 40
109 23
110 46
111 28
112 16
113 32
114 27
115 19
116 27
117 33
118 16
119 21
120 38
121 46
122 19
123 44
124 25
125 17
126 31
127 37
128 16
129 35
130 50
131 22
132 35
133 23
134 44
135 22
136 28
137 19
138 38
139 36
140 25
141 34
142 13
143 33
144 35
145 30
146 23
147 20
148 37
149 40
150 15
151 15
DEPOT_SECTION
1
-1
EOF