NAME: p04_6_NORMALIZED
BEST_KNOWN: 0
COMMENT: 0
DIMENSION: 151
CAPACITY: 100
EDGE_WEIGHT_FORMAT: FUNCTION
EDGE_WEIGHT_TYPE: EXACT_2D
NODE_COORD_SECTION
1 0 0
2 -2 -11
3 13 42
4 19 -26
5 -6 -28
6 -20 11
7 10 -43
8 11 -21
9 -27 44
10 6 9
11 -50 0
12 28 14
13 -3 5
14 21 -43
15 10 -46
16 -16 26
17 17 6
18 -3 -49
19 -28 41
20 -10 47
21 48 38
22 7 -11
23 -25 48
24 28 -50
25 -28 50
26 9 37
27 -19 -8
28 17 48
29 23 -28
30 -27 -29
31 -41 -7
32 44 45
33 -6 -17
34 31 -31
35 38 -22
36 -13 48
37 -15 25
38 44 0
39 -36 5
40 -12 7
41 -10 29
42 40 37
43 -29 43
44 11 -25
45 -47 -45
46 9 -47
47 -24 -9
48 23 -22
49 35 7
50 17 20
51 -29 -41
52 32 -35
53 -30 -34
54 43 -30
55 24 46
56 18 21
57 -33 -1
58 23 -20
59 11 21
60 35 36
61 -50 17
62 -18 2
63 25 44
64 46 23
65 41 -3
66 26 -27
67 45 43
68 14 1
69 -23 38
70 27 49
71 24 -11
72 -42 50
73 32 7
74 -33 -6
75 -14 2
76 -43 -22
77 -35 -31
78 -48 -16
79 17 -46
80 33 48
81 -4 2
82 39 49
83 -26 28
84 -24 -13
85 47 -18
86 50 43
87 49 8
88 3 43
89 37 -32
90 -17 -18
91 5 28
92 18 -20
93 46 -23
94 -50 -3
95 -36 -41
96 -3 -40
97 37 -2
98 -25 -14
99 2 -48
100 -7 -26
101 -18 -19
102 19 -21
103 -2 -30
104 37 37
105 -29 -48
106 -39 3
107 9 44
108 37 -50
109 29 23
110 47 -2
111 -49 9
112 4 -22
113 -11 -12
114 -46 8
115 -2 42
116 0 37
117 41 4
118 46 -37
119 10 29
120 -43 -36
121 28 41
122 -22 -24
123 1 -23
124 -27 14
125 14 48
126 -39 20
127 30 36
128 50 -15
129 -18 -5
130 38 -43
131 -20 -20
132 -10 -27
133 28 -14
134 -17 28
135 -2 -41
136 -37 15
137 -40 -45
138 -4 8
139 46 45
140 -22 -34
141 -3 -48
142 47 -33
143 14 5
144 26 23
145 8 -9
146 -32 25
147 -25 16
148 -18 -46
149 44 13
150 -10 -8
151 24 -27
DEMAND_SECTION
1 0
2 27
3 25
4 46
5 16
6 24
7 19
8 40
9 29
10 49
11 25
12 23
13 35
14 16
15 41
16 28
17 21
18 41
19 49
20 16
21 39
22 16
23 33
24 44
25 15
26 31
27 25
28 43
29 25
30 22
31 14
32 14
33 35
34 38
35 24
36 43
37 21
38 33
39 20
40 36
41 22
42 39
43 44
44 41
45 38
46 15
47 28
48 39
49 30
50 42
51 33
52 26
53 26
54 24
55 34
56 26
57 32
58 30
59 12
60 22
61 47
62 35
63 24
64 23
65 12
66 13
67 40
68 39
69 18
70 47
71 23
72 31
73 12
74 49
75 49
76 37
77 28
78 28
79 22
80 38
81 21
82 29
83 41
84 27
85 33
86 40
87 42
88 28
89 41
90 30
91 42
92 28
93 34
94 41
95 30
96 23
97 25
98 49
99 50
100 23
101 20
102 48
103 27
104 21
105 39
106 29
107 49
108 31
109 17
110 32
111 43
112 28
113 27
114 17
115 19
116 36
117 18
118 37
119 29
120 49
121 32
122 18
123 28
124 21
125 17
126 39
127 30
128 20
129 13
130 46
131 39
132 38
133 16
134 50
135 27
136 44
137 46
138 28
139 27
140 45
141 14
142 36
143 43
144 20
145 31
146 28
147 24
148 35
149 26
150 50
151 45
DEPOT_SECTION
1
-1
EOF