NAME: p04_24_NORMALIZED
BEST_KNOWN: 0
COMMENT: 0
DIMENSION: 151
CAPACITY: 100
EDGE_WEIGHT_FORMAT: FUNCTION
EDGE_WEIGHT_TYPE: EXACT_2D
NODE_COORD_SECTION
1 0 0
2 -49 -18
3 -25 -37
4 -43 3
5 6 32
6 -21 -1
7 27 20
8 -7 45
9 17 -21
10 39 -5
11 -17 -19
12 -21 -6
13 16 36
14 8 8
15 25 9
16 -7 37
17 -37 11
18 37 -47
19 -45 -12
20 40 -2
21 41 -48
22 -32 1
23 5 50
24 42 -10
25 46 -34
26 -4 -21
27 -8 14
28 49 -33
29 -29 -50
30 -18 8
31 16 -31
32 7 -22
33 26 8
34 -24 -13
35 7 2
36 -38 32
37 -31 -30
38 11 -50
39 23 40
40 29 3
41 37 -35
42 -37 2
43 23 43
44 -19 -24
45 -14 -17
46 27 -19
47 23 21
48 49 15
49 -37 35
50 -13 -19
51 -4 21
52 -43 -20
53 47 3
54 -24 -23
55 -17 -27
56 6 33
57 -34 -40
58 -10 -4
59 40 24
60 26 22
61 -40 5
62 3 50
63 -45 -34
64 27 7
65 -3 28
66 15 -50
67 -28 20
68 47 22
69 10 42
70 24 -21
71 49 -41
72 -49 35
73 -41 39
74 -45 38
75 23 23
76 24 8
77 14 47
78 -2 -47
79 -1 46
80 16 -19
81 42 -46
82 19 -41
83 30 -22
84 -34 -33
85 -24 -44
86 11 -18
87 -31 -30
88 46 49
89 14 -33
90 -9 -30
91 19 -23
92 15 -44
93 39 44
94 29 -23
95 -23 -44
96 -16 -22
97 -21 -18
98 31 -20
99 -1 38
100 -38 15
101 -1 -19
102 -47 -22
103 10 -48
104 5 -10
105 21 -4
106 18 18
107 -4 -46
108 -20 -22
109 37 43
110 -4 -17
111 33 -46
112 -17 12
113 37 4
114 -30 -33
115 -7 -17
116 29 -27
117 -16 12
118 -17 40
119 -39 -42
120 -26 -23
121 2 -6
122 5 48
123 -5 -36
124 34 17
125 32 35
126 46 30
127 -29 25
128 31 16
129 -19 20
130 -13 -34
131 28 -16
132 31 -45
133 34 -19
134 0 24
135 27 37
136 -18 -16
137 -34 28
138 25 -45
139 27 43
140 37 -45
141 46 -11
142 12 -24
143 8 -31
144 -21 -18
145 8 32
146 -10 11
147 4 47
148 4 43
149 22 -3
150 -42 -42
151 -41 33
DEMAND_SECTION
1 0
2 39
3 43
4 46
5 26
6 18
7 25
8 34
9 43
10 46
11 28
12 37
13 46
14 38
15 40
16 30
17 28
18 35
19 27
20 41
21 17
22 15
23 20
24 44
25 18
26 36
27 17
28 45
29 14
30 23
31 16
32 17
33 29
34 29
35 24
36 18
37 34
38 13
39 41
40 49
41 21
42 34
43 21
44 18
45 19
46 24
47 36
48 43
49 12
50 40
51 19
52 19
53 23
54 20
55 48
56 38
57 16
58 43
59 14
60 43
61 26
62 15
63 44
64 18
65 47
66 37
67 26
68 34
69 30
70 44
71 46
72 28
73 21
74 48
75 43
76 45
77 26
78 40
79 38
80 13
81 23
82 21
83 43
84 25
85 40
86 38
87 22
88 27
89 28
90 29
91 42
92 47
93 26
94 30
95 33
96 29
97 31
98 22
99 41
100 20
101 36
102 22
103 35
104 42
105 31
106 33
107 28
108 26
109 16
110 27
111 15
112 34
113 37
114 27
115 32
116 48
117 38
118 20
119 15
120 27
121 35
122 46
123 37
124 45
125 13
126 48
127 32
128 32
129 20
130 36
131 46
132 18
133 39
134 21
135 36
136 39
137 25
138 35
139 46
140 24
141 39
142 29
143 35
144 49
145 45
146 27
147 17
148 32
149 29
150 20
151 34
DEPOT_SECTION
1
-1
EOF