NAME: p04_20_NORMALIZED
BEST_KNOWN: 0
COMMENT: 0
DIMENSION: 151
CAPACITY: 100
EDGE_WEIGHT_FORMAT: FUNCTION
EDGE_WEIGHT_TYPE: EXACT_2D
NODE_COORD_SECTION
1 0 0
2 42 -28
3 48 0
4 11 10
5 -39 14
6 -1 -4
7 4 -15
8 1 17
9 20 50
10 -4 -27
11 44 -22
12 47 -38
13 42 -25
14 -23 36
15 13 -31
16 42 1
17 -24 -27
18 -17 44
19 -2 50
20 -4 20
21 26 42
22 45 -14
23 -15 -9
24 -47 38
25 46 17
26 -42 -24
27 18 -49
28 -19 20
29 -29 28
30 -13 30
31 -33 -50
32 -47 28
33 -33 34
34 49 -29
35 26 -48
36 -42 26
37 42 36
38 27 39
39 29 33
40 13 35
41 13 -46
42 -38 27
43 23 -31
44 2 42
45 -1 13
46 26 19
47 8 -33
48 -16 43
49 -4 -2
50 -3 18
51 46 39
52 -35 10
53 -17 34
54 7 32
55 -41 19
56 -41 23
57 33 24
58 -19 32
59 37 -38
60 -45 24
61 17 -7
62 44 -31
63 12 4
64 27 -16
65 11 28
66 22 29
67 -23 3
68 -27 13
69 2 -37
70 -10 -43
71 31 -33
72 14 20
73 -19 -9
74 -29 -13
75 -24 -44
76 17 26
77 27 35
78 -21 40
79 -4 -43
80 26 -33
81 -25 27
82 43 -20
83 29 23
84 -7 -26
85 26 46
86 35 -35
87 18 36
88 -42 -20
89 18 11
90 -18 43
91 -38 18
92 -41 -2
93 -28 19
94 -41 13
95 2 16
96 -16 -12
97 31 -12
98 46 -6
99 -11 -27
100 -33 6
101 -25 -22
102 21 0
103 -15 48
104 -31 12
105 44 -32
106 -49 26
107 17 -21
108 17 17
109 18 -2
110 -32 36
111 6 -50
112 2 12
113 -25 20
114 12 9
115 -11 -12
116 42 38
117 23 23
118 -43 39
119 27 -30
120 -49 -40
121 -24 21
122 12 -31
123 18 34
124 -5 35
125 40 47
126 30 -19
127 42 37
128 -44 -2
129 23 -7
130 -26 39
131 -50 24
132 -49 1
133 -22 4
134 17 22
135 -19 5
136 -25 26
137 -2 39
138 -27 12
139 3 21
140 -10 -25
141 -36 22
142 -33 -23
143 -36 -32
144 9 14
145 42 -7
146 -43 17
147 -17 -8
148 -48 -19
149 28 14
150 -11 28
151 44 14
DEMAND_SECTION
1 0
2 28
3 38
4 46
5 38
6 33
7 35
8 16
9 31
10 33
11 44
12 15
13 33
14 33
15 44
16 40
17 50
18 48
19 33
20 44
21 43
22 48
23 33
24 27
25 49
26 36
27 42
28 34
29 36
30 40
31 13
32 15
33 28
34 41
35 22
36 26
37 35
38 25
39 22
40 47
41 50
42 13
43 14
44 26
45 21
46 22
47 49
48 39
49 13
50 18
51 22
52 47
53 33
54 18
55 30
56 43
57 29
58 38
59 35
60 30
61 16
62 32
63 35
64 47
65 46
66 16
67 28
68 50
69 28
70 44
71 22
72 29
73 30
74 14
75 25
76 14
77 15
78 38
79 48
80 48
81 45
82 46
83 21
84 26
85 46
86 41
87 29
88 24
89 45
90 24
91 41
92 48
93 32
94 16
95 26
96 25
97 16
98 29
99 32
100 16
101 36
102 14
103 35
104 21
105 19
106 37
107 16
108 20
109 25
110 12
111 14
112 50
113 31
114 49
115 41
116 21
117 33
118 50
119 50
120 28
121 22
122 20
123 49
124 30
125 27
126 35
127 23
128 44
129 33
130 37
131 16
132 24
133 39
134 30
135 15
136 30
137 49
138 34
139 44
140 21
141 16
142 26
143 49
144 20
145 39
146 20
147 34
148 31
149 26
150 39
151 42
DEPOT_SECTION
1
-1
EOF