NAME: p04_26_NORMALIZED
BEST_KNOWN: 0
COMMENT: 0
DIMENSION: 151
CAPACITY: 100
EDGE_WEIGHT_FORMAT: FUNCTION
EDGE_WEIGHT_TYPE: EXACT_2D
NODE_COORD_SECTION
1 0 0
2 -32 -12
3 29 21
4 -3 33
5 24 -4
6 -12 9
7 -26 -9
8 -7 26
9 -10 50
10 -43 -32
11 46 -26
12 37 45
13 -38 6
14 -7 -48
15 -23 -14
16 -42 30
17 -42 37
18 -28 5
19 5 -49
20 -28 42
21 -35 -40
22 1 47
23 46 46
24 33 -8
25 -14 39
26 15 41
27 -9 38
28 25 27
29 -28 37
30 46 -40
31 48 24
32 -37 40
33 -34 -15
34 24 16
35 -34 25
36 -46 1
37 -28 44
38 -6 -31
39 45 15
40 -12 -36
41 38 37
42 -45 23
43 26 -2
44 -36 41
45 -49 33
46 -39 23
47 24 -29
48 34 -11
49 50 40
50 -44 -6
51 15 18
52 7 5
53 -27 24
54 8 32
55 38 8
56 23 31
57 -35 49
58 42 -15
59 39 -23
60 32 15
61 44 -40
62 -24 22
63 -20 16
64 -46 3
65 43 -32
66 -32 -42
67 31 -16
68 -16 -12
69 -26 -3
70 7 4
71 39 44
72 -25 -33
73 35 -30
74 -45 -7
75 -31 25
76 25 -46
77 16 18
78 -11 47
79 18 -43
80 -11 44
81 24 4
82 -25 13
83 -14 -37
84 -8 -28
85 -5 4
86 7 -16
87 -42 -27
88 -15 -4
89 -38 -9
90 -23 36
91 -15 19
92 -31 28
93 -48 19
94 -42 18
95 30 -5
96 1 -17
97 -3 -4
98 3 -13
99 34 20
100 -44 -11
101 -43 -14
102 29 -27
103 32 -21
104 22 -47
105 32 -38
106 -49 -44
107 -9 -44
108 31 -1
109 41 -45
110 50 -11
111 -35 -45
112 -17 3
113 -46 -30
114 -26 50
115 12 48
116 -7 -14
117 -39 45
118 19 -41
119 49 -38
120 -3 -25
121 -31 25
122 26 40
123 -30 -36
124 4 -20
125 -1 35
126 -9 -16
127 -16 -33
128 36 -20
129 0 33
130 -6 -49
131 -14 -44
132 -20 36
133 -43 -15
134 -33 13
135 -27 41
136 16 -23
137 18 4
138 5 -13
139 -33 -48
140 -10 -45
141 50 -24
142 -27 37
143 29 -34
144 50 21
145 37 -35
146 16 -20
147 -8 35
148 -36 35
149 -21 -21
150 -29 32
151 11 -18
DEMAND_SECTION
1 0
2 21
3 20
4 25
5 33
6 29
7 14
8 28
9 13
10 37
11 48
12 16
13 22
14 23
15 49
16 16
17 18
18 36
19 28
20 13
21 19
22 14
23 38
24 22
25 38
26 34
27 43
28 14
29 46
30 46
31 30
32 45
33 22
34 36
35 32
36 14
37 31
38 46
39 23
40 42
41 32
42 31
43 17
44 13
45 40
46 13
47 31
48 34
49 46
50 33
51 43
52 41
53 38
54 38
55 34
56 35
57 23
58 32
59 30
60 21
61 45
62 15
63 42
64 46
65 22
66 17
67 48
68 37
69 13
70 17
71 33
72 37
73 12
74 48
75 23
76 39
77 46
78 16
79 16
80 33
81 14
82 28
83 41
84 31
85 45
86 19
87 31
88 17
89 43
90 31
91 24
92 28
93 39
94 29
95 13
96 14
97 30
98 16
99 27
100 18
101 43
102 39
103 42
104 49
105 22
106 40
107 43
108 24
109 39
110 47
111 13
112 22
113 13
114 16
115 48
116 44
117 20
118 28
119 31
120 41
121 17
122 46
123 38
124 44
125 35
126 21
127 32
128 27
129 17
130 41
131 29
132 36
133 16
134 49
135 47
136 37
137 41
138 28
139 30
140 37
141 26
142 18
143 15
144 24
145 38
146 25
147 46
148 16
149 34
150 35
151 41
DEPOT_SECTION
1
-1
EOF