NAME: p04_110_tsplib0_NORMALIZED
BEST_KNOWN: 0
COMMENT: 0
DIMENSION: 151
CAPACITY: 100
EDGE_WEIGHT_FORMAT: FUNCTION
EDGE_WEIGHT_TYPE: EXACT_2D
NODE_COORD_SECTION
1 0 0
2 2 17
3 14 14
4 17 29
5 -15 -9
6 5 -5
7 -14 12
8 -18 28
9 -4 27
10 17 -2
11 16 -14
12 7 6
13 -4 -3
14 -30 -10
15 -23 7
16 1 -19
17 17 6
18 -8 -12
19 -18 -2
20 -22 -22
21 22 23
22 27 7
23 7 22
24 -19 22
25 -27 17
26 -28 3
27 -8 33
28 -5 13
29 8 32
30 23 13
31 23 -8
32 2 34
33 3 11
34 11 -25
35 26 -2
36 27 28
37 28 34
38 -3 -13
39 10 0
40 24 -20
41 -30 -29
42 -25 -18
43 -14 -25
44 -30 29
45 -5 -20
46 4 -25
47 -3 4
48 -10 -3
49 -10 20
50 13 -7
51 21 2
52 6 14
53 0 -18
54 20 10
55 20 -15
56 -20 -5
57 -10 -5
58 -15 15
59 -25 8
60 20 25
61 -5 25
62 -15 30
63 15 0
64 -5 -10
65 -20 -25
66 -5 -30
67 -25 -15
68 -30 -5
69 -15 5
70 -20 25
71 10 30
72 10 -15
73 10 -25
74 20 -30
75 30 0
76 30 -15
77 10 -5
78 0 5
79 6 2
80 29 7
81 5 25
82 -4 17
83 0 34
84 18 17
85 30 20
86 28 30
87 -33 25
88 -15 -15
89 -30 -30
90 25 -23
91 5 -10
92 7 -28
93 -11 -23
94 -12 -32
95 -24 -21
96 -29 3
97 -33 13
98 -27 21
99 -22 17
100 -29 33
101 12 12
102 14 23
103 -8 8
104 2 -4
105 22 -6
106 28 -12
107 18 -23
108 -3 -23
109 1 -9
110 -14 -11
111 -18 -1
112 -23 -11
113 -11 23
114 -8 34
115 -20 42
116 27 42
117 14 38
118 32 -30
119 21 4
120 2 12
121 2 21
122 22 33
123 12 -19
124 9 -18
125 11 -22
126 14 -24
127 14 7
128 18 8
129 26 17
130 22 13
131 21 2
132 20 19
133 -20 12
134 -21 2
135 -24 -4
136 -19 -13
137 -31 -17
138 -7 -17
139 -9 17
140 -9 0
141 -4 32
142 -20 -16
143 -13 -13
144 -17 -11
145 -9 -8
146 -10 -11
147 -13 -8
148 -10 -14
149 -16 -14
150 -15 -9
151 -17 -17
DEMAND_SECTION
1 0
2 8
3 4
4 3
5 6
6 9
7 8
8 5
9 1
10 2
11 1
12 8
13 4
14 5
15 5
16 7
17 3
18 1
19 5
20 8
21 5
22 1
23 6
24 6
25 6
26 8
27 7
28 1
29 7
30 2
31 1
32 8
33 8
34 8
35 2
36 8
37 5
38 8
39 5
40 5
41 8
42 2
43 1
44 6
45 7
46 8
47 3
48 5
49 4
50 8
51 6
52 6
53 6
54 1
55 9
56 7
57 7
58 3
59 7
60 4
61 4
62 8
63 3
64 3
65 3
66 4
67 5
68 8
69 1
70 9
71 8
72 9
73 9
74 8
75 9
76 1
77 3
78 6
79 7
80 6
81 8
82 6
83 3
84 7
85 6
86 9
87 8
88 9
89 8
90 8
91 2
92 8
93 6
94 2
95 9
96 7
97 8
98 7
99 4
100 7
101 1
102 7
103 8
104 7
105 9
106 4
107 3
108 1
109 6
110 3
111 9
112 9
113 6
114 1
115 3
116 7
117 4
118 4
119 8
120 7
121 9
122 4
123 5
124 1
125 4
126 6
127 5
128 9
129 5
130 7
131 5
132 6
133 6
134 7
135 7
136 8
137 6
138 6
139 3
140 3
141 9
142 6
143 6
144 6
145 2
146 6
147 7
148 9
149 2
150 6
151 4
DEPOT_SECTION
1
-1
EOF