NAME: p04_16_NORMALIZED
BEST_KNOWN: 0
COMMENT: 0
DIMENSION: 151
CAPACITY: 100
EDGE_WEIGHT_FORMAT: FUNCTION
EDGE_WEIGHT_TYPE: EXACT_2D
NODE_COORD_SECTION
1 0 0
2 -7 9
3 32 -26
4 14 -23
5 5 -28
6 8 -6
7 29 -23
8 -30 -14
9 -18 -15
10 -7 7
11 5 -43
12 -9 -14
13 46 24
14 -17 -15
15 -24 41
16 -14 -32
17 38 -24
18 22 6
19 -39 -1
20 17 5
21 31 -1
22 -6 18
23 11 -16
24 -1 47
25 -17 -15
26 7 37
27 19 -11
28 29 27
29 27 -13
30 -38 -39
31 44 -22
32 -12 -40
33 10 26
34 -45 -14
35 -17 20
36 8 -37
37 -20 -26
38 19 -20
39 47 29
40 1 -49
41 17 49
42 -30 38
43 28 -48
44 -29 -33
45 -32 3
46 42 -37
47 23 -11
48 23 -32
49 29 -16
50 -32 24
51 36 -17
52 49 -28
53 -46 10
54 -49 -20
55 -46 -13
56 23 -20
57 36 -10
58 -49 -39
59 45 3
60 -42 2
61 47 -22
62 24 27
63 -12 -4
64 41 -4
65 49 9
66 -25 7
67 -27 -31
68 20 -34
69 9 21
70 27 -17
71 -2 25
72 -20 1
73 5 -11
74 -41 18
75 -33 17
76 41 -48
77 -9 -40
78 -43 32
79 21 1
80 42 -31
81 47 25
82 40 32
83 -15 -49
84 26 8
85 -41 -27
86 -19 -8
87 34 49
88 -46 -46
89 -5 30
90 29 7
91 27 -6
92 35 36
93 21 -39
94 -13 -18
95 -48 29
96 38 31
97 34 30
98 -19 18
99 12 29
100 -45 2
101 -46 -2
102 -26 37
103 -50 -48
104 12 44
105 50 -41
106 31 -10
107 9 0
108 -45 -41
109 -28 44
110 -38 20
111 -23 23
112 18 17
113 -13 -43
114 -2 40
115 39 -18
116 2 -23
117 47 10
118 -37 -18
119 16 -26
120 -38 27
121 23 49
122 35 -30
123 -31 -24
124 37 21
125 -11 -49
126 7 19
127 -43 -49
128 -31 40
129 -48 -4
130 42 18
131 -27 -2
132 -42 1
133 -50 21
134 -42 20
135 28 24
136 -12 -43
137 -24 28
138 35 26
139 -21 13
140 -20 -40
141 46 22
142 -42 32
143 -46 16
144 29 -18
145 -2 49
146 40 11
147 2 21
148 15 24
149 50 -6
150 -29 -11
151 12 -11
DEMAND_SECTION
1 0
2 26
3 25
4 44
5 45
6 42
7 45
8 29
9 32
10 46
11 21
12 19
13 32
14 49
15 47
16 31
17 49
18 47
19 16
20 45
21 24
22 33
23 36
24 39
25 30
26 42
27 22
28 17
29 46
30 25
31 37
32 12
33 38
34 41
35 33
36 30
37 17
38 48
39 19
40 47
41 36
42 37
43 25
44 19
45 22
46 13
47 19
48 41
49 24
50 16
51 24
52 48
53 28
54 26
55 26
56 30
57 15
58 30
59 36
60 14
61 25
62 40
63 28
64 13
65 31
66 50
67 16
68 42
69 36
70 19
71 31
72 45
73 24
74 37
75 20
76 46
77 21
78 25
79 39
80 44
81 34
82 33
83 19
84 44
85 43
86 35
87 34
88 18
89 42
90 25
91 34
92 45
93 14
94 14
95 24
96 30
97 47
98 50
99 41
100 25
101 30
102 39
103 40
104 23
105 28
106 25
107 40
108 29
109 32
110 30
111 16
112 34
113 14
114 47
115 36
116 18
117 45
118 18
119 21
120 15
121 31
122 43
123 13
124 21
125 36
126 17
127 49
128 47
129 36
130 39
131 38
132 31
133 43
134 24
135 44
136 15
137 21
138 42
139 33
140 24
141 37
142 40
143 37
144 25
145 40
146 17
147 18
148 44
149 31
150 20
151 44
DEPOT_SECTION
1
-1
EOF