NAME: p04_28_NORMALIZED
BEST_KNOWN: 0
COMMENT: 0
DIMENSION: 151
CAPACITY: 100
EDGE_WEIGHT_FORMAT: FUNCTION
EDGE_WEIGHT_TYPE: EXACT_2D
NODE_COORD_SECTION
1 0 0
2 -23 8
3 -21 -11
4 20 -31
5 -40 -7
6 34 31
7 -37 30
8 29 -36
9 -27 -32
10 -35 -24
11 49 11
12 11 -2
13 -48 -33
14 28 7
15 23 -47
16 -48 16
17 26 31
18 0 15
19 -30 30
20 30 48
21 -33 25
22 -13 7
23 -44 43
24 -35 -1
25 -46 -20
26 -19 36
27 34 38
28 15 44
29 -49 42
30 -49 -17
31 30 -35
32 29 4
33 1 2
34 -21 -15
35 13 -18
36 -41 -14
37 -15 31
38 23 30
39 -16 -25
40 12 28
41 19 20
42 22 22
43 35 10
44 6 -24
45 -27 -7
46 33 48
47 -50 18
48 -18 -2
49 44 2
50 -31 40
51 3 -47
52 -23 -7
53 42 15
54 -29 37
55 -48 3
56 -35 -50
57 -42 -38
58 -29 4
59 47 -44
60 5 -27
61 1 -28
62 -21 16
63 23 -15
64 -34 -43
65 -27 -1
66 5 13
67 7 -42
68 44 -7
69 10 -45
70 -33 -26
71 14 -30
72 -28 -26
73 -27 39
74 6 -11
75 -1 19
76 21 -36
77 11 31
78 13 31
79 32 -25
80 23 22
81 36 35
82 35 -4
83 -39 -6
84 43 44
85 34 33
86 -24 -29
87 33 4
88 33 -9
89 -43 43
90 -45 -25
91 41 43
92 -8 49
93 24 33
94 -49 -38
95 31 -3
96 11 -15
97 12 -36
98 -10 10
99 44 17
100 6 -35
101 48 23
102 26 -38
103 -3 2
104 -37 21
105 9 -40
106 11 0
107 14 -26
108 -7 -22
109 -33 36
110 44 35
111 15 31
112 34 -28
113 -2 -5
114 49 -8
115 -27 -45
116 -31 15
117 -8 -13
118 4 -31
119 27 -8
120 -2 -12
121 -29 40
122 16 -2
123 30 11
124 -32 48
125 -9 -17
126 8 4
127 25 -14
128 31 -6
129 47 -48
130 20 -43
131 39 -44
132 8 -16
133 8 10
134 -32 7
135 21 45
136 -10 13
137 12 -45
138 26 -15
139 15 47
140 27 -41
141 50 29
142 -42 3
143 -46 25
144 36 -48
145 -37 -36
146 22 -47
147 7 -25
148 15 -35
149 -40 50
150 -46 35
151 17 -16
DEMAND_SECTION
1 0
2 48
3 43
4 30
5 35
6 26
7 29
8 48
9 19
10 24
11 43
12 15
13 12
14 20
15 42
16 28
17 37
18 28
19 19
20 38
21 40
22 41
23 18
24 15
25 26
26 33
27 27
28 34
29 20
30 36
31 41
32 35
33 14
34 25
35 48
36 13
37 49
38 33
39 16
40 15
41 48
42 42
43 19
44 38
45 14
46 33
47 14
48 19
49 40
50 47
51 33
52 46
53 47
54 42
55 22
56 13
57 43
58 12
59 38
60 46
61 15
62 43
63 32
64 33
65 46
66 20
67 35
68 18
69 24
70 41
71 34
72 50
73 43
74 19
75 17
76 14
77 25
78 43
79 28
80 49
81 19
82 31
83 24
84 50
85 41
86 38
87 30
88 38
89 34
90 15
91 40
92 41
93 15
94 50
95 17
96 26
97 13
98 18
99 32
100 47
101 35
102 30
103 43
104 25
105 27
106 45
107 30
108 29
109 44
110 16
111 46
112 27
113 38
114 30
115 50
116 14
117 44
118 21
119 27
120 22
121 42
122 16
123 49
124 34
125 32
126 16
127 42
128 16
129 48
130 14
131 48
132 12
133 46
134 46
135 49
136 23
137 13
138 34
139 30
140 23
141 23
142 27
143 28
144 24
145 27
146 21
147 21
148 45
149 34
150 42
151 29
DEPOT_SECTION
1
-1
EOF