NAME: p04_2_NORMALIZED
BEST_KNOWN: 0
COMMENT: 0
DIMENSION: 151
CAPACITY: 100
EDGE_WEIGHT_FORMAT: FUNCTION
EDGE_WEIGHT_TYPE: EXACT_2D
NODE_COORD_SECTION
1 0 0
2 -19 10
3 19 49
4 18 37
5 47 -5
6 37 -27
7 0 -23
8 38 -40
9 36 -43
10 31 -6
11 27 42
12 46 -21
13 -27 -32
14 -20 31
15 8 -35
16 22 -1
17 -35 -19
18 44 -21
19 -14 -33
20 -30 34
21 -7 30
22 -13 47
23 -46 27
24 1 38
25 35 -38
26 28 -5
27 38 10
28 10 -31
29 -37 31
30 41 -7
31 41 21
32 2 -6
33 30 -12
34 -24 43
35 -46 -36
36 -16 -28
37 34 -5
38 -48 -18
39 -13 38
40 -15 -15
41 27 -22
42 -39 -31
43 4 19
44 -7 45
45 0 4
46 -28 15
47 25 -44
48 -6 20
49 4 -31
50 -6 10
51 -38 10
52 44 -2
53 40 17
54 -35 32
55 31 5
56 -21 26
57 -38 5
58 -37 31
59 -24 -23
60 39 -49
61 -34 -3
62 -6 -42
63 -15 15
64 -38 -21
65 -15 -17
66 -3 -46
67 -40 35
68 -35 23
69 26 2
70 -47 -49
71 -32 18
72 -36 28
73 33 -46
74 22 12
75 1 -5
76 -36 -3
77 -18 -15
78 -12 8
79 46 37
80 15 -2
81 -21 -45
82 -36 31
83 -40 -26
84 19 -12
85 -24 -35
86 -32 18
87 2 36
88 -6 -12
89 -28 -49
90 40 38
91 32 4
92 -49 29
93 23 15
94 19 -39
95 32 37
96 -1 13
97 -49 -48
98 -21 -37
99 -10 47
100 49 35
101 24 -38
102 -42 35
103 22 -20
104 -27 0
105 -44 -15
106 -38 -23
107 -50 41
108 7 -36
109 -38 -37
110 14 39
111 2 31
112 -36 15
113 24 -35
114 46 34
115 -38 8
116 13 -36
117 48 12
118 -20 18
119 7 45
120 20 -50
121 28 13
122 5 -43
123 -41 -5
124 -8 -35
125 40 36
126 39 22
127 38 15
128 7 12
129 36 -14
130 -48 42
131 -44 -49
132 24 -16
133 -23 37
134 35 -8
135 -6 4
136 36 48
137 -31 15
138 -49 49
139 -12 28
140 42 -19
141 -48 -26
142 -50 1
143 -31 -48
144 -6 -15
145 13 37
146 -36 -41
147 5 30
148 -28 19
149 -46 -33
150 10 -49
151 33 34
DEMAND_SECTION
1 0
2 21
3 45
4 49
5 28
6 41
7 47
8 26
9 30
10 16
11 29
12 43
13 17
14 46
15 29
16 27
17 13
18 24
19 20
20 16
21 40
22 48
23 25
24 43
25 36
26 39
27 49
28 37
29 16
30 24
31 20
32 13
33 16
34 31
35 29
36 28
37 41
38 39
39 38
40 17
41 41
42 19
43 20
44 42
45 41
46 28
47 25
48 38
49 31
50 18
51 41
52 48
53 25
54 25
55 17
56 19
57 24
58 42
59 26
60 20
61 27
62 19
63 26
64 49
65 14
66 30
67 49
68 31
69 45
70 21
71 17
72 17
73 41
74 44
75 31
76 38
77 22
78 40
79 31
80 49
81 25
82 47
83 26
84 20
85 36
86 19
87 42
88 48
89 28
90 35
91 24
92 25
93 33
94 47
95 46
96 43
97 18
98 15
99 21
100 38
101 19
102 44
103 27
104 13
105 45
106 46
107 14
108 12
109 15
110 32
111 35
112 28
113 38
114 32
115 42
116 19
117 35
118 39
119 42
120 23
121 43
122 39
123 28
124 50
125 44
126 26
127 16
128 48
129 33
130 43
131 36
132 45
133 20
134 24
135 47
136 15
137 20
138 49
139 22
140 21
141 21
142 40
143 47
144 42
145 43
146 25
147 28
148 47
149 14
150 40
151 13
DEPOT_SECTION
1
-1
EOF