NAME: p04_19_NORMALIZED
BEST_KNOWN: 0
COMMENT: 0
DIMENSION: 151
CAPACITY: 100
EDGE_WEIGHT_FORMAT: FUNCTION
EDGE_WEIGHT_TYPE: EXACT_2D
NODE_COORD_SECTION
1 0 0
2 -26 49
3 -23 -44
4 -12 24
5 38 -33
6 32 32
7 -46 13
8 -34 4
9 34 29
10 3 19
11 30 9
12 -38 -11
13 16 -46
14 -32 -41
15 -31 34
16 11 45
17 19 -42
18 -50 24
19 -7 -2
20 -14 13
21 -41 -45
22 -37 -10
23 5 40
24 -44 38
25 -39 -14
26 -1 -42
27 9 -26
28 -40 -16
29 -1 -12
30 34 -38
31 -2 -17
32 18 16
33 -36 19
34 -27 -28
35 -41 27
36 14 -15
37 5 -19
38 32 7
39 -38 29
40 38 36
41 20 -32
42 3 5
43 6 -21
44 8 -21
45 13 -1
46 12 31
47 -13 48
48 -9 -7
49 -25 23
50 43 2
51 -46 -21
52 50 18
53 35 9
54 -34 -9
55 39 1
56 -32 -41
57 -24 -19
58 -24 4
59 49 22
60 7 14
61 -27 -41
62 -18 -5
63 10 18
64 25 27
65 20 25
66 8 49
67 -6 38
68 39 -11
69 -11 -27
70 -8 -17
71 -37 -15
72 13 -2
73 29 -5
74 34 -31
75 17 33
76 28 -47
77 24 -49
78 -35 19
79 26 14
80 -25 9
81 8 -9
82 17 -24
83 -49 -37
84 34 38
85 -49 -39
86 11 31
87 47 -14
88 20 -3
89 -8 38
90 -11 -30
91 19 41
92 38 46
93 -4 20
94 -1 4
95 18 8
96 -37 19
97 50 -17
98 -41 -30
99 -22 17
100 -43 -47
101 -28 -37
102 -34 -14
103 -43 -40
104 22 -10
105 -43 -44
106 -49 13
107 19 -31
108 6 -45
109 -42 22
110 -46 38
111 21 7
112 -31 -18
113 40 23
114 -38 9
115 32 38
116 -45 50
117 -42 20
118 -20 -43
119 43 -1
120 -6 -7
121 44 30
122 -2 12
123 47 14
124 49 15
125 -15 -40
126 19 30
127 -36 -14
128 41 -4
129 3 -35
130 -37 10
131 -6 -22
132 28 9
133 42 -25
134 36 -19
135 17 41
136 50 -22
137 19 -13
138 30 -42
139 -27 21
140 -7 -23
141 -15 0
142 -26 36
143 29 28
144 41 20
145 -27 8
146 -23 -6
147 34 40
148 43 19
149 47 34
150 -11 -4
151 -41 14
DEMAND_SECTION
1 0
2 13
3 13
4 38
5 17
6 19
7 29
8 36
9 31
10 47
11 27
12 24
13 43
14 49
15 21
16 34
17 43
18 19
19 49
20 17
21 13
22 49
23 21
24 27
25 38
26 27
27 15
28 13
29 28
30 45
31 43
32 32
33 30
34 33
35 36
36 28
37 24
38 44
39 14
40 23
41 20
42 27
43 26
44 16
45 27
46 17
47 38
48 32
49 44
50 19
51 47
52 48
53 20
54 13
55 43
56 41
57 20
58 33
59 22
60 38
61 18
62 40
63 42
64 16
65 26
66 13
67 27
68 25
69 21
70 38
71 40
72 43
73 24
74 20
75 27
76 47
77 49
78 30
79 47
80 34
81 18
82 12
83 46
84 26
85 28
86 37
87 36
88 16
89 13
90 33
91 21
92 15
93 49
94 14
95 31
96 46
97 31
98 22
99 34
100 38
101 17
102 25
103 39
104 15
105 22
106 23
107 24
108 47
109 18
110 32
111 24
112 47
113 32
114 49
115 25
116 14
117 43
118 13
119 28
120 41
121 19
122 16
123 27
124 22
125 16
126 12
127 30
128 22
129 24
130 41
131 24
132 40
133 27
134 21
135 36
136 22
137 28
138 50
139 14
140 19
141 44
142 18
143 31
144 38
145 15
146 39
147 19
148 29
149 35
150 28
151 38
DEPOT_SECTION
1
-1
EOF