NAME: p04_8_NORMALIZED
BEST_KNOWN: 0
COMMENT: 0
DIMENSION: 151
CAPACITY: 100
EDGE_WEIGHT_FORMAT: FUNCTION
EDGE_WEIGHT_TYPE: EXACT_2D
NODE_COORD_SECTION
1 0 0
2 -9 -27
3 13 7
4 8 -49
5 1 -12
6 42 38
7 -15 19
8 -3 28
9 -27 24
10 38 -50
11 13 -19
12 8 -19
13 -37 10
14 -16 -12
15 36 14
16 31 -49
17 -12 -3
18 -13 -46
19 -24 4
20 -14 -4
21 9 -40
22 -16 -46
23 23 -11
24 -17 -30
25 -20 -46
26 -9 45
27 33 -34
28 -10 30
29 43 30
30 -15 29
31 -42 -3
32 -36 -26
33 -44 -49
34 -5 -9
35 -26 -48
36 40 -7
37 40 48
38 -8 -31
39 -9 -49
40 -40 -4
41 27 -15
42 -8 -36
43 -22 -46
44 26 -39
45 -11 5
46 -13 -33
47 2 26
48 5 -40
49 30 -38
50 4 -22
51 31 38
52 -36 -15
53 50 11
54 4 5
55 -14 49
56 16 44
57 46 50
58 -37 -43
59 17 -49
60 1 -15
61 40 -34
62 30 16
63 17 4
64 -33 7
65 -40 -15
66 28 -16
67 -11 -44
68 48 13
69 -37 -21
70 -18 29
71 -5 34
72 14 19
73 27 -19
74 46 35
75 46 -22
76 -36 32
77 -29 -28
78 16 -26
79 -49 -19
80 -22 33
81 21 0
82 44 -30
83 21 40
84 15 45
85 -30 0
86 38 25
87 49 42
88 -45 26
89 -11 -50
90 -34 -44
91 31 8
92 40 -2
93 7 2
94 14 -3
95 3 19
96 -11 40
97 -20 -19
98 -43 27
99 -20 -36
100 -25 43
101 -36 47
102 -4 -7
103 -39 44
104 33 47
105 31 3
106 -4 38
107 41 -22
108 17 11
109 -29 -40
110 -1 -13
111 47 19
112 -43 -27
113 -34 49
114 2 38
115 35 27
116 -21 6
117 2 -12
118 25 12
119 27 -30
120 -31 -18
121 -36 34
122 -26 11
123 6 -32
124 18 -27
125 4 1
126 -40 30
127 -21 -35
128 -5 22
129 20 47
130 47 0
131 44 -10
132 6 37
133 44 49
134 -4 -14
135 27 -49
136 -3 -35
137 3 21
138 -18 -36
139 -32 9
140 -21 35
141 17 -4
142 -13 -36
143 37 23
144 -22 -26
145 -31 45
146 -2 -12
147 -25 37
148 38 -43
149 16 -44
150 -33 14
151 -36 -15
DEMAND_SECTION
1 0
2 43
3 41
4 45
5 18
6 14
7 38
8 38
9 33
10 28
11 23
12 43
13 29
14 24
15 46
16 43
17 22
18 26
19 44
20 14
21 36
22 29
23 41
24 15
25 21
26 12
27 32
28 27
29 46
30 27
31 26
32 27
33 13
34 26
35 30
36 46
37 18
38 36
39 20
40 36
41 25
42 48
43 36
44 27
45 20
46 38
47 49
48 27
49 41
50 39
51 17
52 25
53 33
54 49
55 30
56 49
57 30
58 48
59 17
60 49
61 41
62 35
63 38
64 39
65 12
66 15
67 41
68 17
69 18
70 18
71 34
72 31
73 17
74 29
75 33
76 46
77 47
78 19
79 44
80 21
81 34
82 39
83 23
84 18
85 49
86 35
87 19
88 43
89 26
90 24
91 13
92 43
93 47
94 34
95 25
96 17
97 45
98 15
99 49
100 25
101 16
102 21
103 33
104 41
105 41
106 49
107 13
108 21
109 41
110 42
111 17
112 38
113 39
114 47
115 22
116 46
117 18
118 49
119 43
120 35
121 38
122 26
123 13
124 28
125 37
126 29
127 50
128 41
129 45
130 14
131 27
132 50
133 25
134 43
135 17
136 25
137 14
138 15
139 48
140 36
141 36
142 42
143 29
144 42
145 45
146 29
147 38
148 13
149 29
150 34
151 38
DEPOT_SECTION
1
-1
EOF