NAME: p04_11_NORMALIZED
BEST_KNOWN: 0
COMMENT: 0
DIMENSION: 151
CAPACITY: 100
EDGE_WEIGHT_FORMAT: FUNCTION
EDGE_WEIGHT_TYPE: EXACT_2D
NODE_COORD_SECTION
1 0 0
2 -22 -26
3 -42 45
4 -14 46
5 -32 -11
6 20 43
7 19 -37
8 8 -12
9 -38 -49
10 -33 -17
11 48 -41
12 41 9
13 30 44
14 -50 -12
15 -48 34
16 20 -4
17 26 -42
18 4 -17
19 -10 16
20 -31 7
21 25 -12
22 1 49
23 31 33
24 0 -39
25 46 -35
26 10 36
27 23 41
28 -44 -37
29 7 -41
30 18 27
31 12 -28
32 14 34
33 48 19
34 -46 -30
35 32 -36
36 18 -41
37 45 -43
38 49 -41
39 -21 14
40 9 -23
41 -2 13
42 -14 -3
43 -11 48
44 48 32
45 -29 26
46 45 33
47 -6 30
48 -47 -39
49 3 -3
50 -39 -21
51 20 5
52 47 15
53 4 -22
54 -43 23
55 7 37
56 17 17
57 34 45
58 21 9
59 -29 11
60 -20 -29
61 16 34
62 -25 -44
63 -40 3
64 2 40
65 -29 8
66 23 -4
67 -11 43
68 -20 -45
69 -48 7
70 41 -33
71 29 -16
72 46 -30
73 26 27
74 -14 -34
75 -36 -50
76 3 6
77 42 46
78 -26 25
79 32 -25
80 3 -21
81 -14 19
82 36 5
83 -45 -19
84 42 4
85 -39 -20
86 -36 49
87 -50 49
88 -34 -39
89 20 -1
90 -18 -25
91 30 -16
92 -43 -5
93 3 50
94 -43 8
95 -22 -50
96 40 20
97 3 7
98 39 -39
99 -23 48
100 31 42
101 8 23
102 4 0
103 -11 -9
104 4 9
105 34 45
106 25 -12
107 8 28
108 16 20
109 40 15
110 36 22
111 35 3
112 -16 28
113 -41 50
114 -25 -1
115 -29 8
116 17 8
117 26 -25
118 -45 3
119 -26 -21
120 20 16
121 -6 38
122 20 -46
123 -25 5
124 18 -8
125 -38 -26
126 41 3
127 50 -27
128 -45 49
129 -47 19
130 -19 41
131 34 -8
132 -50 29
133 33 -10
134 45 -13
135 14 14
136 27 2
137 -25 9
138 -16 -16
139 -14 -3
140 22 -49
141 4 5
142 -2 36
143 -6 38
144 -35 -34
145 18 36
146 -6 37
147 5 -47
148 50 -28
149 -25 -7
150 2 32
151 -46 41
DEMAND_SECTION
1 0
2 12
3 45
4 18
5 25
6 45
7 20
8 44
9 40
10 36
11 43
12 24
13 33
14 24
15 25
16 39
17 31
18 13
19 34
20 42
21 32
22 36
23 36
24 18
25 41
26 15
27 20
28 23
29 28
30 25
31 15
32 21
33 25
34 48
35 14
36 26
37 48
38 49
39 14
40 17
41 17
42 31
43 25
44 31
45 17
46 29
47 38
48 36
49 14
50 16
51 49
52 29
53 15
54 43
55 43
56 15
57 45
58 39
59 35
60 43
61 40
62 27
63 28
64 17
65 17
66 13
67 25
68 15
69 50
70 22
71 21
72 44
73 25
74 15
75 13
76 15
77 45
78 12
79 44
80 48
81 31
82 17
83 42
84 30
85 26
86 39
87 24
88 27
89 22
90 44
91 49
92 40
93 40
94 37
95 41
96 34
97 13
98 27
99 20
100 17
101 38
102 13
103 18
104 41
105 21
106 48
107 49
108 16
109 17
110 27
111 20
112 33
113 42
114 45
115 35
116 38
117 49
118 33
119 26
120 29
121 23
122 50
123 15
124 50
125 50
126 21
127 42
128 41
129 48
130 26
131 34
132 45
133 35
134 26
135 40
136 25
137 49
138 42
139 38
140 36
141 48
142 25
143 40
144 43
145 49
146 18
147 30
148 16
149 13
150 31
151 13
DEPOT_SECTION
1
-1
EOF