NAME: p04_17_NORMALIZED
BEST_KNOWN: 0
COMMENT: 0
DIMENSION: 151
CAPACITY: 100
EDGE_WEIGHT_FORMAT: FUNCTION
EDGE_WEIGHT_TYPE: EXACT_2D
NODE_COORD_SECTION
1 0 0
2 24 -48
3 30 23
4 33 -41
5 -28 -40
6 40 -30
7 -28 15
8 -46 26
9 26 -7
10 -9 -6
11 19 -27
12 32 -24
13 -41 -19
14 16 -24
15 -35 -20
16 -36 4
17 9 43
18 -17 26
19 6 6
20 12 36
21 12 42
22 15 -20
23 8 43
24 -39 -42
25 -24 -44
26 -14 -24
27 -46 8
28 -6 0
29 28 -35
30 -29 -5
31 -49 -48
32 48 -26
33 16 36
34 48 -42
35 9 -32
36 -16 13
37 -10 41
38 33 15
39 16 -30
40 -26 40
41 -50 10
42 -39 36
43 -13 -10
44 -50 -17
45 -11 -35
46 -48 -43
47 25 -36
48 -2 26
49 -31 -43
50 41 2
51 10 31
52 31 -15
53 6 -50
54 -31 -12
55 -29 -23
56 10 -15
57 -37 -11
58 -45 -17
59 -38 -6
60 -48 43
61 -33 -4
62 -47 4
63 -49 8
64 18 -45
65 -36 -47
66 -18 -22
67 11 -19
68 -17 -12
69 -14 30
70 -49 -11
71 -48 29
72 -16 1
73 -28 24
74 8 6
75 -6 -27
76 47 -8
77 42 28
78 -20 -49
79 32 18
80 -47 24
81 35 30
82 -41 -28
83 2 28
84 -44 47
85 -41 -36
86 31 14
87 8 -22
88 17 23
89 -34 -2
90 -9 -29
91 -17 21
92 22 23
93 -8 -40
94 -34 18
95 40 -19
96 18 -41
97 43 -23
98 -37 44
99 -49 28
100 -14 -1
101 49 -6
102 -4 21
103 -31 26
104 -36 45
105 41 -48
106 39 23
107 46 50
108 1 6
109 -29 28
110 -31 -10
111 10 46
112 1 19
113 -26 -22
114 24 8
115 -42 -41
116 -29 32
117 34 38
118 41 -39
119 36 -3
120 -31 -46
121 6 25
122 43 -14
123 -4 -15
124 1 -27
125 24 -44
126 44 -22
127 4 45
128 47 -8
129 -49 -35
130 -1 35
131 24 -25
132 3 -7
133 -37 46
134 -34 17
135 -25 -35
136 11 39
137 -36 45
138 43 2
139 -40 48
140 9 -46
141 -33 5
142 -35 18
143 24 -39
144 -31 -31
145 -38 -36
146 -43 50
147 -30 -45
148 -15 17
149 31 -13
150 49 -50
151 -42 47
DEMAND_SECTION
1 0
2 21
3 16
4 23
5 40
6 34
7 33
8 32
9 32
10 39
11 28
12 23
13 34
14 44
15 27
16 16
17 36
18 13
19 33
20 33
21 27
22 47
23 33
24 49
25 34
26 41
27 40
28 15
29 43
30 22
31 34
32 37
33 16
34 14
35 13
36 37
37 39
38 33
39 30
40 35
41 14
42 29
43 28
44 30
45 26
46 34
47 35
48 48
49 21
50 48
51 15
52 27
53 20
54 15
55 30
56 20
57 18
58 39
59 35
60 40
61 26
62 31
63 37
64 34
65 14
66 35
67 32
68 49
69 35
70 40
71 37
72 29
73 33
74 27
75 45
76 36
77 21
78 22
79 18
80 20
81 12
82 36
83 47
84 22
85 24
86 21
87 22
88 29
89 45
90 13
91 29
92 20
93 25
94 34
95 41
96 34
97 20
98 49
99 19
100 26
101 47
102 34
103 50
104 40
105 37
106 38
107 33
108 28
109 17
110 23
111 15
112 25
113 25
114 17
115 22
116 19
117 20
118 16
119 14
120 15
121 32
122 13
123 45
124 43
125 14
126 15
127 32
128 25
129 31
130 30
131 49
132 27
133 26
134 19
135 21
136 23
137 38
138 24
139 23
140 20
141 39
142 42
143 31
144 48
145 29
146 45
147 25
148 25
149 40
150 34
151 20
DEPOT_SECTION
1
-1
EOF