NAME: p04_1050_tsplib0_NORMALIZED
BEST_KNOWN: 0
COMMENT: 0
DIMENSION: 151
CAPACITY: 100
EDGE_WEIGHT_FORMAT: FUNCTION
EDGE_WEIGHT_TYPE: EXACT_2D
NODE_COORD_SECTION
1 0 0
2 2 17
3 14 14
4 17 29
5 -15 -9
6 5 -5
7 -14 12
8 -18 28
9 -4 27
10 17 -2
11 16 -14
12 7 6
13 -4 -3
14 -30 -10
15 -23 7
16 1 -19
17 17 6
18 -8 -12
19 -18 -2
20 -22 -22
21 22 23
22 27 7
23 7 22
24 -19 22
25 -27 17
26 -28 3
27 -8 33
28 -5 13
29 8 32
30 23 13
31 23 -8
32 2 34
33 3 11
34 11 -25
35 26 -2
36 27 28
37 28 34
38 -3 -13
39 10 0
40 24 -20
41 -30 -29
42 -25 -18
43 -14 -25
44 -30 29
45 -5 -20
46 4 -25
47 -3 4
48 -10 -3
49 -10 20
50 13 -7
51 21 2
52 6 14
53 0 -18
54 20 10
55 20 -15
56 -20 -5
57 -10 -5
58 -15 15
59 -25 8
60 20 25
61 -5 25
62 -15 30
63 15 0
64 -5 -10
65 -20 -25
66 -5 -30
67 -25 -15
68 -30 -5
69 -15 5
70 -20 25
71 10 30
72 10 -15
73 10 -25
74 20 -30
75 30 0
76 30 -15
77 10 -5
78 0 5
79 6 2
80 29 7
81 5 25
82 -4 17
83 0 34
84 18 17
85 30 20
86 28 30
87 -33 25
88 -15 -15
89 -30 -30
90 25 -23
91 5 -10
92 7 -28
93 -11 -23
94 -12 -32
95 -24 -21
96 -29 3
97 -33 13
98 -27 21
99 -22 17
100 -29 33
101 12 12
102 14 23
103 -8 8
104 2 -4
105 22 -6
106 28 -12
107 18 -23
108 -3 -23
109 1 -9
110 -14 -11
111 -18 -1
112 -23 -11
113 -11 23
114 -8 34
115 -20 42
116 27 42
117 14 38
118 32 -30
119 21 4
120 2 12
121 2 21
122 22 33
123 12 -19
124 9 -18
125 11 -22
126 14 -24
127 14 7
128 18 8
129 26 17
130 22 13
131 21 2
132 20 19
133 -20 12
134 -21 2
135 -24 -4
136 -19 -13
137 -31 -17
138 -7 -17
139 -9 17
140 -9 0
141 -4 32
142 -20 -16
143 -13 -13
144 -17 -11
145 -9 -8
146 -10 -11
147 -13 -8
148 -10 -14
149 -16 -14
150 -15 -9
151 -17 -17
DEMAND_SECTION
1 0
2 44
3 25
4 19
5 32
6 46
7 44
8 29
9 14
10 18
11 11
12 42
13 25
14 28
15 30
16 38
17 21
18 13
19 30
20 44
21 31
22 14
23 35
24 36
25 33
26 41
27 39
28 11
29 41
30 16
31 14
32 44
33 42
34 43
35 18
36 43
37 29
38 41
39 29
40 29
41 43
42 17
43 12
44 35
45 36
46 45
47 21
48 29
49 27
50 43
51 34
52 36
53 36
54 13
55 46
56 39
57 39
58 22
59 38
60 26
61 23
62 45
63 20
64 22
65 21
66 24
67 29
68 44
69 13
70 49
71 44
72 47
73 45
74 43
75 49
76 12
77 23
78 33
79 38
80 32
81 42
82 36
83 21
84 37
85 35
86 49
87 41
88 49
89 42
90 44
91 14
92 42
93 33
94 17
95 47
96 37
97 41
98 40
99 27
100 40
101 14
102 36
103 41
104 40
105 48
106 27
107 18
108 13
109 32
110 22
111 46
112 46
113 36
114 10
115 22
116 37
117 25
118 24
119 43
120 40
121 47
122 23
123 29
124 12
125 25
126 36
127 31
128 48
129 29
130 37
131 28
132 35
133 34
134 41
135 39
136 41
137 33
138 32
139 22
140 22
141 47
142 32
143 34
144 33
145 17
146 36
147 37
148 49
149 18
150 32
151 24
DEPOT_SECTION
1
-1
EOF