NAME: p04_30_NORMALIZED
BEST_KNOWN: 0
COMMENT: 0
DIMENSION: 151
CAPACITY: 100
EDGE_WEIGHT_FORMAT: FUNCTION
EDGE_WEIGHT_TYPE: EXACT_2D
NODE_COORD_SECTION
1 0 0
2 -9 -15
3 15 -45
4 20 -11
5 11 4
6 48 33
7 23 34
8 -16 8
9 11 -3
10 24 -23
11 -2 -13
12 -7 -41
13 -7 13
14 -31 -19
15 50 -31
16 -23 30
17 -36 -47
18 -20 26
19 28 17
20 -36 -2
21 -13 -25
22 -46 4
23 7 7
24 -23 -15
25 -42 2
26 6 1
27 -38 -28
28 32 -41
29 50 14
30 27 43
31 -16 10
32 15 2
33 -49 26
34 11 0
35 -31 -20
36 -14 23
37 43 10
38 49 12
39 -24 30
40 -32 -15
41 15 1
42 -27 44
43 -6 -30
44 37 -50
45 -18 -21
46 -46 -28
47 13 -38
48 1 -26
49 42 -37
50 -14 -39
51 42 -20
52 8 -39
53 -3 3
54 3 -45
55 -27 -45
56 -26 37
57 -30 -41
58 44 8
59 27 22
60 -21 -43
61 16 -8
62 46 45
63 -3 -1
64 -6 20
65 -6 50
66 -7 21
67 23 -22
68 22 -7
69 22 26
70 -29 24
71 -15 -8
72 7 -42
73 19 35
74 8 -41
75 -7 -44
76 47 33
77 -18 -36
78 21 1
79 -26 -43
80 6 -31
81 47 -35
82 -23 36
83 -12 47
84 -30 18
85 -32 42
86 -36 -44
87 -5 -12
88 -29 47
89 29 39
90 18 -7
91 -5 12
92 26 50
93 -50 15
94 -2 43
95 -32 19
96 -48 21
97 23 15
98 34 35
99 11 -50
100 29 12
101 7 46
102 -12 -33
103 -42 -17
104 33 -42
105 41 6
106 35 -41
107 30 1
108 -50 16
109 17 44
110 46 0
111 -18 7
112 -41 -41
113 -1 -6
114 -36 -48
115 12 34
116 -37 -8
117 20 -35
118 -34 -3
119 49 -24
120 26 -11
121 21 -4
122 -2 -12
123 -24 -4
124 -50 -25
125 -47 -31
126 -46 31
127 49 41
128 -7 19
129 27 -15
130 14 -38
131 -34 -35
132 -18 47
133 3 13
134 -22 -25
135 21 13
136 -43 10
137 13 -27
138 10 -24
139 -25 -17
140 -39 20
141 17 30
142 -34 -36
143 -37 -47
144 28 -13
145 -3 8
146 -45 39
147 -45 28
148 -25 34
149 -15 15
150 22 35
151 -34 -3
DEMAND_SECTION
1 0
2 47
3 48
4 30
5 27
6 49
7 34
8 19
9 39
10 21
11 50
12 19
13 13
14 21
15 39
16 48
17 49
18 20
19 27
20 21
21 31
22 30
23 37
24 48
25 12
26 13
27 29
28 22
29 49
30 14
31 17
32 46
33 15
34 16
35 32
36 49
37 25
38 45
39 30
40 37
41 49
42 40
43 45
44 26
45 18
46 48
47 39
48 44
49 48
50 19
51 38
52 25
53 33
54 44
55 17
56 26
57 21
58 37
59 30
60 21
61 23
62 13
63 45
64 26
65 22
66 15
67 38
68 21
69 46
70 43
71 19
72 36
73 25
74 38
75 28
76 22
77 36
78 20
79 21
80 41
81 17
82 23
83 45
84 15
85 18
86 32
87 13
88 17
89 31
90 38
91 14
92 16
93 22
94 37
95 44
96 31
97 40
98 25
99 33
100 40
101 32
102 45
103 34
104 39
105 26
106 19
107 25
108 38
109 21
110 19
111 50
112 17
113 27
114 36
115 21
116 36
117 16
118 19
119 24
120 39
121 17
122 40
123 44
124 50
125 47
126 46
127 38
128 41
129 36
130 16
131 43
132 41
133 44
134 24
135 40
136 17
137 32
138 14
139 48
140 34
141 37
142 49
143 22
144 35
145 20
146 50
147 39
148 26
149 33
150 21
151 44
DEPOT_SECTION
1
-1
EOF