NAME: p10_3070_tsplib0_NORMALIZED
BEST_KNOWN: 0
COMMENT: 0
DIMENSION: 200
CAPACITY: 100
EDGE_WEIGHT_FORMAT: FUNCTION
EDGE_WEIGHT_TYPE: EXACT_2D
NODE_COORD_SECTION
1 0 0
2 -13 -13
3 1 -9
4 -14 10
5 10 0
6 20 -15
7 -2 -1
8 15 15
9 20 10
10 -9 24
11 5 31
12 20 30
13 0 16
14 27 0
15 27 22
16 27 -11
17 -14 1
18 -2 9
19 -26 21
20 27 13
21 31 -21
22 9 -22
23 -9 -22
24 -24 -7
25 -28 8
26 -18 29
27 6 11
28 20 -1
29 0 -19
30 17 -9
31 8 -9
32 -4 41
33 -13 18
34 -9 -6
35 15 5
36 20 15
37 19 -25
38 25 -20
39 12 31
40 -5 25
41 -5 15
42 -23 -18
43 -20 -21
44 -19 -16
45 -14 13
46 15 -5
47 16 7
48 15 -20
49 13 -14
50 -23 3
51 2 17
52 14 14
53 17 29
54 -15 -9
55 5 -5
56 -14 12
57 -18 28
58 -4 27
59 17 -2
60 16 -14
61 7 6
62 -4 -3
63 -30 -10
64 -23 7
65 1 -19
66 17 6
67 -8 -12
68 -18 -2
69 -22 -22
70 22 23
71 27 7
72 7 22
73 -19 22
74 -27 17
75 -28 3
76 -8 33
77 -5 13
78 8 32
79 23 13
80 23 -8
81 2 34
82 3 11
83 11 -25
84 26 -2
85 27 28
86 28 34
87 -3 -13
88 10 0
89 24 -20
90 -30 -29
91 -25 -18
92 -14 -25
93 -30 29
94 -5 -20
95 4 -25
96 -3 4
97 -10 -3
98 -10 20
99 13 -7
100 21 2
101 6 14
102 0 -18
103 20 10
104 20 -15
105 -20 -5
106 -10 -5
107 -15 15
108 -25 8
109 20 25
110 -5 25
111 -15 30
112 15 0
113 -5 -10
114 -20 -25
115 -5 -30
116 -25 -15
117 -30 -5
118 -15 5
119 -20 25
120 10 30
121 10 -15
122 10 -25
123 20 -30
124 30 0
125 30 -15
126 10 -5
127 0 5
128 6 2
129 29 7
130 5 25
131 -4 17
132 0 34
133 18 17
134 30 20
135 28 30
136 -33 25
137 -15 -15
138 -30 -30
139 25 -23
140 5 -10
141 7 -28
142 -11 -23
143 -12 -32
144 -24 -21
145 -29 3
146 -33 13
147 -27 21
148 -22 17
149 -29 33
150 12 12
151 14 23
152 -8 8
153 2 -4
154 22 -6
155 28 -12
156 18 -23
157 -3 -23
158 1 -9
159 -14 -11
160 -18 -1
161 -23 -11
162 -11 23
163 -8 34
164 -20 42
165 27 42
166 14 38
167 32 -30
168 21 4
169 2 12
170 2 21
171 22 33
172 12 -19
173 9 -18
174 11 -22
175 14 -24
176 14 7
177 18 8
178 26 17
179 22 13
180 21 2
181 20 19
182 -20 12
183 -21 2
184 -24 -4
185 -19 -13
186 -31 -17
187 -7 -17
188 -9 17
189 -9 0
190 -4 32
191 -20 -16
192 -13 -13
193 -17 -11
194 -9 -8
195 -10 -11
196 -13 -8
197 -10 -14
198 -16 -14
199 -15 -9
200 -17 -17
DEMAND_SECTION
1 0
2 64
3 45
4 39
5 52
6 66
7 64
8 49
9 34
10 38
11 31
12 62
13 45
14 48
15 50
16 58
17 41
18 33
19 50
20 64
21 51
22 34
23 55
24 56
25 53
26 61
27 59
28 31
29 61
30 36
31 34
32 64
33 62
34 63
35 38
36 63
37 49
38 61
39 49
40 49
41 63
42 37
43 32
44 55
45 56
46 65
47 41
48 49
49 47
50 63
51 54
52 56
53 56
54 33
55 66
56 59
57 59
58 42
59 58
60 46
61 43
62 65
63 40
64 42
65 41
66 44
67 49
68 64
69 33
70 69
71 64
72 67
73 65
74 63
75 69
76 32
77 43
78 53
79 58
80 52
81 62
82 56
83 41
84 57
85 55
86 69
87 61
88 69
89 62
90 64
91 34
92 62
93 53
94 37
95 67
96 57
97 61
98 60
99 47
100 60
101 34
102 56
103 61
104 60
105 68
106 47
107 38
108 33
109 52
110 42
111 66
112 66
113 56
114 30
115 42
116 57
117 45
118 44
119 63
120 60
121 67
122 43
123 49
124 32
125 45
126 56
127 51
128 68
129 49
130 57
131 48
132 55
133 54
134 61
135 59
136 61
137 53
138 52
139 42
140 42
141 67
142 52
143 54
144 53
145 37
146 56
147 57
148 69
149 38
150 52
151 44
152 49
153 34
154 69
155 47
156 47
157 31
158 57
159 34
160 38
161 51
162 30
163 35
164 31
165 35
166 30
167 60
168 69
169 39
170 31
171 30
172 60
173 48
174 54
175 38
176 54
177 47
178 55
179 51
180 48
181 63
182 56
183 42
184 53
185 40
186 40
187 60
188 63
189 38
190 48
191 46
192 49
193 66
194 66
195 36
196 32
197 53
198 64
199 57
200 42
DEPOT_SECTION
1
-1
EOF