NAME: p10_29_NORMALIZED
BEST_KNOWN: 0
COMMENT: 0
DIMENSION: 200
CAPACITY: 100
EDGE_WEIGHT_FORMAT: FUNCTION
EDGE_WEIGHT_TYPE: EXACT_2D
NODE_COORD_SECTION
1 0 0
2 37 16
3 -47 8
4 -45 -31
5 45 11
6 -39 -42
7 -5 28
8 7 -8
9 -40 -43
10 -50 -3
11 -7 20
12 30 29
13 48 33
14 -2 35
15 43 7
16 17 -41
17 -2 -39
18 29 2
19 -28 -17
20 -20 40
21 18 -4
22 0 32
23 -35 -46
24 33 -25
25 15 43
26 -17 -26
27 -24 -28
28 -41 -28
29 49 -2
30 -3 1
31 -24 49
32 -23 -44
33 42 29
34 -36 14
35 -9 -41
36 7 -39
37 33 44
38 7 -40
39 -36 -32
40 49 -32
41 -29 -50
42 5 -35
43 10 -50
44 -6 -20
45 31 -43
46 -43 -18
47 -18 15
48 37 -31
49 28 37
50 35 49
51 19 0
52 1 15
53 37 -19
54 -25 28
55 -38 10
56 33 6
57 30 3
58 1 40
59 20 6
60 34 -8
61 49 -4
62 -42 6
63 20 -10
64 -4 45
65 41 43
66 36 41
67 -19 7
68 27 -20
69 4 44
70 -41 -49
71 45 -2
72 24 -25
73 17 14
74 7 12
75 -19 16
76 35 41
77 -2 42
78 -39 -35
79 24 -1
80 -50 30
81 24 -46
82 -34 -48
83 -37 -42
84 2 2
85 2 21
86 36 41
87 6 -10
88 -25 21
89 38 13
90 -42 -26
91 8 16
92 3 -33
93 19 32
94 -11 41
95 -38 -23
96 48 35
97 -18 10
98 8 27
99 -17 12
100 -18 2
101 27 0
102 44 6
103 48 -25
104 27 8
105 -40 29
106 46 16
107 9 -32
108 -23 40
109 -15 30
110 0 48
111 -37 15
112 44 -16
113 28 39
114 50 -40
115 9 26
116 42 -39
117 3 8
118 4 6
119 -41 -13
120 38 28
121 39 31
122 25 -7
123 49 -27
124 -3 -40
125 -24 -47
126 -25 13
127 4 31
128 -16 -18
129 40 -24
130 0 50
131 42 31
132 -21 43
133 31 17
134 -41 46
135 22 32
136 -48 -30
137 38 -23
138 21 15
139 20 -16
140 22 -5
141 -50 31
142 -36 -33
143 -7 -24
144 -7 -17
145 -11 12
146 0 -9
147 37 39
148 50 -47
149 37 -23
150 -22 3
151 1 2
152 26 -29
153 -22 29
154 -33 -25
155 43 36
156 21 -12
157 30 -24
158 42 -20
159 -15 -12
160 19 4
161 47 -30
162 3 35
163 4 26
164 47 5
165 1 14
166 9 3
167 -44 23
168 20 -20
169 -22 16
170 33 15
171 4 -14
172 18 25
173 -40 -37
174 31 32
175 -11 30
176 13 2
177 9 -25
178 39 1
179 27 -29
180 -33 -46
181 24 -50
182 -45 -9
183 49 -50
184 29 -23
185 10 20
186 18 19
187 -23 -35
188 -33 -19
189 27 -2
190 -1 -9
191 -29 41
192 -33 49
193 -50 -9
194 -14 -11
195 41 -1
196 42 -30
197 43 15
198 -41 50
199 4 6
200 10 13
DEMAND_SECTION
1 0
2 33
3 36
4 27
5 36
6 35
7 27
8 15
9 33
10 33
11 28
12 20
13 39
14 16
15 12
16 40
17 26
18 45
19 13
20 32
21 22
22 19
23 22
24 15
25 39
26 45
27 30
28 37
29 41
30 38
31 12
32 48
33 46
34 43
35 32
36 40
37 32
38 20
39 16
40 48
41 42
42 44
43 22
44 19
45 22
46 16
47 26
48 30
49 21
50 14
51 31
52 19
53 26
54 26
55 25
56 13
57 20
58 19
59 32
60 30
61 44
62 17
63 36
64 22
65 15
66 44
67 17
68 48
69 26
70 28
71 45
72 47
73 41
74 31
75 41
76 19
77 16
78 28
79 33
80 47
81 38
82 28
83 20
84 32
85 42
86 16
87 27
88 38
89 14
90 31
91 28
92 33
93 40
94 20
95 41
96 28
97 45
98 37
99 42
100 25
101 31
102 18
103 20
104 30
105 50
106 41
107 40
108 29
109 23
110 26
111 29
112 32
113 17
114 21
115 30
116 43
117 46
118 23
119 32
120 23
121 45
122 32
123 33
124 49
125 29
126 46
127 27
128 32
129 40
130 21
131 43
132 18
133 25
134 40
135 31
136 45
137 20
138 33
139 48
140 27
141 38
142 32
143 18
144 17
145 36
146 16
147 22
148 35
149 41
150 43
151 14
152 19
153 45
154 16
155 14
156 14
157 16
158 27
159 21
160 27
161 37
162 43
163 32
164 19
165 35
166 14
167 45
168 20
169 16
170 17
171 38
172 34
173 26
174 21
175 15
176 24
177 13
178 38
179 18
180 36
181 28
182 26
183 36
184 43
185 32
186 41
187 26
188 20
189 22
190 20
191 44
192 34
193 45
194 15
195 23
196 21
197 29
198 16
199 16
200 14
DEPOT_SECTION
1
-1
EOF