NAME: p10_15_NORMALIZED
BEST_KNOWN: 0
COMMENT: 0
DIMENSION: 200
CAPACITY: 100
EDGE_WEIGHT_FORMAT: FUNCTION
EDGE_WEIGHT_TYPE: EXACT_2D
NODE_COORD_SECTION
1 0 0
2 -22 25
3 -44 17
4 42 40
5 -5 44
6 27 -3
7 -25 -46
8 15 -25
9 12 -46
10 8 -20
11 16 -33
12 40 28
13 -39 34
14 -3 39
15 -34 7
16 9 -31
17 -47 7
18 -44 -4
19 -38 36
20 -16 19
21 -20 -13
22 -33 -28
23 3 33
24 42 -44
25 -26 11
26 26 28
27 2 38
28 39 -19
29 -40 34
30 -46 30
31 25 16
32 -4 9
33 -29 -28
34 5 -6
35 -41 -1
36 -12 16
37 -16 -39
38 16 -4
39 -39 42
40 8 37
41 -3 34
42 -45 -33
43 -4 19
44 -6 -48
45 -36 48
46 44 -15
47 45 4
48 -43 -30
49 2 -23
50 25 37
51 20 21
52 15 -10
53 -44 42
54 -34 19
55 -47 -13
56 10 0
57 11 -33
58 -18 -2
59 -38 -33
60 18 37
61 -28 -20
62 -14 -21
63 16 24
64 34 -46
65 -25 -3
66 -38 43
67 -3 32
68 -32 -41
69 15 4
70 -25 25
71 -20 2
72 1 22
73 17 30
74 6 22
75 -39 6
76 28 -33
77 27 -2
78 -26 6
79 -11 -20
80 7 40
81 14 -30
82 10 14
83 -7 -43
84 -39 -17
85 -2 21
86 -45 -39
87 -17 48
88 -41 47
89 39 -31
90 39 -12
91 30 50
92 23 -30
93 -37 12
94 20 11
95 -43 21
96 -4 -40
97 -25 -33
98 32 -20
99 -50 31
100 1 24
101 9 27
102 -11 12
103 38 25
104 12 -48
105 42 22
106 -3 -50
107 11 18
108 -33 -2
109 -1 -30
110 -22 -42
111 -8 45
112 20 32
113 -40 8
114 0 39
115 40 -41
116 44 -27
117 3 -27
118 -14 6
119 22 -39
120 30 1
121 -49 47
122 27 12
123 20 -15
124 44 50
125 39 -45
126 -46 -39
127 -47 -8
128 -41 -41
129 39 8
130 6 17
131 -37 -9
132 -6 48
133 30 -36
134 17 -29
135 20 28
136 -2 9
137 49 16
138 -14 -13
139 -22 43
140 9 -12
141 -3 44
142 -1 46
143 -34 3
144 13 -27
145 14 34
146 10 19
147 -26 -33
148 -25 2
149 36 -32
150 -9 10
151 38 49
152 -26 24
153 36 -32
154 40 32
155 -38 -14
156 -48 32
157 33 40
158 -20 41
159 -2 37
160 30 -39
161 -33 49
162 14 17
163 -4 0
164 -5 -16
165 14 -26
166 16 -43
167 -10 19
168 15 -50
169 39 29
170 -4 -47
171 -37 21
172 16 38
173 -50 28
174 41 10
175 -29 29
176 -37 25
177 -12 -18
178 -13 25
179 49 -8
180 -18 -20
181 8 19
182 -11 -22
183 -45 18
184 37 -8
185 -26 -42
186 9 37
187 -34 35
188 -7 49
189 40 -4
190 -17 -24
191 38 48
192 37 -26
193 -10 18
194 33 6
195 -23 5
196 -25 13
197 1 42
198 -17 -18
199 15 41
200 23 -43
DEMAND_SECTION
1 0
2 24
3 18
4 44
5 45
6 28
7 15
8 19
9 35
10 45
11 46
12 27
13 24
14 47
15 13
16 40
17 41
18 27
19 15
20 45
21 21
22 41
23 18
24 14
25 40
26 35
27 36
28 32
29 42
30 47
31 18
32 49
33 24
34 17
35 26
36 42
37 49
38 22
39 37
40 49
41 48
42 28
43 26
44 36
45 41
46 37
47 47
48 30
49 48
50 20
51 45
52 17
53 48
54 49
55 34
56 19
57 49
58 16
59 20
60 47
61 46
62 45
63 26
64 40
65 26
66 44
67 24
68 29
69 23
70 14
71 47
72 47
73 27
74 36
75 25
76 43
77 28
78 23
79 43
80 32
81 49
82 18
83 41
84 28
85 13
86 25
87 18
88 43
89 33
90 32
91 21
92 43
93 44
94 23
95 45
96 48
97 26
98 37
99 38
100 24
101 23
102 15
103 19
104 34
105 45
106 23
107 14
108 25
109 17
110 44
111 34
112 46
113 33
114 47
115 43
116 44
117 45
118 20
119 34
120 13
121 46
122 37
123 43
124 49
125 33
126 44
127 29
128 18
129 41
130 30
131 38
132 49
133 34
134 15
135 40
136 12
137 33
138 29
139 21
140 45
141 41
142 22
143 14
144 18
145 47
146 19
147 39
148 47
149 17
150 36
151 18
152 25
153 33
154 24
155 45
156 30
157 28
158 36
159 18
160 21
161 20
162 35
163 35
164 19
165 39
166 37
167 32
168 12
169 31
170 49
171 19
172 44
173 35
174 46
175 27
176 20
177 25
178 39
179 49
180 12
181 30
182 45
183 28
184 16
185 13
186 43
187 30
188 18
189 36
190 24
191 47
192 26
193 34
194 42
195 16
196 38
197 16
198 28
199 14
200 23
DEPOT_SECTION
1
-1
EOF