NAME: p10_7_NORMALIZED
BEST_KNOWN: 0
COMMENT: 0
DIMENSION: 200
CAPACITY: 100
EDGE_WEIGHT_FORMAT: FUNCTION
EDGE_WEIGHT_TYPE: EXACT_2D
NODE_COORD_SECTION
1 0 0
2 -24 -37
3 -2 28
4 -32 16
5 23 48
6 -20 6
7 25 15
8 -47 33
9 -27 8
10 -1 6
11 -25 39
12 -9 12
13 -1 31
14 9 -1
15 35 -29
16 21 -43
17 6 50
18 -9 0
19 43 -11
20 23 28
21 -11 20
22 31 -42
23 11 37
24 8 7
25 -22 -15
26 5 -4
27 2 7
28 42 -22
29 -21 -24
30 -20 -28
31 20 -1
32 49 17
33 -11 14
34 -47 -45
35 49 -32
36 5 0
37 35 38
38 -49 23
39 -5 -25
40 46 -44
41 -21 17
42 -44 -22
43 27 -9
44 16 -8
45 31 50
46 31 -38
47 -24 -36
48 -32 11
49 -7 30
50 27 -45
51 -39 -41
52 3 -1
53 2 50
54 -15 -33
55 -19 -3
56 27 -17
57 22 20
58 -17 36
59 -8 1
60 -6 -27
61 43 -1
62 -38 -12
63 46 -35
64 -34 16
65 -32 19
66 2 17
67 -14 -29
68 46 -33
69 -49 -41
70 -19 44
71 -44 -30
72 -31 38
73 9 48
74 -8 47
75 10 -31
76 29 4
77 -23 40
78 -34 -5
79 14 43
80 34 33
81 13 -2
82 -47 -20
83 -37 -36
84 20 30
85 -48 11
86 18 17
87 7 13
88 31 -37
89 43 -7
90 -10 11
91 10 -33
92 45 33
93 31 -29
94 -20 49
95 5 -16
96 39 45
97 14 -17
98 -11 -45
99 -30 6
100 24 -41
101 15 -16
102 -29 11
103 7 -16
104 18 -35
105 49 16
106 -31 -40
107 -29 -17
108 -22 5
109 -27 7
110 27 1
111 41 -40
112 42 42
113 -13 42
114 -21 -46
115 0 -10
116 -31 -37
117 -46 -47
118 -46 18
119 -13 -45
120 22 38
121 17 -21
122 12 -30
123 40 -27
124 26 47
125 13 -24
126 20 40
127 -26 39
128 -41 -29
129 -28 24
130 44 16
131 50 -23
132 31 47
133 40 34
134 50 3
135 -12 -24
136 45 -25
137 -26 -49
138 -30 -19
139 -30 7
140 17 31
141 27 -50
142 -33 -2
143 9 -30
144 16 17
145 -50 31
146 -33 21
147 -6 -46
148 10 -39
149 16 -23
150 -32 -2
151 50 10
152 -4 -8
153 29 -31
154 -31 -38
155 -24 10
156 -34 21
157 35 -35
158 0 39
159 -37 -10
160 26 -5
161 22 8
162 17 2
163 28 2
164 48 -32
165 19 -20
166 41 7
167 31 -13
168 26 22
169 -17 -39
170 31 19
171 10 -10
172 -31 -46
173 49 14
174 13 -18
175 -15 16
176 -39 15
177 45 44
178 10 37
179 -31 36
180 2 50
181 -35 15
182 -10 43
183 -50 42
184 -40 -3
185 19 22
186 -36 25
187 23 29
188 -6 27
189 27 -47
190 -21 46
191 4 -45
192 40 6
193 22 -9
194 -22 44
195 16 8
196 -24 36
197 49 -31
198 -5 -9
199 30 35
200 -44 34
DEMAND_SECTION
1 0
2 21
3 18
4 25
5 17
6 30
7 42
8 36
9 20
10 43
11 18
12 14
13 17
14 37
15 37
16 35
17 44
18 26
19 28
20 19
21 22
22 29
23 25
24 46
25 37
26 12
27 34
28 26
29 48
30 23
31 16
32 16
33 36
34 14
35 18
36 48
37 17
38 32
39 18
40 46
41 21
42 48
43 28
44 14
45 25
46 41
47 34
48 39
49 23
50 49
51 14
52 13
53 19
54 34
55 35
56 23
57 39
58 49
59 30
60 39
61 18
62 13
63 26
64 32
65 43
66 24
67 47
68 46
69 19
70 16
71 41
72 25
73 45
74 41
75 28
76 31
77 16
78 33
79 42
80 34
81 46
82 36
83 25
84 45
85 43
86 25
87 15
88 22
89 25
90 21
91 23
92 45
93 26
94 42
95 16
96 47
97 38
98 16
99 25
100 25
101 24
102 44
103 16
104 22
105 46
106 36
107 15
108 27
109 49
110 39
111 19
112 39
113 48
114 15
115 33
116 43
117 31
118 24
119 18
120 19
121 49
122 23
123 24
124 47
125 40
126 39
127 42
128 20
129 20
130 32
131 31
132 18
133 37
134 27
135 31
136 26
137 31
138 29
139 17
140 39
141 41
142 13
143 34
144 17
145 33
146 49
147 47
148 29
149 31
150 50
151 39
152 48
153 25
154 38
155 44
156 16
157 34
158 47
159 40
160 35
161 49
162 12
163 14
164 48
165 27
166 31
167 38
168 29
169 46
170 20
171 19
172 14
173 19
174 22
175 47
176 50
177 39
178 25
179 43
180 19
181 47
182 49
183 29
184 17
185 42
186 37
187 31
188 38
189 41
190 30
191 33
192 22
193 14
194 13
195 47
196 26
197 16
198 25
199 48
200 47
DEPOT_SECTION
1
-1
EOF