NAME: p10_1030_tsplib0_NORMALIZED
BEST_KNOWN: 0
COMMENT: 0
DIMENSION: 200
CAPACITY: 100
EDGE_WEIGHT_FORMAT: FUNCTION
EDGE_WEIGHT_TYPE: EXACT_2D
NODE_COORD_SECTION
1 0 0
2 -13 -13
3 1 -9
4 -14 10
5 10 0
6 20 -15
7 -2 -1
8 15 15
9 20 10
10 -9 24
11 5 31
12 20 30
13 0 16
14 27 0
15 27 22
16 27 -11
17 -14 1
18 -2 9
19 -26 21
20 27 13
21 31 -21
22 9 -22
23 -9 -22
24 -24 -7
25 -28 8
26 -18 29
27 6 11
28 20 -1
29 0 -19
30 17 -9
31 8 -9
32 -4 41
33 -13 18
34 -9 -6
35 15 5
36 20 15
37 19 -25
38 25 -20
39 12 31
40 -5 25
41 -5 15
42 -23 -18
43 -20 -21
44 -19 -16
45 -14 13
46 15 -5
47 16 7
48 15 -20
49 13 -14
50 -23 3
51 2 17
52 14 14
53 17 29
54 -15 -9
55 5 -5
56 -14 12
57 -18 28
58 -4 27
59 17 -2
60 16 -14
61 7 6
62 -4 -3
63 -30 -10
64 -23 7
65 1 -19
66 17 6
67 -8 -12
68 -18 -2
69 -22 -22
70 22 23
71 27 7
72 7 22
73 -19 22
74 -27 17
75 -28 3
76 -8 33
77 -5 13
78 8 32
79 23 13
80 23 -8
81 2 34
82 3 11
83 11 -25
84 26 -2
85 27 28
86 28 34
87 -3 -13
88 10 0
89 24 -20
90 -30 -29
91 -25 -18
92 -14 -25
93 -30 29
94 -5 -20
95 4 -25
96 -3 4
97 -10 -3
98 -10 20
99 13 -7
100 21 2
101 6 14
102 0 -18
103 20 10
104 20 -15
105 -20 -5
106 -10 -5
107 -15 15
108 -25 8
109 20 25
110 -5 25
111 -15 30
112 15 0
113 -5 -10
114 -20 -25
115 -5 -30
116 -25 -15
117 -30 -5
118 -15 5
119 -20 25
120 10 30
121 10 -15
122 10 -25
123 20 -30
124 30 0
125 30 -15
126 10 -5
127 0 5
128 6 2
129 29 7
130 5 25
131 -4 17
132 0 34
133 18 17
134 30 20
135 28 30
136 -33 25
137 -15 -15
138 -30 -30
139 25 -23
140 5 -10
141 7 -28
142 -11 -23
143 -12 -32
144 -24 -21
145 -29 3
146 -33 13
147 -27 21
148 -22 17
149 -29 33
150 12 12
151 14 23
152 -8 8
153 2 -4
154 22 -6
155 28 -12
156 18 -23
157 -3 -23
158 1 -9
159 -14 -11
160 -18 -1
161 -23 -11
162 -11 23
163 -8 34
164 -20 42
165 27 42
166 14 38
167 32 -30
168 21 4
169 2 12
170 2 21
171 22 33
172 12 -19
173 9 -18
174 11 -22
175 14 -24
176 14 7
177 18 8
178 26 17
179 22 13
180 21 2
181 20 19
182 -20 12
183 -21 2
184 -24 -4
185 -19 -13
186 -31 -17
187 -7 -17
188 -9 17
189 -9 0
190 -4 32
191 -20 -16
192 -13 -13
193 -17 -11
194 -9 -8
195 -10 -11
196 -13 -8
197 -10 -14
198 -16 -14
199 -15 -9
200 -17 -17
DEMAND_SECTION
1 0
2 27
3 17
4 14
5 21
6 28
7 27
8 19
9 12
10 14
11 10
12 26
13 17
14 19
15 20
16 24
17 15
18 11
19 20
20 27
21 20
22 12
23 22
24 23
25 21
26 25
27 24
28 10
29 25
30 13
31 12
32 27
33 26
34 26
35 14
36 26
37 19
38 25
39 19
40 19
41 26
42 13
43 11
44 22
45 23
46 27
47 15
48 19
49 18
50 26
51 22
52 23
53 23
54 11
55 28
56 24
57 24
58 16
59 24
60 18
61 16
62 27
63 15
64 16
65 15
66 17
67 19
68 27
69 11
70 29
71 27
72 28
73 27
74 26
75 29
76 11
77 16
78 21
79 24
80 21
81 26
82 23
83 15
84 23
85 22
86 29
87 25
88 29
89 26
90 27
91 12
92 26
93 21
94 13
95 28
96 23
97 25
98 25
99 18
100 25
101 12
102 23
103 25
104 25
105 29
106 18
107 14
108 11
109 21
110 16
111 28
112 28
113 23
114 10
115 16
116 23
117 17
118 17
119 26
120 25
121 28
122 16
123 19
124 11
125 17
126 23
127 20
128 29
129 19
130 23
131 19
132 22
133 22
134 25
135 24
136 25
137 21
138 21
139 16
140 16
141 28
142 21
143 22
144 21
145 13
146 23
147 23
148 29
149 14
150 21
151 17
152 19
153 12
154 29
155 18
156 18
157 10
158 23
159 12
160 14
161 20
162 10
163 12
164 10
165 12
166 10
167 25
168 29
169 14
170 10
171 10
172 25
173 19
174 22
175 14
176 22
177 18
178 22
179 20
180 19
181 26
182 23
183 16
184 21
185 15
186 15
187 25
188 26
189 14
190 19
191 18
192 19
193 28
194 28
195 13
196 11
197 21
198 27
199 23
200 16
DEPOT_SECTION
1
-1
EOF