NAME: p10_25_NORMALIZED
BEST_KNOWN: 0
COMMENT: 0
DIMENSION: 200
CAPACITY: 100
EDGE_WEIGHT_FORMAT: FUNCTION
EDGE_WEIGHT_TYPE: EXACT_2D
NODE_COORD_SECTION
1 0 0
2 -12 9
3 -33 -37
4 -49 10
5 -26 5
6 -50 17
7 33 9
8 30 -17
9 10 -39
10 -23 -2
11 34 29
12 -7 40
13 6 19
14 16 -40
15 20 23
16 -31 33
17 19 -30
18 12 -9
19 -27 28
20 -48 -39
21 14 45
22 37 5
23 -6 -34
24 21 15
25 -7 40
26 -35 -23
27 41 -5
28 -30 -9
29 27 23
30 26 2
31 -20 -25
32 -16 -40
33 11 38
34 -5 -44
35 -32 -48
36 11 35
37 12 2
38 -14 -35
39 -16 -9
40 11 40
41 15 4
42 22 9
43 -37 40
44 -10 -39
45 -3 -36
46 3 -23
47 -12 -35
48 27 -16
49 -3 50
50 36 25
51 35 -16
52 -22 -42
53 27 -46
54 15 -37
55 35 43
56 -16 -33
57 -46 -46
58 46 -30
59 24 -24
60 -31 10
61 38 -17
62 36 -8
63 -29 -26
64 39 -39
65 -1 20
66 39 -11
67 -3 11
68 19 32
69 -49 34
70 13 -48
71 34 38
72 -21 37
73 -45 -10
74 -18 -38
75 -37 -48
76 23 4
77 -20 -35
78 26 46
79 28 33
80 -18 -9
81 -25 -10
82 -28 33
83 -7 38
84 -2 -48
85 -10 -7
86 -24 -19
87 49 46
88 -17 -33
89 22 26
90 11 33
91 -22 -48
92 10 47
93 -9 26
94 -42 21
95 -15 -47
96 -36 12
97 6 13
98 -12 -30
99 -3 -42
100 -13 -10
101 48 23
102 5 49
103 26 36
104 -23 -7
105 -13 -31
106 10 -2
107 -23 -39
108 -12 30
109 -46 -20
110 36 50
111 42 17
112 31 -29
113 34 18
114 -28 -26
115 -45 37
116 6 38
117 -25 32
118 34 44
119 -15 -28
120 44 4
121 -24 19
122 4 45
123 -29 7
124 14 35
125 18 39
126 -45 -21
127 -3 -11
128 -32 -8
129 -16 -19
130 4 18
131 -29 0
132 27 -39
133 -44 32
134 -8 47
135 -13 49
136 -14 49
137 -50 -50
138 -8 41
139 13 -20
140 -38 -13
141 11 31
142 -35 45
143 39 50
144 -18 8
145 34 17
146 -5 -10
147 -16 45
148 18 43
149 -50 -50
150 43 -35
151 -14 50
152 -29 2
153 13 13
154 31 33
155 -27 20
156 18 -3
157 37 38
158 17 -50
159 19 44
160 -41 21
161 -2 25
162 -33 -34
163 33 48
164 -8 10
165 9 21
166 8 15
167 18 -13
168 -11 37
169 -22 26
170 -31 -33
171 46 30
172 -37 4
173 -39 0
174 9 19
175 38 6
176 7 50
177 23 -16
178 -14 -40
179 -36 -3
180 6 12
181 -24 -38
182 -33 35
183 45 -28
184 29 -8
185 12 -3
186 -12 -32
187 36 -4
188 40 -41
189 9 -34
190 44 2
191 -45 -28
192 29 21
193 -30 3
194 38 -8
195 23 25
196 -8 -11
197 27 14
198 -20 5
199 -37 9
200 29 -17
DEMAND_SECTION
1 0
2 18
3 43
4 31
5 29
6 30
7 38
8 28
9 36
10 38
11 47
12 31
13 47
14 40
15 30
16 16
17 35
18 34
19 32
20 40
21 18
22 35
23 38
24 42
25 24
26 35
27 34
28 41
29 27
30 42
31 42
32 16
33 27
34 48
35 45
36 21
37 48
38 44
39 41
40 39
41 24
42 15
43 44
44 47
45 17
46 14
47 38
48 31
49 36
50 18
51 37
52 17
53 48
54 13
55 33
56 44
57 26
58 31
59 36
60 25
61 46
62 46
63 38
64 17
65 34
66 43
67 36
68 19
69 30
70 13
71 13
72 14
73 47
74 41
75 32
76 34
77 42
78 27
79 46
80 41
81 28
82 44
83 39
84 46
85 14
86 26
87 22
88 26
89 18
90 23
91 38
92 35
93 32
94 37
95 40
96 29
97 29
98 15
99 42
100 15
101 48
102 46
103 23
104 14
105 26
106 25
107 17
108 41
109 40
110 31
111 16
112 21
113 12
114 13
115 30
116 45
117 47
118 18
119 23
120 19
121 43
122 27
123 30
124 37
125 36
126 34
127 24
128 31
129 18
130 21
131 27
132 31
133 23
134 49
135 21
136 36
137 44
138 16
139 13
140 47
141 43
142 42
143 37
144 32
145 19
146 14
147 13
148 49
149 45
150 24
151 40
152 36
153 20
154 45
155 15
156 30
157 14
158 26
159 34
160 22
161 47
162 35
163 50
164 40
165 40
166 36
167 29
168 47
169 43
170 37
171 14
172 16
173 15
174 42
175 24
176 37
177 38
178 34
179 30
180 21
181 23
182 34
183 20
184 44
185 47
186 46
187 23
188 25
189 18
190 44
191 45
192 33
193 41
194 31
195 21
196 15
197 46
198 40
199 32
200 25
DEPOT_SECTION
1
-1
EOF