NAME: p10_27_NORMALIZED
BEST_KNOWN: 0
COMMENT: 0
DIMENSION: 200
CAPACITY: 100
EDGE_WEIGHT_FORMAT: FUNCTION
EDGE_WEIGHT_TYPE: EXACT_2D
NODE_COORD_SECTION
1 0 0
2 -8 33
3 -11 -45
4 26 2
5 -2 -39
6 0 11
7 25 -22
8 -32 -22
9 9 36
10 42 -49
11 -28 0
12 -5 17
13 21 11
14 6 -2
15 -31 -38
16 -36 -16
17 38 29
18 37 47
19 -7 43
20 37 30
21 -44 20
22 23 19
23 -47 -20
24 -14 -29
25 23 -45
26 -22 20
27 16 10
28 46 30
29 4 36
30 6 -25
31 5 17
32 -21 -17
33 -50 -41
34 4 -1
35 2 50
36 -23 -33
37 28 46
38 -47 23
39 39 16
40 7 -48
41 19 2
42 31 -19
43 16 -28
44 1 -16
45 27 33
46 -42 -41
47 -11 14
48 -48 36
49 45 39
50 39 -50
51 -9 -37
52 35 -16
53 14 -12
54 43 42
55 -36 13
56 23 34
57 -33 50
58 -15 -14
59 16 27
60 24 23
61 -19 -17
62 -10 27
63 45 -21
64 -34 -19
65 -26 -12
66 39 -24
67 -45 -14
68 -27 19
69 -49 -29
70 44 -46
71 50 41
72 32 0
73 7 25
74 22 -19
75 32 21
76 -24 26
77 -45 16
78 -35 -15
79 48 -26
80 6 -35
81 31 -43
82 -24 14
83 -36 32
84 16 -14
85 -8 -27
86 -37 -12
87 -43 -12
88 -41 -41
89 27 -2
90 6 -31
91 37 46
92 -42 -3
93 12 -37
94 -44 -36
95 32 48
96 -3 44
97 -17 14
98 31 6
99 28 -20
100 46 25
101 -13 -34
102 -46 35
103 49 23
104 -14 -3
105 22 44
106 10 2
107 -13 -10
108 -10 -49
109 -33 -42
110 -10 16
111 -39 49
112 46 40
113 25 20
114 -24 -48
115 -12 20
116 3 45
117 -36 46
118 -16 21
119 10 -7
120 26 24
121 -24 -27
122 -1 -12
123 13 -49
124 -42 33
125 25 11
126 10 -19
127 7 45
128 15 39
129 19 37
130 -6 -12
131 47 -45
132 16 46
133 1 -9
134 -31 23
135 -25 -46
136 -4 2
137 36 10
138 -44 -30
139 -21 28
140 39 -26
141 9 19
142 -28 50
143 -48 10
144 -30 -5
145 -8 24
146 38 48
147 -1 -2
148 -42 -31
149 -48 -8
150 -40 -17
151 -21 9
152 -2 -30
153 39 -9
154 -34 -11
155 15 -19
156 -7 -37
157 -21 24
158 27 -25
159 -35 -12
160 41 17
161 27 22
162 38 -6
163 -26 26
164 26 -29
165 26 -4
166 -35 -2
167 6 -9
168 37 -46
169 -2 -3
170 21 5
171 -22 21
172 1 39
173 -7 -16
174 -31 28
175 -28 11
176 -45 -11
177 6 39
178 23 -19
179 -2 -25
180 -19 0
181 -17 -33
182 -50 43
183 -10 33
184 -33 -6
185 -47 -21
186 47 11
187 -37 -42
188 24 35
189 -39 -36
190 50 -21
191 -41 -19
192 -31 43
193 -11 -35
194 26 29
195 27 1
196 48 29
197 30 16
198 -27 28
199 19 -22
200 -9 6
DEMAND_SECTION
1 0
2 14
3 22
4 32
5 30
6 27
7 22
8 48
9 36
10 26
11 32
12 37
13 43
14 34
15 38
16 27
17 39
18 32
19 18
20 35
21 49
22 41
23 47
24 42
25 32
26 44
27 31
28 35
29 33
30 34
31 39
32 17
33 48
34 17
35 40
36 34
37 34
38 17
39 26
40 49
41 47
42 18
43 19
44 49
45 49
46 30
47 22
48 16
49 43
50 17
51 32
52 40
53 40
54 25
55 38
56 14
57 16
58 38
59 33
60 40
61 27
62 48
63 27
64 14
65 14
66 49
67 38
68 46
69 42
70 20
71 22
72 16
73 22
74 29
75 31
76 19
77 46
78 16
79 40
80 14
81 46
82 40
83 14
84 29
85 40
86 12
87 50
88 27
89 37
90 50
91 20
92 31
93 13
94 25
95 45
96 36
97 42
98 14
99 12
100 36
101 43
102 32
103 19
104 47
105 38
106 48
107 49
108 30
109 42
110 30
111 16
112 44
113 32
114 46
115 32
116 12
117 43
118 32
119 25
120 24
121 40
122 23
123 47
124 42
125 50
126 14
127 41
128 33
129 50
130 23
131 15
132 20
133 20
134 50
135 22
136 17
137 24
138 38
139 14
140 48
141 30
142 47
143 17
144 37
145 24
146 48
147 15
148 39
149 20
150 46
151 23
152 19
153 43
154 35
155 21
156 48
157 27
158 48
159 28
160 19
161 44
162 30
163 36
164 27
165 32
166 26
167 28
168 40
169 33
170 38
171 30
172 13
173 13
174 21
175 20
176 48
177 28
178 19
179 24
180 45
181 42
182 43
183 49
184 47
185 27
186 19
187 35
188 15
189 14
190 16
191 39
192 37
193 29
194 39
195 13
196 36
197 24
198 28
199 43
200 47
DEPOT_SECTION
1
-1
EOF