NAME: p10_4_NORMALIZED
BEST_KNOWN: 0
COMMENT: 0
DIMENSION: 200
CAPACITY: 100
EDGE_WEIGHT_FORMAT: FUNCTION
EDGE_WEIGHT_TYPE: EXACT_2D
NODE_COORD_SECTION
1 0 0
2 -5 40
3 41 -30
4 36 18
5 -21 -42
6 14 38
7 -1 -36
8 -10 -25
9 40 36
10 -8 9
11 -34 -41
12 -20 -18
13 10 -35
14 -40 -18
15 -39 40
16 16 33
17 45 -26
18 -35 17
19 27 -13
20 32 -34
21 2 0
22 7 -7
23 28 -11
24 -11 -41
25 42 -2
26 47 -41
27 31 43
28 -9 50
29 -37 36
30 32 -29
31 44 -25
32 38 -48
33 -6 21
34 -33 -32
35 40 -24
36 4 32
37 5 -21
38 -49 -27
39 2 39
40 16 12
41 23 22
42 -35 18
43 -45 24
44 -19 -47
45 -49 0
46 32 -16
47 48 -44
48 30 42
49 33 7
50 -50 -38
51 -42 -21
52 -18 -5
53 38 -13
54 -7 -37
55 -23 -38
56 30 35
57 -7 42
58 36 32
59 -41 -4
60 -40 -28
61 -19 38
62 -43 -23
63 -29 19
64 47 50
65 27 11
66 -8 -29
67 15 31
68 -29 -8
69 23 -21
70 -24 9
71 18 -29
72 -1 -28
73 36 0
74 -22 33
75 -40 -9
76 24 34
77 7 36
78 44 -50
79 43 -47
80 -50 26
81 -46 24
82 38 -1
83 49 15
84 -29 29
85 50 24
86 -42 -2
87 -28 8
88 38 27
89 15 49
90 -10 18
91 -2 32
92 10 5
93 -21 -31
94 41 -47
95 18 -13
96 -12 -30
97 23 50
98 -37 -9
99 -6 45
100 -16 -10
101 -47 9
102 14 -25
103 0 -27
104 50 -29
105 -23 9
106 -5 28
107 -39 -23
108 -30 -8
109 40 -34
110 14 -26
111 12 8
112 8 -1
113 -34 6
114 15 29
115 31 20
116 49 -4
117 20 -45
118 -42 9
119 31 -47
120 -31 26
121 -12 -36
122 38 23
123 17 46
124 -37 43
125 23 -16
126 11 2
127 -21 37
128 36 -6
129 -23 -41
130 31 20
131 -14 -8
132 26 32
133 49 19
134 9 -19
135 37 8
136 43 0
137 31 -7
138 -43 48
139 31 27
140 19 10
141 -38 47
142 -2 43
143 30 16
144 15 47
145 17 -2
146 31 41
147 -47 47
148 6 47
149 39 -28
150 -14 -44
151 -34 -35
152 -13 43
153 -7 2
154 -22 10
155 18 -21
156 45 22
157 0 -21
158 39 10
159 -10 2
160 -10 35
161 -42 49
162 -44 -7
163 -41 -22
164 21 45
165 39 -21
166 32 -5
167 6 -3
168 -16 41
169 8 36
170 -5 28
171 24 6
172 13 -28
173 46 22
174 18 26
175 14 12
176 -6 39
177 -37 -26
178 5 -28
179 -3 33
180 25 8
181 -21 -38
182 24 -47
183 17 38
184 9 -7
185 47 -13
186 -10 -45
187 -25 -25
188 -45 -47
189 -43 -8
190 32 -35
191 14 -4
192 -38 14
193 -41 -37
194 3 20
195 27 33
196 -42 -44
197 -39 -46
198 35 36
199 -12 21
200 31 48
DEMAND_SECTION
1 0
2 28
3 37
4 49
5 18
6 44
7 36
8 23
9 35
10 18
11 44
12 33
13 17
14 29
15 35
16 29
17 13
18 40
19 43
20 20
21 35
22 45
23 34
24 34
25 36
26 38
27 31
28 36
29 15
30 35
31 40
32 48
33 18
34 41
35 18
36 49
37 26
38 42
39 36
40 49
41 44
42 36
43 32
44 25
45 19
46 48
47 23
48 36
49 29
50 24
51 17
52 32
53 42
54 33
55 18
56 50
57 24
58 33
59 18
60 20
61 16
62 23
63 24
64 44
65 36
66 16
67 14
68 49
69 25
70 14
71 18
72 23
73 23
74 27
75 21
76 46
77 15
78 13
79 30
80 46
81 31
82 16
83 49
84 19
85 43
86 22
87 15
88 44
89 33
90 14
91 24
92 32
93 13
94 12
95 16
96 33
97 30
98 50
99 34
100 31
101 22
102 47
103 49
104 38
105 19
106 47
107 13
108 28
109 30
110 28
111 30
112 17
113 32
114 44
115 44
116 28
117 39
118 28
119 24
120 39
121 13
122 45
123 37
124 44
125 27
126 22
127 22
128 15
129 46
130 20
131 24
132 16
133 42
134 49
135 30
136 34
137 33
138 30
139 41
140 47
141 42
142 33
143 17
144 37
145 31
146 50
147 43
148 30
149 28
150 17
151 44
152 41
153 24
154 40
155 23
156 13
157 33
158 28
159 36
160 13
161 36
162 45
163 24
164 24
165 26
166 27
167 19
168 47
169 15
170 19
171 50
172 25
173 31
174 31
175 46
176 13
177 16
178 24
179 32
180 40
181 49
182 24
183 34
184 47
185 24
186 49
187 39
188 41
189 15
190 24
191 26
192 13
193 19
194 27
195 30
196 45
197 39
198 50
199 33
200 45
DEPOT_SECTION
1
-1
EOF