NAME: p10_9_NORMALIZED
BEST_KNOWN: 0
COMMENT: 0
DIMENSION: 200
CAPACITY: 100
EDGE_WEIGHT_FORMAT: FUNCTION
EDGE_WEIGHT_TYPE: EXACT_2D
NODE_COORD_SECTION
1 0 0
2 -9 29
3 35 -8
4 3 30
5 15 -23
6 -43 21
7 -11 37
8 -42 2
9 40 -48
10 -35 26
11 8 -38
12 9 -29
13 -15 -23
14 -1 -27
15 0 9
16 -13 29
17 24 -42
18 -31 32
19 16 1
20 20 37
21 40 17
22 35 25
23 -26 -38
24 -7 -44
25 -1 49
26 -32 24
27 -45 -26
28 43 -10
29 10 -28
30 -3 -8
31 34 -30
32 -7 -41
33 -8 -30
34 -31 -29
35 18 21
36 9 -22
37 -44 -22
38 -34 -50
39 -45 29
40 -2 -8
41 -35 -41
42 -13 5
43 -19 -23
44 2 33
45 -20 -1
46 22 -4
47 48 -39
48 14 23
49 -23 -10
50 -21 -17
51 29 14
52 -14 -17
53 -26 12
54 17 -22
55 -27 -33
56 36 31
57 -2 -29
58 -42 -43
59 -15 46
60 11 6
61 -11 34
62 -42 -11
63 -24 6
64 -43 42
65 -47 -13
66 -25 -1
67 -11 -25
68 -42 47
69 31 -41
70 -5 -40
71 -32 -37
72 -46 10
73 -10 15
74 -2 -11
75 -28 30
76 -50 23
77 10 35
78 3 -4
79 -35 -40
80 28 -2
81 -48 38
82 -42 -24
83 20 40
84 0 -43
85 28 12
86 -11 35
87 34 -18
88 -22 -23
89 31 -8
90 9 22
91 -20 27
92 -37 -36
93 37 -30
94 39 -17
95 20 28
96 23 -5
97 7 39
98 -45 40
99 44 -10
100 34 -36
101 -43 -48
102 -19 17
103 -42 3
104 18 7
105 -22 -39
106 24 3
107 36 -17
108 -29 -23
109 36 -14
110 40 -33
111 -22 -39
112 7 43
113 35 18
114 -36 -12
115 -45 10
116 -44 26
117 -34 -2
118 -25 -32
119 -35 -34
120 32 -22
121 44 20
122 -25 31
123 45 -29
124 -5 9
125 -49 5
126 -11 40
127 28 -23
128 -9 30
129 39 49
130 -14 46
131 -26 -4
132 14 15
133 34 43
134 49 -15
135 -20 36
136 43 -23
137 -3 -15
138 -18 -23
139 30 -24
140 -25 26
141 45 -24
142 -5 -33
143 -37 42
144 -12 -45
145 -10 33
146 -7 -5
147 23 43
148 -27 10
149 11 -36
150 21 -42
151 37 -17
152 -27 11
153 -38 41
154 49 -33
155 39 34
156 32 8
157 33 48
158 -28 29
159 50 28
160 45 -28
161 -42 4
162 39 -45
163 5 29
164 21 -37
165 -16 30
166 -35 0
167 27 46
168 17 42
169 28 -34
170 -11 3
171 38 4
172 -10 33
173 -5 -2
174 -7 33
175 42 -1
176 16 40
177 50 -14
178 6 -40
179 49 -13
180 -25 26
181 -3 -48
182 3 -34
183 -20 -47
184 46 11
185 34 -44
186 -16 42
187 -16 21
188 -24 -17
189 43 -10
190 -40 -8
191 -16 42
192 -37 -28
193 -45 -30
194 -38 -28
195 -8 23
196 -2 -35
197 7 2
198 -21 31
199 -2 47
200 -1 8
DEMAND_SECTION
1 0
2 31
3 21
4 23
5 17
6 24
7 49
8 15
9 49
10 39
11 31
12 31
13 30
14 41
15 14
16 30
17 26
18 33
19 17
20 22
21 30
22 37
23 22
24 16
25 19
26 12
27 26
28 26
29 33
30 39
31 26
32 15
33 38
34 44
35 15
36 29
37 28
38 36
39 34
40 42
41 25
42 23
43 48
44 39
45 17
46 23
47 37
48 36
49 40
50 34
51 34
52 19
53 19
54 33
55 43
56 25
57 44
58 17
59 44
60 17
61 15
62 34
63 35
64 16
65 43
66 18
67 44
68 40
69 18
70 13
71 21
72 44
73 42
74 17
75 29
76 16
77 18
78 23
79 45
80 16
81 33
82 27
83 43
84 29
85 44
86 23
87 29
88 28
89 28
90 14
91 19
92 38
93 28
94 15
95 40
96 29
97 38
98 21
99 46
100 14
101 30
102 15
103 21
104 22
105 26
106 15
107 21
108 24
109 18
110 47
111 16
112 19
113 31
114 18
115 33
116 32
117 26
118 35
119 38
120 39
121 50
122 30
123 19
124 19
125 40
126 49
127 25
128 29
129 21
130 47
131 42
132 23
133 26
134 12
135 22
136 25
137 39
138 43
139 43
140 37
141 15
142 28
143 40
144 16
145 46
146 13
147 40
148 19
149 26
150 37
151 23
152 25
153 36
154 19
155 34
156 15
157 31
158 36
159 25
160 23
161 21
162 46
163 33
164 26
165 42
166 15
167 19
168 33
169 23
170 26
171 19
172 49
173 34
174 45
175 29
176 30
177 33
178 45
179 35
180 39
181 27
182 47
183 32
184 42
185 40
186 46
187 27
188 49
189 39
190 30
191 32
192 40
193 41
194 17
195 49
196 21
197 26
198 43
199 43
200 14
DEPOT_SECTION
1
-1
EOF