NAME: p10_12_NORMALIZED
BEST_KNOWN: 0
COMMENT: 0
DIMENSION: 200
CAPACITY: 100
EDGE_WEIGHT_FORMAT: FUNCTION
EDGE_WEIGHT_TYPE: EXACT_2D
NODE_COORD_SECTION
1 0 0
2 -46 27
3 27 37
4 44 -19
5 19 -25
6 -3 -5
7 -49 9
8 -14 37
9 3 -28
10 -5 -27
11 -47 32
12 23 -24
13 7 1
14 36 -21
15 1 41
16 -45 13
17 -28 -3
18 -45 -49
19 4 12
20 -3 12
21 -26 -28
22 40 -12
23 18 49
24 27 -8
25 18 -7
26 -9 15
27 -18 -34
28 43 30
29 -42 16
30 21 0
31 21 36
32 20 -36
33 -34 -35
34 -50 -22
35 32 42
36 31 38
37 -40 24
38 -2 -11
39 2 -47
40 -14 42
41 -42 50
42 -45 12
43 -2 -28
44 24 -14
45 -3 -35
46 42 -23
47 15 -21
48 44 -43
49 36 -31
50 -49 -43
51 30 -33
52 4 3
53 -32 50
54 -28 49
55 22 17
56 4 50
57 -2 17
58 44 -9
59 -8 35
60 48 27
61 -13 -33
62 -9 32
63 -27 -23
64 7 50
65 -38 13
66 -28 11
67 12 12
68 -14 10
69 -16 32
70 -21 -31
71 38 30
72 -27 35
73 45 -21
74 16 45
75 -27 -4
76 42 39
77 -25 -39
78 -23 20
79 -29 -40
80 29 -48
81 -42 47
82 42 18
83 6 6
84 -38 18
85 22 -43
86 -36 -8
87 -14 -35
88 -23 -4
89 -37 46
90 -8 -46
91 8 0
92 -40 -32
93 -25 40
94 -7 -21
95 47 26
96 0 8
97 -34 24
98 22 28
99 -20 -50
100 -8 -15
101 10 -32
102 -24 23
103 -35 -18
104 -47 14
105 -26 47
106 -32 -19
107 -48 -45
108 20 -13
109 -26 21
110 47 -43
111 34 -46
112 13 48
113 -14 -7
114 -23 15
115 11 -21
116 37 29
117 4 -40
118 16 30
119 1 5
120 -8 9
121 -44 -14
122 -37 32
123 -50 -11
124 10 29
125 -40 -30
126 39 -45
127 34 35
128 40 -46
129 -17 41
130 15 9
131 -27 38
132 -1 -24
133 -17 -18
134 36 4
135 48 -28
136 -9 43
137 -23 -32
138 -31 -50
139 6 48
140 47 -50
141 -27 23
142 39 -47
143 39 42
144 21 20
145 -32 26
146 -28 -31
147 37 -24
148 7 48
149 -48 -45
150 -27 -9
151 -23 8
152 -39 46
153 -30 -18
154 -32 11
155 5 4
156 42 5
157 -48 -28
158 9 30
159 -30 16
160 -5 3
161 -14 -40
162 -1 32
163 -37 -22
164 11 -19
165 36 23
166 22 -50
167 16 27
168 50 6
169 45 -33
170 -39 -5
171 31 -24
172 36 -44
173 24 42
174 -42 -48
175 -3 -44
176 44 -13
177 -39 4
178 -14 -30
179 -16 42
180 33 -43
181 8 -47
182 -25 -6
183 36 -50
184 15 -18
185 23 18
186 38 0
187 37 44
188 6 -9
189 -25 -12
190 -8 30
191 5 5
192 4 -37
193 10 8
194 -22 -2
195 45 -3
196 -16 -17
197 -39 34
198 41 40
199 -50 42
200 -18 43
DEMAND_SECTION
1 0
2 22
3 31
4 45
5 30
6 40
7 45
8 24
9 37
10 37
11 19
12 29
13 40
14 28
15 17
16 20
17 30
18 13
19 27
20 29
21 35
22 24
23 36
24 26
25 15
26 17
27 27
28 40
29 48
30 27
31 31
32 47
33 25
34 35
35 36
36 17
37 35
38 45
39 24
40 50
41 18
42 18
43 48
44 41
45 30
46 25
47 14
48 42
49 49
50 34
51 32
52 44
53 47
54 18
55 37
56 49
57 31
58 44
59 18
60 37
61 15
62 23
63 26
64 42
65 26
66 43
67 41
68 33
69 14
70 30
71 39
72 31
73 14
74 22
75 19
76 17
77 37
78 15
79 27
80 30
81 49
82 39
83 40
84 13
85 37
86 41
87 20
88 43
89 26
90 17
91 40
92 32
93 49
94 41
95 46
96 31
97 24
98 40
99 35
100 15
101 18
102 15
103 17
104 23
105 31
106 17
107 43
108 12
109 16
110 36
111 46
112 46
113 17
114 35
115 42
116 38
117 36
118 33
119 45
120 23
121 34
122 29
123 20
124 39
125 46
126 37
127 12
128 33
129 33
130 16
131 18
132 19
133 46
134 16
135 15
136 48
137 47
138 48
139 18
140 25
141 39
142 42
143 25
144 38
145 21
146 23
147 33
148 23
149 33
150 27
151 38
152 23
153 19
154 24
155 26
156 37
157 29
158 36
159 32
160 41
161 15
162 37
163 41
164 16
165 22
166 34
167 31
168 33
169 32
170 19
171 31
172 14
173 45
174 22
175 25
176 50
177 15
178 28
179 43
180 46
181 40
182 27
183 24
184 48
185 43
186 26
187 48
188 23
189 48
190 49
191 31
192 42
193 43
194 30
195 38
196 22
197 32
198 19
199 16
200 22
DEPOT_SECTION
1
-1
EOF