NAME: p10_23_NORMALIZED
BEST_KNOWN: 0
COMMENT: 0
DIMENSION: 200
CAPACITY: 100
EDGE_WEIGHT_FORMAT: FUNCTION
EDGE_WEIGHT_TYPE: EXACT_2D
NODE_COORD_SECTION
1 0 0
2 0 -10
3 -46 23
4 33 8
5 -42 -32
6 -13 32
7 -33 6
8 41 16
9 29 30
10 46 -7
11 -9 -32
12 10 -44
13 26 16
14 -28 29
15 30 28
16 32 37
17 -36 -39
18 38 -6
19 -28 -30
20 -7 -5
21 45 30
22 -27 -30
23 5 -8
24 -10 45
25 -28 -7
26 -9 -17
27 28 40
28 24 -40
29 -46 -41
30 -20 -1
31 3 38
32 7 -25
33 -4 37
34 -7 43
35 31 -34
36 -16 -11
37 24 4
38 42 47
39 48 33
40 -11 21
41 43 28
42 -46 28
43 -41 -42
44 -50 33
45 -28 -36
46 -13 46
47 39 10
48 -15 10
49 27 34
50 2 -8
51 -15 11
52 48 45
53 -47 11
54 0 48
55 -49 34
56 -36 8
57 -38 -9
58 20 40
59 47 -27
60 -49 48
61 45 -17
62 33 5
63 18 41
64 47 50
65 -46 5
66 4 32
67 -12 -21
68 -13 -25
69 0 -43
70 24 -23
71 -49 10
72 0 14
73 -6 -4
74 -27 -31
75 -20 -12
76 35 -46
77 -8 -7
78 50 36
79 35 10
80 -15 -42
81 16 17
82 13 -25
83 48 -47
84 -1 -20
85 10 -38
86 -10 -4
87 43 7
88 41 -1
89 -48 18
90 40 1
91 5 9
92 39 -33
93 -4 41
94 15 -33
95 5 -29
96 -8 -22
97 10 -38
98 -17 -41
99 18 -50
100 -36 17
101 -14 12
102 38 -37
103 -47 34
104 31 30
105 28 -40
106 9 36
107 49 37
108 23 -35
109 45 43
110 35 34
111 -43 31
112 -15 15
113 34 18
114 37 22
115 42 36
116 -4 -13
117 -2 -32
118 17 -29
119 48 -44
120 21 -21
121 -14 -4
122 33 43
123 4 12
124 24 -36
125 -2 -42
126 -17 -10
127 -28 31
128 -19 25
129 36 -4
130 47 -32
131 -43 -25
132 7 50
133 -47 30
134 23 -4
135 39 -25
136 32 25
137 -31 -7
138 19 -38
139 14 -28
140 15 -15
141 -6 15
142 39 -31
143 30 40
144 -4 -27
145 -18 18
146 24 9
147 -6 -6
148 -4 -24
149 18 34
150 41 -47
151 36 18
152 31 46
153 -22 41
154 40 -35
155 -21 -18
156 23 15
157 12 13
158 36 26
159 35 -38
160 -43 -32
161 20 47
162 -20 33
163 -17 42
164 50 23
165 8 33
166 -41 0
167 6 39
168 39 -34
169 -23 38
170 27 -1
171 -27 2
172 -16 47
173 20 -46
174 44 -36
175 -45 -3
176 9 -21
177 -27 35
178 41 -4
179 -49 -17
180 -41 46
181 19 -5
182 -23 19
183 34 4
184 -19 -7
185 3 37
186 10 -23
187 -26 -1
188 -47 -15
189 48 22
190 -7 -17
191 26 33
192 -17 -18
193 38 -6
194 3 12
195 -3 -5
196 -4 35
197 -3 -13
198 -16 16
199 -8 47
200 29 23
DEMAND_SECTION
1 0
2 44
3 41
4 32
5 23
6 33
7 42
8 34
9 48
10 16
11 23
12 22
13 30
14 46
15 48
16 48
17 38
18 13
19 21
20 45
21 26
22 27
23 41
24 25
25 44
26 13
27 16
28 47
29 47
30 41
31 15
32 40
33 24
34 29
35 16
36 16
37 28
38 22
39 44
40 34
41 25
42 21
43 22
44 18
45 48
46 36
47 21
48 44
49 35
50 28
51 45
52 20
53 21
54 34
55 40
56 33
57 27
58 34
59 25
60 32
61 18
62 41
63 32
64 14
65 15
66 20
67 30
68 22
69 47
70 33
71 29
72 28
73 47
74 25
75 42
76 22
77 40
78 23
79 44
80 27
81 41
82 42
83 18
84 18
85 18
86 20
87 21
88 14
89 26
90 38
91 17
92 47
93 38
94 47
95 30
96 24
97 34
98 23
99 33
100 22
101 39
102 21
103 36
104 45
105 15
106 50
107 38
108 32
109 29
110 37
111 26
112 14
113 47
114 29
115 17
116 24
117 15
118 30
119 18
120 41
121 42
122 19
123 29
124 37
125 38
126 21
127 23
128 17
129 29
130 37
131 38
132 32
133 35
134 15
135 14
136 50
137 27
138 20
139 46
140 26
141 15
142 17
143 36
144 29
145 37
146 37
147 33
148 29
149 36
150 14
151 36
152 28
153 30
154 25
155 20
156 45
157 17
158 50
159 32
160 38
161 31
162 28
163 28
164 36
165 45
166 25
167 25
168 32
169 41
170 18
171 13
172 32
173 22
174 25
175 38
176 40
177 18
178 20
179 41
180 27
181 22
182 42
183 19
184 34
185 35
186 19
187 35
188 14
189 40
190 30
191 34
192 38
193 26
194 28
195 24
196 44
197 44
198 16
199 41
200 15
DEPOT_SECTION
1
-1
EOF