NAME: p10_19_NORMALIZED
BEST_KNOWN: 0
COMMENT: 0
DIMENSION: 200
CAPACITY: 100
EDGE_WEIGHT_FORMAT: FUNCTION
EDGE_WEIGHT_TYPE: EXACT_2D
NODE_COORD_SECTION
1 0 0
2 -26 -24
3 46 50
4 -43 35
5 1 -7
6 38 49
7 33 38
8 -41 -27
9 -32 13
10 44 -42
11 3 22
12 21 -27
13 -27 -40
14 -20 23
15 4 33
16 -36 3
17 20 21
18 13 -30
19 -33 -36
20 -31 30
21 -39 -44
22 -39 13
23 -39 -23
24 6 46
25 -50 -33
26 -20 38
27 30 22
28 -35 -9
29 31 25
30 39 -39
31 45 3
32 -10 25
33 -46 17
34 21 -45
35 11 -43
36 -24 -9
37 -1 11
38 24 -26
39 24 -28
40 -13 -15
41 35 6
42 28 14
43 -10 -48
44 13 14
45 42 43
46 -35 -42
47 -4 -20
48 24 0
49 40 -46
50 0 49
51 -10 -22
52 -4 20
53 -23 2
54 1 28
55 -44 4
56 -24 -14
57 36 38
58 -6 -15
59 15 44
60 39 20
61 -22 37
62 13 -42
63 20 -27
64 13 -14
65 -13 9
66 39 -20
67 41 11
68 5 28
69 45 3
70 -17 -22
71 -17 -34
72 -34 -28
73 30 -24
74 -42 -47
75 -6 -37
76 -40 -11
77 35 -22
78 11 46
79 -37 35
80 -26 -15
81 46 -39
82 16 5
83 -22 -22
84 -9 -32
85 50 6
86 -10 -19
87 12 20
88 -24 -14
89 2 20
90 -48 -24
91 -12 -33
92 -1 -33
93 -19 -12
94 13 42
95 39 -40
96 14 -1
97 6 -36
98 37 -11
99 -18 6
100 17 10
101 -33 17
102 -47 23
103 32 -32
104 -50 31
105 -46 -1
106 -15 -3
107 -25 -26
108 12 20
109 -37 -4
110 22 -27
111 38 -31
112 -45 5
113 40 17
114 37 -30
115 -34 17
116 16 -24
117 -34 -22
118 -22 -34
119 28 47
120 9 29
121 47 -31
122 -29 11
123 34 43
124 -21 5
125 38 -9
126 5 33
127 -28 40
128 -25 17
129 32 12
130 -6 26
131 -1 50
132 -34 -23
133 -15 -43
134 -40 -17
135 34 -45
136 31 30
137 -12 36
138 5 -8
139 5 5
140 32 8
141 40 27
142 -49 -32
143 22 -46
144 19 17
145 43 45
146 -45 -12
147 0 -44
148 -37 -44
149 3 4
150 -46 -9
151 -23 -42
152 9 -20
153 10 -3
154 -27 -4
155 25 -25
156 -12 28
157 -34 -46
158 44 -13
159 -45 25
160 -12 -46
161 -11 -30
162 40 9
163 2 -24
164 -16 12
165 37 -26
166 -45 25
167 -25 -25
168 3 -22
169 -38 36
170 -44 43
171 -42 26
172 -44 35
173 -33 -12
174 27 4
175 -30 -4
176 19 11
177 -37 18
178 10 -46
179 14 -28
180 11 22
181 -24 44
182 4 29
183 -11 27
184 -31 23
185 -15 18
186 -20 -16
187 2 2
188 8 -38
189 -9 -36
190 -6 35
191 41 -31
192 25 10
193 6 -43
194 45 -41
195 1 41
196 -39 -44
197 -13 12
198 -33 32
199 46 28
200 50 -18
DEMAND_SECTION
1 0
2 42
3 21
4 45
5 40
6 30
7 37
8 18
9 32
10 37
11 40
12 27
13 44
14 19
15 43
16 49
17 15
18 38
19 43
20 34
21 50
22 41
23 20
24 32
25 40
26 40
27 49
28 44
29 44
30 42
31 18
32 20
33 16
34 29
35 22
36 43
37 25
38 30
39 39
40 38
41 44
42 21
43 35
44 14
45 28
46 41
47 14
48 21
49 42
50 34
51 38
52 23
53 18
54 31
55 48
56 13
57 14
58 21
59 13
60 27
61 34
62 46
63 27
64 22
65 27
66 27
67 37
68 20
69 24
70 46
71 12
72 24
73 20
74 43
75 26
76 25
77 30
78 34
79 25
80 33
81 20
82 43
83 25
84 19
85 38
86 46
87 27
88 40
89 29
90 34
91 48
92 23
93 19
94 38
95 26
96 12
97 46
98 44
99 38
100 15
101 18
102 35
103 29
104 34
105 45
106 19
107 33
108 27
109 24
110 17
111 40
112 38
113 16
114 16
115 23
116 22
117 14
118 17
119 44
120 30
121 36
122 40
123 47
124 42
125 25
126 45
127 23
128 30
129 31
130 32
131 33
132 22
133 47
134 25
135 40
136 22
137 12
138 27
139 32
140 27
141 31
142 26
143 16
144 31
145 34
146 24
147 13
148 36
149 42
150 18
151 33
152 35
153 24
154 30
155 45
156 20
157 24
158 50
159 34
160 21
161 25
162 14
163 42
164 21
165 19
166 42
167 20
168 40
169 32
170 17
171 19
172 19
173 26
174 42
175 43
176 25
177 39
178 41
179 48
180 27
181 42
182 30
183 36
184 46
185 42
186 36
187 48
188 14
189 40
190 25
191 40
192 39
193 32
194 32
195 33
196 15
197 12
198 28
199 34
200 39
DEPOT_SECTION
1
-1
EOF