NAME: p10_11_NORMALIZED
BEST_KNOWN: 0
COMMENT: 0
DIMENSION: 200
CAPACITY: 100
EDGE_WEIGHT_FORMAT: FUNCTION
EDGE_WEIGHT_TYPE: EXACT_2D
NODE_COORD_SECTION
1 0 0
2 41 30
3 -16 -39
4 -31 39
5 29 11
6 -14 -48
7 16 -5
8 1 15
9 50 -12
10 -32 -25
11 2 17
12 -7 -37
13 12 32
14 -18 -8
15 -2 -24
16 13 47
17 -5 44
18 -33 -42
19 15 20
20 5 -27
21 -2 22
22 -46 -7
23 -4 50
24 -45 15
25 23 -50
26 33 38
27 -18 -23
28 35 -33
29 12 -40
30 -1 36
31 -15 -4
32 -21 -18
33 2 -46
34 37 -22
35 -21 -18
36 -33 36
37 -6 -28
38 33 -13
39 -5 -29
40 -42 35
41 31 23
42 44 -28
43 5 8
44 -21 -26
45 -26 45
46 -48 -42
47 -48 -16
48 -13 -34
49 13 -6
50 18 -28
51 -32 -14
52 -1 -38
53 -16 -20
54 -4 -42
55 25 -33
56 21 21
57 -25 29
58 -29 -2
59 -22 -47
60 -40 34
61 35 -29
62 25 7
63 17 -33
64 1 35
65 -7 -21
66 5 38
67 -45 -37
68 21 -42
69 0 49
70 -18 -20
71 45 -46
72 6 -19
73 16 -9
74 42 -47
75 24 22
76 5 43
77 -18 -34
78 41 -20
79 -2 6
80 48 -25
81 -40 13
82 -6 -39
83 -14 -17
84 38 20
85 28 46
86 0 15
87 -19 -10
88 -38 33
89 -29 -7
90 43 49
91 -50 34
92 -41 12
93 -3 23
94 29 33
95 -44 -8
96 13 22
97 -12 -9
98 11 3
99 17 33
100 -7 32
101 37 -45
102 -36 -37
103 10 -21
104 -23 -40
105 26 3
106 12 33
107 40 -26
108 -11 -29
109 -35 37
110 15 -19
111 -12 33
112 39 38
113 39 24
114 -38 26
115 -35 -47
116 39 27
117 -16 24
118 -5 36
119 -18 -34
120 -40 13
121 6 -15
122 -50 19
123 35 31
124 7 1
125 3 21
126 27 19
127 21 -2
128 -33 -49
129 37 11
130 -16 -6
131 -29 39
132 -44 45
133 -49 32
134 -38 -41
135 50 6
136 20 17
137 -27 -35
138 17 46
139 0 -9
140 -22 47
141 -40 -44
142 41 -8
143 8 29
144 4 -19
145 -35 45
146 10 -35
147 3 -25
148 -32 -25
149 -27 -42
150 11 -42
151 21 20
152 26 -26
153 -36 29
154 28 28
155 -23 -45
156 -1 27
157 20 -34
158 35 15
159 -34 -38
160 -41 -36
161 -20 -36
162 43 10
163 22 24
164 19 13
165 -49 10
166 -9 24
167 -3 -6
168 -47 -21
169 21 -6
170 -42 1
171 25 27
172 1 -13
173 21 -18
174 -33 3
175 -28 12
176 -1 35
177 -20 -34
178 -14 -21
179 1 -4
180 -50 42
181 -50 -44
182 -27 -18
183 -40 24
184 13 -32
185 -17 9
186 32 -36
187 -49 35
188 -46 15
189 38 29
190 -45 -49
191 -50 29
192 -14 -13
193 7 10
194 15 -46
195 -9 49
196 -41 46
197 -40 -37
198 -22 -45
199 -21 33
200 50 15
DEMAND_SECTION
1 0
2 41
3 46
4 49
5 23
6 20
7 13
8 30
9 15
10 47
11 34
12 38
13 40
14 40
15 14
16 40
17 13
18 15
19 48
20 13
21 19
22 19
23 41
24 14
25 29
26 38
27 33
28 35
29 33
30 46
31 30
32 30
33 14
34 43
35 16
36 46
37 15
38 15
39 42
40 41
41 20
42 42
43 16
44 31
45 18
46 41
47 30
48 47
49 36
50 26
51 16
52 16
53 18
54 40
55 26
56 46
57 26
58 47
59 20
60 33
61 45
62 38
63 35
64 22
65 44
66 27
67 34
68 41
69 28
70 26
71 43
72 33
73 16
74 38
75 19
76 44
77 48
78 37
79 28
80 29
81 16
82 22
83 30
84 32
85 44
86 36
87 28
88 12
89 21
90 44
91 15
92 42
93 28
94 35
95 50
96 35
97 30
98 40
99 16
100 39
101 24
102 28
103 24
104 22
105 37
106 12
107 46
108 25
109 33
110 14
111 21
112 26
113 33
114 31
115 21
116 44
117 21
118 18
119 47
120 33
121 49
122 43
123 48
124 45
125 36
126 18
127 24
128 20
129 22
130 35
131 17
132 44
133 24
134 47
135 35
136 14
137 19
138 18
139 30
140 12
141 35
142 22
143 26
144 34
145 16
146 48
147 45
148 44
149 26
150 33
151 33
152 21
153 38
154 19
155 48
156 34
157 30
158 21
159 12
160 35
161 47
162 28
163 16
164 49
165 21
166 47
167 19
168 19
169 30
170 12
171 33
172 34
173 15
174 42
175 42
176 21
177 23
178 13
179 30
180 45
181 32
182 39
183 35
184 21
185 38
186 26
187 32
188 29
189 39
190 25
191 16
192 39
193 31
194 16
195 13
196 21
197 49
198 28
199 38
200 17
DEPOT_SECTION
1
-1
EOF