NAME: p10_28_NORMALIZED
BEST_KNOWN: 0
COMMENT: 0
DIMENSION: 200
CAPACITY: 100
EDGE_WEIGHT_FORMAT: FUNCTION
EDGE_WEIGHT_TYPE: EXACT_2D
NODE_COORD_SECTION
1 0 0
2 45 16
3 -49 -41
4 -9 -44
5 -33 30
6 28 5
7 -42 -13
8 46 43
9 42 -7
10 20 44
11 -19 45
12 -38 -20
13 47 -48
14 48 23
15 -47 0
16 -3 1
17 -25 -43
18 -5 -25
19 14 -36
20 -10 44
21 -45 -25
22 -34 -39
23 45 8
24 29 -21
25 -38 16
26 -42 39
27 -46 -39
28 6 -6
29 12 41
30 50 50
31 0 -39
32 21 29
33 -28 23
34 32 1
35 8 -10
36 42 -20
37 4 -37
38 -27 -15
39 26 6
40 16 2
41 49 42
42 39 19
43 -43 -49
44 -21 -6
45 -41 -26
46 43 -20
47 -31 -31
48 1 -1
49 -46 47
50 -45 13
51 11 -26
52 -18 5
53 -13 10
54 -35 -44
55 -36 -1
56 1 28
57 -18 -16
58 -31 -18
59 50 -49
60 8 -23
61 49 42
62 7 50
63 2 -49
64 -15 14
65 -17 0
66 46 -10
67 -15 -29
68 5 28
69 12 -14
70 -20 -30
71 -13 24
72 -34 -30
73 -13 28
74 -2 -14
75 49 -34
76 -36 1
77 37 16
78 0 -3
79 -37 7
80 32 -50
81 16 36
82 7 12
83 -29 -47
84 -20 20
85 2 -33
86 -48 -19
87 -31 -7
88 16 3
89 -20 38
90 2 -38
91 35 8
92 9 -27
93 45 9
94 20 -32
95 -48 47
96 24 48
97 0 -6
98 5 0
99 22 0
100 -15 -30
101 -39 12
102 27 32
103 50 31
104 29 34
105 -3 34
106 -46 31
107 20 12
108 -45 21
109 33 5
110 -30 -29
111 47 -13
112 -27 12
113 10 33
114 45 46
115 14 -15
116 23 47
117 -48 23
118 8 -24
119 7 17
120 46 -26
121 11 1
122 -21 39
123 -1 -47
124 33 -37
125 -8 -50
126 22 24
127 -32 -19
128 19 28
129 46 -5
130 50 24
131 22 29
132 -15 -36
133 23 24
134 -49 -39
135 21 6
136 -19 27
137 -5 38
138 19 50
139 -33 -5
140 44 26
141 -9 -19
142 24 11
143 -5 -45
144 -44 31
145 24 -25
146 -20 -43
147 -23 -15
148 2 -47
149 3 20
150 25 -30
151 6 -18
152 1 -43
153 -32 0
154 -23 -24
155 15 -8
156 -37 22
157 33 -20
158 -37 -46
159 35 14
160 -26 25
161 45 -11
162 -44 -48
163 -19 41
164 -40 29
165 -43 13
166 -42 -49
167 -9 39
168 10 -5
169 43 -25
170 -2 34
171 48 13
172 -49 10
173 5 37
174 -21 -25
175 -22 29
176 29 9
177 -7 17
178 29 -15
179 2 26
180 -45 5
181 -37 20
182 -25 15
183 43 -4
184 -24 -42
185 -25 13
186 6 3
187 14 5
188 -29 11
189 31 -48
190 -47 -25
191 -21 -9
192 -6 31
193 -26 19
194 -13 -41
195 -24 -26
196 31 -4
197 20 -6
198 37 -1
199 32 -50
200 -16 -24
DEMAND_SECTION
1 0
2 41
3 47
4 40
5 25
6 22
7 33
8 49
9 50
10 23
11 38
12 49
13 44
14 31
15 40
16 44
17 12
18 25
19 42
20 36
21 21
22 46
23 18
24 26
25 38
26 33
27 48
28 42
29 42
30 40
31 35
32 15
33 32
34 28
35 31
36 43
37 30
38 13
39 38
40 38
41 44
42 19
43 28
44 49
45 44
46 24
47 41
48 48
49 40
50 26
51 13
52 45
53 26
54 29
55 13
56 26
57 28
58 37
59 16
60 37
61 50
62 22
63 44
64 19
65 47
66 13
67 24
68 22
69 47
70 17
71 43
72 42
73 33
74 27
75 26
76 40
77 25
78 28
79 41
80 46
81 37
82 38
83 41
84 28
85 22
86 46
87 35
88 45
89 43
90 24
91 19
92 39
93 23
94 39
95 32
96 49
97 15
98 19
99 23
100 23
101 37
102 36
103 46
104 20
105 19
106 18
107 33
108 30
109 33
110 14
111 47
112 47
113 49
114 36
115 33
116 28
117 28
118 31
119 35
120 20
121 49
122 45
123 33
124 23
125 33
126 19
127 30
128 42
129 46
130 39
131 15
132 42
133 37
134 20
135 19
136 41
137 18
138 13
139 49
140 33
141 34
142 45
143 37
144 44
145 43
146 20
147 16
148 34
149 33
150 32
151 41
152 49
153 32
154 49
155 43
156 33
157 36
158 40
159 50
160 23
161 31
162 14
163 21
164 46
165 34
166 13
167 42
168 19
169 49
170 16
171 37
172 39
173 19
174 14
175 30
176 30
177 30
178 37
179 49
180 32
181 19
182 16
183 28
184 40
185 45
186 13
187 16
188 45
189 42
190 46
191 47
192 18
193 38
194 34
195 47
196 50
197 44
198 18
199 37
200 21
DEPOT_SECTION
1
-1
EOF