NAME: p10_6_NORMALIZED
BEST_KNOWN: 0
COMMENT: 0
DIMENSION: 200
CAPACITY: 100
EDGE_WEIGHT_FORMAT: FUNCTION
EDGE_WEIGHT_TYPE: EXACT_2D
NODE_COORD_SECTION
1 0 0
2 12 38
3 -7 -14
4 -29 15
5 -10 39
6 25 6
7 20 33
8 36 28
9 -33 0
10 7 -22
11 -27 36
12 10 -1
13 5 -33
14 -11 6
15 -4 -9
16 7 8
17 35 19
18 -13 19
19 -30 -32
20 -17 -50
21 -20 -38
22 -11 -19
23 -39 -49
24 6 31
25 43 12
26 48 9
27 8 36
28 23 -38
29 -3 -9
30 -17 28
31 -18 -41
32 38 12
33 -14 -2
34 36 -3
35 24 40
36 -46 20
37 49 23
38 16 -22
39 41 -16
40 26 -30
41 19 -47
42 -42 -43
43 -12 30
44 49 11
45 -3 43
46 -33 33
47 32 -29
48 9 33
49 -47 15
50 28 -45
51 18 43
52 46 -43
53 13 20
54 -17 -19
55 29 50
56 6 47
57 42 -44
58 37 -45
59 44 25
60 -14 50
61 45 30
62 -42 45
63 26 -30
64 -36 36
65 37 -27
66 32 16
67 -32 -8
68 -42 -26
69 26 -31
70 3 -3
71 -20 -47
72 -44 -43
73 45 45
74 1 36
75 -14 -3
76 -27 -11
77 13 19
78 -16 -32
79 -4 -16
80 -13 -42
81 -26 27
82 38 -21
83 10 26
84 -35 36
85 40 7
86 -28 -5
87 -40 11
88 -48 -32
89 2 43
90 -23 14
91 -31 -5
92 -2 -9
93 38 2
94 34 -45
95 -14 -7
96 -25 -40
97 18 -26
98 -6 12
99 -16 -37
100 34 39
101 50 31
102 -37 39
103 14 -1
104 20 -16
105 -48 -47
106 24 16
107 -1 -43
108 -48 -25
109 -46 1
110 14 -28
111 -15 -12
112 -34 14
113 -8 -32
114 28 -35
115 -35 32
116 -50 -45
117 -8 -45
118 -14 13
119 -11 -12
120 24 -47
121 -8 -9
122 -5 28
123 45 4
124 -15 -40
125 21 34
126 5 25
127 48 -29
128 -21 -3
129 -19 -10
130 -2 -48
131 22 -16
132 -14 50
133 -46 -4
134 14 -47
135 -49 -15
136 4 45
137 0 10
138 -19 28
139 -9 43
140 -24 50
141 47 46
142 28 -17
143 -8 -38
144 44 -38
145 38 -39
146 7 -49
147 36 -23
148 17 -49
149 37 -45
150 -23 -40
151 -9 12
152 26 8
153 -41 -34
154 -3 47
155 13 9
156 -16 -39
157 3 -6
158 2 -38
159 34 -4
160 48 -14
161 37 47
162 -24 -39
163 -44 -24
164 16 25
165 30 32
166 45 -7
167 41 -43
168 13 -44
169 -40 34
170 46 10
171 -28 -43
172 -28 17
173 -15 21
174 50 -33
175 9 -50
176 -45 20
177 -21 44
178 -50 29
179 -35 -18
180 -25 -7
181 16 -30
182 -28 -2
183 -19 22
184 -37 -20
185 12 -32
186 3 -47
187 28 38
188 37 32
189 -29 13
190 -29 20
191 -49 -44
192 44 22
193 -17 25
194 33 -20
195 -5 34
196 -42 -16
197 -15 -1
198 0 47
199 -48 46
200 -43 -41
DEMAND_SECTION
1 0
2 14
3 44
4 48
5 20
6 44
7 17
8 48
9 16
10 12
11 46
12 17
13 28
14 49
15 22
16 46
17 48
18 24
19 13
20 24
21 18
22 42
23 30
24 36
25 38
26 46
27 26
28 22
29 21
30 22
31 13
32 26
33 43
34 29
35 25
36 50
37 14
38 26
39 16
40 25
41 48
42 42
43 49
44 17
45 48
46 23
47 24
48 35
49 28
50 25
51 27
52 27
53 46
54 14
55 13
56 46
57 27
58 30
59 16
60 41
61 45
62 41
63 35
64 41
65 43
66 14
67 49
68 27
69 33
70 37
71 18
72 34
73 19
74 27
75 15
76 21
77 17
78 34
79 19
80 41
81 40
82 27
83 29
84 33
85 22
86 34
87 44
88 43
89 13
90 21
91 13
92 19
93 31
94 23
95 22
96 28
97 27
98 45
99 15
100 16
101 37
102 26
103 29
104 40
105 20
106 15
107 20
108 49
109 23
110 49
111 45
112 23
113 29
114 23
115 35
116 42
117 42
118 25
119 22
120 34
121 41
122 26
123 21
124 17
125 15
126 24
127 33
128 32
129 18
130 20
131 32
132 37
133 37
134 27
135 16
136 12
137 15
138 39
139 49
140 47
141 17
142 48
143 31
144 27
145 50
146 27
147 31
148 41
149 47
150 36
151 37
152 44
153 47
154 31
155 34
156 35
157 13
158 15
159 21
160 18
161 40
162 42
163 19
164 22
165 44
166 30
167 32
168 14
169 28
170 22
171 45
172 20
173 23
174 33
175 19
176 39
177 39
178 26
179 35
180 32
181 23
182 30
183 33
184 27
185 49
186 25
187 12
188 46
189 48
190 40
191 50
192 24
193 34
194 17
195 20
196 44
197 22
198 17
199 37
200 31
DEPOT_SECTION
1
-1
EOF