NAME: p10_24_NORMALIZED
BEST_KNOWN: 0
COMMENT: 0
DIMENSION: 200
CAPACITY: 100
EDGE_WEIGHT_FORMAT: FUNCTION
EDGE_WEIGHT_TYPE: EXACT_2D
NODE_COORD_SECTION
1 0 0
2 39 50
3 -15 33
4 20 26
5 25 45
6 -39 -34
7 34 -32
8 16 -7
9 16 9
10 -33 1
11 22 30
12 24 9
13 -3 -17
14 11 -43
15 -12 -47
16 -21 48
17 23 -8
18 -2 2
19 -11 -12
20 -25 39
21 25 -22
22 46 35
23 -44 32
24 -39 25
25 33 -14
26 -26 41
27 -49 5
28 -42 21
29 -14 -31
30 -31 1
31 43 -31
32 -42 19
33 25 -33
34 8 35
35 21 28
36 -16 15
37 -36 49
38 38 -24
39 33 19
40 15 -12
41 31 23
42 3 -16
43 19 -5
44 -7 -41
45 29 33
46 11 -33
47 14 -30
48 -20 -19
49 2 7
50 -1 -32
51 -41 36
52 4 8
53 -23 41
54 44 -25
55 6 -35
56 50 -37
57 13 24
58 -48 34
59 11 28
60 -5 -2
61 3 -16
62 -45 -50
63 -4 9
64 4 -37
65 47 9
66 42 -19
67 -1 -18
68 20 -38
69 -9 -7
70 14 -14
71 -40 43
72 2 -44
73 24 -34
74 -21 -19
75 24 29
76 47 38
77 20 -14
78 -11 36
79 -2 -18
80 -29 -10
81 -46 29
82 -42 5
83 15 -34
84 6 39
85 25 -39
86 20 15
87 -9 4
88 -9 22
89 -11 31
90 11 41
91 -5 27
92 26 50
93 -1 -1
94 25 1
95 -2 41
96 -39 -46
97 -13 12
98 3 21
99 -44 -31
100 3 -43
101 -3 -34
102 -48 9
103 20 16
104 19 8
105 -25 -6
106 22 22
107 -4 47
108 36 8
109 -15 42
110 19 50
111 -39 20
112 -15 -15
113 -21 5
114 27 -27
115 -14 32
116 12 2
117 9 -18
118 15 0
119 -1 15
120 32 22
121 -9 -15
122 -33 44
123 -2 41
124 43 -1
125 -26 48
126 -32 28
127 45 4
128 23 -23
129 36 -5
130 39 43
131 26 -33
132 25 38
133 27 37
134 -12 39
135 -43 -30
136 -3 0
137 1 -18
138 -41 -32
139 -16 -50
140 -28 -7
141 5 -27
142 -25 -2
143 -2 39
144 32 26
145 -29 -25
146 9 -5
147 34 -35
148 33 -49
149 -10 -8
150 18 41
151 7 37
152 -7 -30
153 -24 -38
154 48 -14
155 -5 -6
156 24 42
157 -45 0
158 33 21
159 -6 31
160 -25 3
161 -44 -16
162 -49 -1
163 39 -20
164 30 25
165 -25 -43
166 13 26
167 38 -22
168 -28 21
169 -47 47
170 11 3
171 17 10
172 -8 16
173 -7 11
174 13 -47
175 36 3
176 -48 33
177 -34 -16
178 -9 29
179 -17 10
180 -32 16
181 -44 29
182 -17 -47
183 -12 11
184 38 -41
185 7 43
186 -10 44
187 -42 -39
188 -2 -42
189 -21 34
190 -16 9
191 0 34
192 28 44
193 40 -11
194 -32 -40
195 -22 42
196 5 12
197 -16 -23
198 -21 -16
199 30 10
200 -20 20
DEMAND_SECTION
1 0
2 14
3 43
4 30
5 15
6 12
7 28
8 39
9 30
10 13
11 26
12 31
13 44
14 12
15 39
16 17
17 49
18 20
19 47
20 43
21 15
22 39
23 31
24 25
25 48
26 15
27 16
28 28
29 49
30 40
31 26
32 39
33 13
34 16
35 15
36 28
37 23
38 39
39 35
40 39
41 40
42 34
43 33
44 15
45 49
46 43
47 43
48 30
49 17
50 42
51 31
52 18
53 28
54 15
55 35
56 15
57 33
58 17
59 30
60 38
61 36
62 40
63 48
64 19
65 49
66 44
67 48
68 28
69 36
70 50
71 31
72 29
73 49
74 41
75 37
76 28
77 40
78 39
79 44
80 24
81 41
82 33
83 21
84 31
85 36
86 29
87 48
88 26
89 18
90 30
91 44
92 47
93 32
94 35
95 29
96 47
97 17
98 30
99 27
100 46
101 41
102 33
103 15
104 50
105 17
106 19
107 46
108 25
109 47
110 23
111 19
112 39
113 21
114 36
115 39
116 50
117 26
118 34
119 15
120 33
121 27
122 20
123 18
124 30
125 46
126 45
127 45
128 44
129 15
130 45
131 12
132 50
133 33
134 41
135 26
136 14
137 44
138 25
139 13
140 19
141 18
142 21
143 46
144 23
145 41
146 22
147 14
148 26
149 17
150 18
151 37
152 31
153 40
154 33
155 49
156 41
157 17
158 47
159 29
160 19
161 20
162 40
163 12
164 20
165 20
166 16
167 16
168 49
169 39
170 28
171 33
172 33
173 43
174 36
175 41
176 18
177 28
178 31
179 26
180 29
181 44
182 28
183 38
184 42
185 22
186 30
187 38
188 48
189 40
190 25
191 18
192 17
193 49
194 23
195 39
196 19
197 18
198 20
199 24
200 23
DEPOT_SECTION
1
-1
EOF