NAME: p10_13_NORMALIZED
BEST_KNOWN: 0
COMMENT: 0
DIMENSION: 200
CAPACITY: 100
EDGE_WEIGHT_FORMAT: FUNCTION
EDGE_WEIGHT_TYPE: EXACT_2D
NODE_COORD_SECTION
1 0 0
2 -11 1
3 35 -3
4 25 -43
5 29 47
6 -8 -5
7 7 38
8 -34 -47
9 -40 0
10 -19 7
11 -25 -9
12 -9 42
13 -3 44
14 -33 16
15 -25 -31
16 28 -18
17 32 20
18 17 -38
19 2 22
20 -42 49
21 10 19
22 -9 23
23 25 10
24 -38 45
25 -50 11
26 -45 43
27 -2 11
28 14 9
29 28 -42
30 43 7
31 49 48
32 12 -13
33 41 -15
34 9 -49
35 -29 -49
36 -46 20
37 35 -7
38 29 -24
39 -3 20
40 23 15
41 21 5
42 -23 17
43 24 -1
44 -26 0
45 1 12
46 37 28
47 -30 -11
48 -39 -38
49 -29 -33
50 -16 -28
51 49 37
52 36 -39
53 34 -3
54 5 -38
55 25 -32
56 -1 12
57 -44 -38
58 -26 5
59 3 -41
60 20 -8
61 -19 5
62 8 -11
63 -8 -1
64 24 41
65 -18 -42
66 -11 -19
67 -41 -1
68 36 5
69 23 -48
70 34 44
71 7 -40
72 16 -16
73 37 1
74 -47 -38
75 34 -33
76 2 -5
77 -22 7
78 50 -37
79 -7 46
80 16 5
81 -2 -24
82 -36 27
83 16 49
84 -20 47
85 25 46
86 -47 27
87 7 14
88 -50 16
89 -45 42
90 -32 29
91 15 18
92 -41 -49
93 -45 25
94 -49 -8
95 9 37
96 39 48
97 -30 -10
98 22 37
99 -19 -28
100 -18 -42
101 -17 33
102 1 -6
103 -29 30
104 17 3
105 -3 14
106 42 48
107 48 46
108 -9 9
109 18 40
110 -23 11
111 -22 49
112 -30 34
113 -11 -45
114 37 -8
115 -25 -5
116 0 -5
117 -30 -1
118 17 -44
119 -4 12
120 34 44
121 -15 -5
122 -17 -15
123 10 14
124 7 40
125 -5 27
126 -40 -46
127 5 46
128 -29 9
129 -49 -20
130 24 -24
131 -16 22
132 36 -29
133 -13 19
134 10 13
135 -9 -29
136 -27 29
137 -3 21
138 -15 28
139 -24 -27
140 29 14
141 -40 12
142 14 -16
143 -3 8
144 -48 41
145 -18 45
146 18 -8
147 -32 47
148 -39 36
149 -29 -12
150 25 -7
151 1 -15
152 14 46
153 30 -10
154 1 -13
155 46 30
156 -44 13
157 -23 2
158 -15 -41
159 48 16
160 5 13
161 -39 -3
162 28 -25
163 -30 -37
164 23 -47
165 35 3
166 -38 -44
167 -7 25
168 8 -33
169 44 39
170 1 16
171 41 22
172 20 -2
173 -10 26
174 -3 -35
175 29 -17
176 -24 -43
177 -2 11
178 -23 -36
179 -1 -43
180 39 18
181 -45 -49
182 -38 42
183 -1 11
184 -35 49
185 42 -45
186 -36 41
187 -26 -1
188 -18 37
189 17 -21
190 -29 37
191 -43 -8
192 16 4
193 -16 -39
194 -25 10
195 -8 -26
196 6 20
197 37 20
198 -1 -10
199 16 -8
200 29 -35
DEMAND_SECTION
1 0
2 13
3 29
4 31
5 39
6 39
7 36
8 31
9 39
10 25
11 22
12 21
13 41
14 16
15 48
16 17
17 40
18 22
19 39
20 42
21 41
22 46
23 29
24 12
25 39
26 37
27 17
28 46
29 50
30 29
31 35
32 39
33 26
34 14
35 12
36 41
37 34
38 49
39 49
40 26
41 40
42 23
43 49
44 29
45 33
46 16
47 27
48 36
49 24
50 30
51 23
52 32
53 34
54 47
55 39
56 35
57 14
58 13
59 40
60 43
61 26
62 24
63 21
64 45
65 33
66 29
67 36
68 43
69 31
70 12
71 46
72 20
73 30
74 31
75 39
76 26
77 44
78 43
79 47
80 20
81 24
82 18
83 24
84 23
85 19
86 15
87 32
88 34
89 39
90 30
91 15
92 23
93 22
94 21
95 43
96 17
97 22
98 21
99 35
100 31
101 49
102 47
103 25
104 47
105 19
106 49
107 16
108 20
109 14
110 36
111 34
112 22
113 19
114 26
115 13
116 13
117 28
118 28
119 46
120 44
121 46
122 20
123 43
124 45
125 48
126 25
127 25
128 20
129 16
130 29
131 29
132 45
133 26
134 19
135 39
136 34
137 47
138 48
139 50
140 12
141 25
142 26
143 16
144 20
145 15
146 40
147 16
148 26
149 18
150 42
151 30
152 41
153 31
154 26
155 26
156 22
157 33
158 18
159 44
160 17
161 24
162 46
163 19
164 29
165 20
166 13
167 18
168 32
169 48
170 35
171 38
172 50
173 38
174 25
175 24
176 33
177 31
178 39
179 19
180 48
181 16
182 17
183 29
184 49
185 26
186 13
187 16
188 29
189 50
190 48
191 48
192 36
193 39
194 23
195 32
196 21
197 40
198 21
199 14
200 18
DEPOT_SECTION
1
-1
EOF