NAME: p10_22_NORMALIZED
BEST_KNOWN: 0
COMMENT: 0
DIMENSION: 200
CAPACITY: 100
EDGE_WEIGHT_FORMAT: FUNCTION
EDGE_WEIGHT_TYPE: EXACT_2D
NODE_COORD_SECTION
1 0 0
2 46 -21
3 -50 49
4 21 -28
5 17 -25
6 -47 40
7 27 35
8 20 42
9 10 -37
10 40 -11
11 7 -9
12 3 21
13 37 37
14 -3 14
15 36 -49
16 9 -39
17 -33 45
18 1 -17
19 34 44
20 26 44
21 35 -1
22 -9 -4
23 30 -12
24 -22 17
25 -50 2
26 35 -39
27 -48 23
28 32 8
29 26 0
30 -48 15
31 16 -35
32 29 -27
33 24 -49
34 -2 -11
35 -13 -3
36 -31 6
37 25 -28
38 6 -49
39 32 -42
40 17 7
41 4 -42
42 -39 -42
43 -34 24
44 46 40
45 48 -21
46 36 -1
47 42 -4
48 -5 -11
49 -14 -44
50 21 -14
51 -14 -47
52 31 -13
53 -1 -5
54 -48 -11
55 46 -26
56 -4 -3
57 11 -48
58 41 4
59 -36 7
60 16 36
61 38 42
62 -20 45
63 -48 27
64 34 34
65 -17 40
66 0 -10
67 -41 -5
68 43 40
69 2 15
70 15 24
71 -18 23
72 -41 46
73 -32 -48
74 -48 23
75 5 -17
76 15 8
77 1 -17
78 18 -28
79 -44 49
80 44 7
81 36 -25
82 23 4
83 -15 -7
84 9 26
85 37 33
86 19 -22
87 -42 -45
88 41 21
89 -2 -22
90 24 -2
91 44 38
92 0 -36
93 -13 -38
94 26 41
95 -5 40
96 -1 11
97 34 29
98 13 -44
99 21 -23
100 -41 23
101 -30 -30
102 28 -12
103 28 23
104 -32 31
105 6 -4
106 30 -24
107 -38 44
108 6 -41
109 4 24
110 22 30
111 -7 14
112 -14 -49
113 -12 -19
114 38 -18
115 -27 -16
116 45 -30
117 -9 41
118 -6 39
119 22 9
120 -18 -31
121 -39 29
122 -5 -9
123 23 -50
124 -42 42
125 -19 43
126 27 -22
127 -33 -7
128 45 -50
129 11 20
130 32 36
131 -39 -41
132 37 -26
133 -22 15
134 -6 25
135 -37 37
136 34 12
137 28 -22
138 9 48
139 -1 -29
140 -43 -26
141 -10 1
142 -44 9
143 11 1
144 43 -39
145 -34 38
146 -26 -11
147 -43 34
148 -13 11
149 15 -2
150 34 5
151 -9 33
152 -49 -3
153 -10 1
154 35 16
155 -2 -4
156 3 -15
157 18 24
158 -38 26
159 -1 29
160 -11 -42
161 -45 16
162 2 36
163 31 30
164 -31 21
165 -45 -17
166 34 -14
167 -30 44
168 -19 35
169 39 43
170 -49 37
171 -45 20
172 -49 -30
173 33 2
174 -28 -20
175 27 24
176 -34 27
177 -26 18
178 -5 -22
179 -31 -36
180 -13 -33
181 -36 14
182 -7 11
183 -49 -6
184 28 -6
185 -44 11
186 24 -6
187 42 -42
188 -22 -24
189 1 -17
190 20 -35
191 -35 -3
192 -38 -27
193 29 -49
194 -13 -38
195 6 18
196 -17 -41
197 19 11
198 -12 -36
199 1 -8
200 12 25
DEMAND_SECTION
1 0
2 48
3 47
4 27
5 49
6 40
7 34
8 34
9 13
10 26
11 45
12 31
13 41
14 33
15 28
16 24
17 19
18 26
19 13
20 25
21 34
22 20
23 13
24 26
25 49
26 46
27 40
28 20
29 26
30 42
31 22
32 34
33 41
34 49
35 37
36 41
37 25
38 50
39 35
40 35
41 40
42 34
43 17
44 32
45 28
46 25
47 32
48 49
49 37
50 23
51 49
52 28
53 27
54 25
55 36
56 34
57 27
58 12
59 38
60 23
61 26
62 16
63 34
64 15
65 22
66 47
67 32
68 46
69 34
70 35
71 14
72 31
73 29
74 30
75 47
76 32
77 40
78 16
79 23
80 48
81 45
82 21
83 36
84 33
85 46
86 18
87 34
88 16
89 45
90 14
91 13
92 47
93 50
94 47
95 20
96 39
97 44
98 37
99 26
100 32
101 21
102 33
103 17
104 19
105 32
106 30
107 27
108 50
109 48
110 44
111 18
112 16
113 14
114 43
115 14
116 18
117 16
118 23
119 23
120 33
121 40
122 42
123 29
124 13
125 46
126 46
127 39
128 23
129 13
130 32
131 38
132 42
133 42
134 36
135 38
136 30
137 36
138 23
139 30
140 21
141 30
142 33
143 18
144 49
145 49
146 47
147 44
148 44
149 45
150 13
151 21
152 26
153 29
154 17
155 27
156 24
157 15
158 40
159 16
160 38
161 17
162 40
163 19
164 23
165 18
166 16
167 22
168 22
169 18
170 16
171 29
172 36
173 26
174 50
175 13
176 23
177 40
178 18
179 33
180 47
181 46
182 30
183 15
184 23
185 36
186 13
187 15
188 17
189 35
190 25
191 36
192 23
193 36
194 14
195 19
196 44
197 30
198 16
199 19
200 44
DEPOT_SECTION
1
-1
EOF