NAME: p10_18_NORMALIZED
BEST_KNOWN: 0
COMMENT: 0
DIMENSION: 200
CAPACITY: 100
EDGE_WEIGHT_FORMAT: FUNCTION
EDGE_WEIGHT_TYPE: EXACT_2D
NODE_COORD_SECTION
1 0 0
2 0 44
3 -3 -48
4 23 -17
5 -50 -22
6 -16 -10
7 -32 18
8 4 -22
9 28 -20
10 34 4
11 43 -36
12 4 -8
13 22 3
14 -33 -6
15 24 -45
16 3 -41
17 13 27
18 -3 -36
19 -27 25
20 -20 -16
21 30 1
22 -22 3
23 45 -35
24 15 11
25 14 1
26 -38 6
27 -50 -31
28 -11 -11
29 -10 -26
30 -2 35
31 2 9
32 -26 -19
33 -20 3
34 37 -44
35 44 26
36 -49 -3
37 40 14
38 17 23
39 20 -18
40 7 -40
41 24 36
42 0 -46
43 -17 33
44 -31 -20
45 2 16
46 2 11
47 -30 -16
48 31 34
49 -36 -15
50 -41 0
51 -22 -21
52 20 48
53 34 -1
54 -35 -46
55 -29 -30
56 -36 41
57 37 11
58 -31 -27
59 -44 35
60 -25 -5
61 -45 -44
62 48 -45
63 -35 36
64 -47 25
65 17 -15
66 23 -2
67 -19 -49
68 29 29
69 44 27
70 21 0
71 -35 5
72 -15 49
73 12 16
74 -12 49
75 -18 27
76 -41 -16
77 -26 47
78 -2 31
79 7 -41
80 -35 24
81 44 13
82 -39 -47
83 42 -6
84 -19 -18
85 -43 44
86 3 -21
87 -26 12
88 -15 -29
89 -39 -48
90 -26 -28
91 21 -14
92 14 -30
93 27 -49
94 -44 -38
95 -46 -44
96 2 17
97 14 1
98 -46 33
99 9 -36
100 9 -37
101 -23 -13
102 -47 -48
103 -41 39
104 -31 4
105 -43 3
106 23 -32
107 -47 2
108 -16 -44
109 22 -41
110 8 4
111 39 -22
112 29 47
113 -39 28
114 25 38
115 -7 47
116 -13 -20
117 -26 -18
118 25 42
119 15 -12
120 -6 40
121 -43 -25
122 -13 7
123 -37 -31
124 -43 -4
125 -1 36
126 -33 -39
127 -49 28
128 -10 6
129 -23 -48
130 -42 0
131 43 -35
132 40 -22
133 -3 34
134 -5 -48
135 21 -34
136 36 23
137 50 -45
138 -39 -12
139 -32 31
140 -37 42
141 15 32
142 24 9
143 42 21
144 49 46
145 17 -26
146 23 -38
147 22 42
148 28 47
149 41 43
150 30 -10
151 22 14
152 -33 44
153 -45 -38
154 38 16
155 6 -46
156 41 -38
157 49 5
158 2 -1
159 -35 -44
160 20 0
161 7 -2
162 -23 3
163 2 -49
164 23 46
165 28 9
166 34 18
167 -22 49
168 25 -30
169 48 -18
170 21 -33
171 45 31
172 16 -42
173 -10 -45
174 45 37
175 -31 -48
176 20 -28
177 -27 -45
178 11 -22
179 -42 4
180 -42 40
181 2 -14
182 50 -45
183 -17 13
184 -3 -16
185 21 -26
186 -48 30
187 7 -29
188 -31 34
189 -32 -9
190 -15 -20
191 -35 10
192 41 27
193 -27 30
194 -30 -23
195 47 5
196 25 45
197 -47 16
198 28 40
199 -47 46
200 24 24
DEMAND_SECTION
1 0
2 47
3 16
4 38
5 25
6 12
7 21
8 43
9 49
10 13
11 30
12 48
13 15
14 45
15 50
16 16
17 47
18 38
19 49
20 24
21 35
22 48
23 22
24 45
25 19
26 32
27 39
28 27
29 14
30 14
31 41
32 23
33 28
34 16
35 33
36 45
37 33
38 27
39 48
40 30
41 19
42 39
43 17
44 41
45 43
46 21
47 44
48 27
49 16
50 39
51 41
52 41
53 48
54 30
55 41
56 49
57 40
58 30
59 32
60 13
61 17
62 33
63 45
64 49
65 31
66 32
67 16
68 17
69 49
70 31
71 38
72 29
73 49
74 29
75 23
76 21
77 32
78 26
79 21
80 46
81 25
82 14
83 16
84 46
85 40
86 40
87 47
88 48
89 24
90 21
91 30
92 23
93 13
94 39
95 39
96 34
97 34
98 20
99 37
100 24
101 29
102 33
103 33
104 34
105 18
106 24
107 19
108 50
109 48
110 20
111 21
112 43
113 24
114 32
115 32
116 46
117 26
118 18
119 18
120 22
121 33
122 36
123 45
124 20
125 35
126 45
127 17
128 18
129 30
130 19
131 33
132 22
133 38
134 31
135 50
136 29
137 21
138 25
139 16
140 35
141 41
142 46
143 18
144 14
145 49
146 48
147 39
148 13
149 40
150 48
151 14
152 29
153 44
154 46
155 17
156 38
157 32
158 34
159 34
160 37
161 46
162 44
163 45
164 45
165 38
166 27
167 27
168 31
169 20
170 15
171 40
172 47
173 36
174 42
175 18
176 36
177 26
178 47
179 28
180 31
181 49
182 19
183 18
184 24
185 14
186 22
187 21
188 27
189 13
190 45
191 27
192 37
193 47
194 31
195 37
196 34
197 16
198 26
199 48
200 44
DEPOT_SECTION
1
-1
EOF