NAME: p10_110_tsplib0_NORMALIZED
BEST_KNOWN: 0
COMMENT: 0
DIMENSION: 200
CAPACITY: 100
EDGE_WEIGHT_FORMAT: FUNCTION
EDGE_WEIGHT_TYPE: EXACT_2D
NODE_COORD_SECTION
1 0 0
2 -13 -13
3 1 -9
4 -14 10
5 10 0
6 20 -15
7 -2 -1
8 15 15
9 20 10
10 -9 24
11 5 31
12 20 30
13 0 16
14 27 0
15 27 22
16 27 -11
17 -14 1
18 -2 9
19 -26 21
20 27 13
21 31 -21
22 9 -22
23 -9 -22
24 -24 -7
25 -28 8
26 -18 29
27 6 11
28 20 -1
29 0 -19
30 17 -9
31 8 -9
32 -4 41
33 -13 18
34 -9 -6
35 15 5
36 20 15
37 19 -25
38 25 -20
39 12 31
40 -5 25
41 -5 15
42 -23 -18
43 -20 -21
44 -19 -16
45 -14 13
46 15 -5
47 16 7
48 15 -20
49 13 -14
50 -23 3
51 2 17
52 14 14
53 17 29
54 -15 -9
55 5 -5
56 -14 12
57 -18 28
58 -4 27
59 17 -2
60 16 -14
61 7 6
62 -4 -3
63 -30 -10
64 -23 7
65 1 -19
66 17 6
67 -8 -12
68 -18 -2
69 -22 -22
70 22 23
71 27 7
72 7 22
73 -19 22
74 -27 17
75 -28 3
76 -8 33
77 -5 13
78 8 32
79 23 13
80 23 -8
81 2 34
82 3 11
83 11 -25
84 26 -2
85 27 28
86 28 34
87 -3 -13
88 10 0
89 24 -20
90 -30 -29
91 -25 -18
92 -14 -25
93 -30 29
94 -5 -20
95 4 -25
96 -3 4
97 -10 -3
98 -10 20
99 13 -7
100 21 2
101 6 14
102 0 -18
103 20 10
104 20 -15
105 -20 -5
106 -10 -5
107 -15 15
108 -25 8
109 20 25
110 -5 25
111 -15 30
112 15 0
113 -5 -10
114 -20 -25
115 -5 -30
116 -25 -15
117 -30 -5
118 -15 5
119 -20 25
120 10 30
121 10 -15
122 10 -25
123 20 -30
124 30 0
125 30 -15
126 10 -5
127 0 5
128 6 2
129 29 7
130 5 25
131 -4 17
132 0 34
133 18 17
134 30 20
135 28 30
136 -33 25
137 -15 -15
138 -30 -30
139 25 -23
140 5 -10
141 7 -28
142 -11 -23
143 -12 -32
144 -24 -21
145 -29 3
146 -33 13
147 -27 21
148 -22 17
149 -29 33
150 12 12
151 14 23
152 -8 8
153 2 -4
154 22 -6
155 28 -12
156 18 -23
157 -3 -23
158 1 -9
159 -14 -11
160 -18 -1
161 -23 -11
162 -11 23
163 -8 34
164 -20 42
165 27 42
166 14 38
167 32 -30
168 21 4
169 2 12
170 2 21
171 22 33
172 12 -19
173 9 -18
174 11 -22
175 14 -24
176 14 7
177 18 8
178 26 17
179 22 13
180 21 2
181 20 19
182 -20 12
183 -21 2
184 -24 -4
185 -19 -13
186 -31 -17
187 -7 -17
188 -9 17
189 -9 0
190 -4 32
191 -20 -16
192 -13 -13
193 -17 -11
194 -9 -8
195 -10 -11
196 -13 -8
197 -10 -14
198 -16 -14
199 -15 -9
200 -17 -17
DEMAND_SECTION
1 0
2 8
3 4
4 3
5 6
6 9
7 8
8 5
9 1
10 2
11 1
12 8
13 4
14 5
15 5
16 7
17 3
18 1
19 5
20 8
21 5
22 1
23 6
24 6
25 6
26 8
27 7
28 1
29 7
30 2
31 1
32 8
33 8
34 8
35 2
36 8
37 5
38 8
39 5
40 5
41 8
42 2
43 1
44 6
45 7
46 8
47 3
48 5
49 4
50 8
51 6
52 6
53 6
54 1
55 9
56 7
57 7
58 3
59 7
60 4
61 4
62 8
63 3
64 3
65 3
66 4
67 5
68 8
69 1
70 9
71 8
72 9
73 9
74 8
75 9
76 1
77 3
78 6
79 7
80 6
81 8
82 6
83 3
84 7
85 6
86 9
87 8
88 9
89 8
90 8
91 2
92 8
93 6
94 2
95 9
96 7
97 8
98 7
99 4
100 7
101 1
102 7
103 8
104 7
105 9
106 4
107 3
108 1
109 6
110 3
111 9
112 9
113 6
114 1
115 3
116 7
117 4
118 4
119 8
120 7
121 9
122 4
123 5
124 1
125 4
126 6
127 5
128 9
129 5
130 7
131 5
132 6
133 6
134 7
135 7
136 8
137 6
138 6
139 3
140 3
141 9
142 6
143 6
144 6
145 2
146 6
147 7
148 9
149 2
150 6
151 4
152 5
153 1
154 9
155 4
156 5
157 1
158 7
159 2
160 2
161 5
162 1
163 2
164 1
165 2
166 1
167 7
168 9
169 3
170 1
171 1
172 7
173 5
174 6
175 2
176 6
177 4
178 6
179 5
180 5
181 8
182 6
183 3
184 6
185 3
186 3
187 7
188 8
189 2
190 5
191 4
192 5
193 9
194 9
195 2
196 1
197 6
198 8
199 7
200 3
DEPOT_SECTION
1
-1
EOF