NAME: p10_21_NORMALIZED
BEST_KNOWN: 0
COMMENT: 0
DIMENSION: 200
CAPACITY: 100
EDGE_WEIGHT_FORMAT: FUNCTION
EDGE_WEIGHT_TYPE: EXACT_2D
NODE_COORD_SECTION
1 0 0
2 6 -27
3 -38 16
4 -1 -10
5 -29 -37
6 -27 -18
7 -7 -14
8 33 15
9 8 -7
10 -38 32
11 -30 18
12 37 -25
13 -26 -20
14 18 42
15 -37 -12
16 17 1
17 -12 -47
18 -32 26
19 27 -48
20 -23 -29
21 21 41
22 46 -37
23 29 35
24 -43 19
25 41 -25
26 39 -49
27 -41 17
28 38 7
29 18 -19
30 -11 -8
31 7 1
32 -45 -44
33 49 46
34 -39 -24
35 -2 -4
36 -18 6
37 33 -40
38 -38 -10
39 -45 50
40 21 -36
41 50 23
42 -50 22
43 15 48
44 -38 25
45 13 7
46 14 -26
47 37 22
48 18 -20
49 14 -6
50 -39 -14
51 -8 -48
52 -11 43
53 -17 23
54 -48 6
55 -18 -2
56 39 -15
57 16 -11
58 -34 12
59 -26 -34
60 34 -31
61 18 -17
62 2 -38
63 -22 3
64 14 22
65 43 -49
66 -28 -37
67 48 -41
68 17 -43
69 47 3
70 -12 2
71 -39 -40
72 31 -19
73 -9 16
74 -15 44
75 40 -36
76 42 43
77 29 -23
78 3 -16
79 -40 18
80 -5 24
81 -38 -12
82 21 -42
83 50 35
84 37 6
85 -36 1
86 -22 -39
87 25 -21
88 46 -34
89 13 -37
90 19 3
91 -36 25
92 15 -44
93 -4 44
94 -33 -40
95 -37 23
96 -1 8
97 -35 -26
98 -15 2
99 -39 4
100 0 -48
101 5 8
102 49 -2
103 1 25
104 -30 -11
105 -28 15
106 34 -9
107 40 32
108 -21 10
109 -34 36
110 -3 13
111 47 17
112 -35 -47
113 31 7
114 -17 -31
115 1 -12
116 38 -19
117 3 -39
118 -42 -6
119 -44 -45
120 -29 -18
121 -46 -12
122 -29 -3
123 48 25
124 12 35
125 -29 -7
126 18 16
127 -36 -47
128 -35 38
129 -32 -39
130 23 46
131 35 -27
132 35 16
133 -33 -21
134 -6 46
135 40 -23
136 -32 2
137 37 -12
138 9 46
139 -30 -21
140 -38 6
141 26 13
142 12 43
143 44 -27
144 -33 17
145 -9 20
146 -41 -2
147 -24 -28
148 -30 42
149 47 -27
150 19 39
151 23 21
152 47 -3
153 50 10
154 -7 -30
155 -13 49
156 9 35
157 8 -29
158 -35 -45
159 -45 15
160 40 -10
161 0 24
162 37 -38
163 -39 -42
164 -8 -37
165 6 48
166 -47 12
167 50 -46
168 -30 3
169 -12 -45
170 15 -43
171 -34 -20
172 33 -14
173 40 -38
174 -25 -5
175 -18 31
176 49 47
177 -10 14
178 1 7
179 -13 -32
180 -15 -6
181 -42 -17
182 -14 -37
183 -33 5
184 34 -45
185 -15 -33
186 -47 -29
187 -4 -17
188 47 -31
189 -43 -27
190 -44 43
191 -14 10
192 -8 1
193 -28 -37
194 -49 12
195 29 35
196 8 -49
197 44 -45
198 20 16
199 20 37
200 -21 39
DEMAND_SECTION
1 0
2 21
3 38
4 36
5 42
6 48
7 32
8 20
9 49
10 34
11 49
12 45
13 29
14 43
15 23
16 14
17 35
18 27
19 31
20 25
21 22
22 15
23 24
24 24
25 38
26 15
27 31
28 19
29 23
30 29
31 22
32 40
33 31
34 47
35 36
36 31
37 29
38 24
39 50
40 13
41 37
42 47
43 31
44 20
45 47
46 44
47 28
48 18
49 38
50 45
51 40
52 43
53 17
54 46
55 13
56 37
57 42
58 21
59 47
60 29
61 29
62 44
63 43
64 36
65 39
66 36
67 21
68 29
69 16
70 36
71 30
72 47
73 40
74 35
75 47
76 26
77 15
78 32
79 17
80 49
81 26
82 24
83 25
84 28
85 20
86 21
87 32
88 43
89 24
90 32
91 28
92 30
93 47
94 30
95 37
96 12
97 34
98 20
99 36
100 19
101 33
102 40
103 50
104 19
105 30
106 37
107 23
108 21
109 36
110 34
111 23
112 22
113 41
114 30
115 15
116 38
117 26
118 36
119 25
120 32
121 48
122 14
123 13
124 31
125 34
126 16
127 25
128 13
129 29
130 48
131 38
132 37
133 36
134 16
135 15
136 35
137 48
138 40
139 41
140 42
141 43
142 25
143 38
144 35
145 17
146 43
147 29
148 33
149 30
150 40
151 36
152 24
153 27
154 18
155 16
156 37
157 29
158 42
159 15
160 31
161 25
162 26
163 41
164 13
165 37
166 22
167 49
168 29
169 24
170 28
171 37
172 22
173 14
174 15
175 24
176 18
177 23
178 28
179 46
180 38
181 25
182 35
183 15
184 17
185 45
186 15
187 22
188 26
189 19
190 32
191 18
192 25
193 26
194 38
195 34
196 18
197 41
198 30
199 24
200 18
DEPOT_SECTION
1
-1
EOF