NAME: p10_30_NORMALIZED
BEST_KNOWN: 0
COMMENT: 0
DIMENSION: 200
CAPACITY: 100
EDGE_WEIGHT_FORMAT: FUNCTION
EDGE_WEIGHT_TYPE: EXACT_2D
NODE_COORD_SECTION
1 0 0
2 4 43
3 50 -30
4 -6 49
5 2 -49
6 -9 25
7 -36 -42
8 -9 -20
9 5 33
10 32 4
11 34 34
12 20 40
13 19 -30
14 -33 15
15 -22 -44
16 14 45
17 -29 -23
18 37 21
19 -32 13
20 48 50
21 -50 9
22 -50 49
23 -2 -33
24 -50 -24
25 -20 32
26 2 -8
27 37 -26
28 6 -29
29 -28 -45
30 -17 -21
31 -48 -34
32 41 25
33 -20 -17
34 -36 -42
35 43 12
36 -3 -35
37 43 33
38 26 -44
39 10 25
40 0 13
41 18 34
42 50 -13
43 -16 15
44 -38 -33
45 -30 19
46 22 9
47 41 23
48 -18 37
49 1 -25
50 33 -46
51 -18 -36
52 16 -11
53 15 -37
54 12 -2
55 -14 -21
56 12 34
57 39 8
58 -45 -17
59 -11 -12
60 20 -3
61 35 25
62 11 29
63 38 -47
64 -20 15
65 41 33
66 21 -42
67 -10 33
68 0 -26
69 33 8
70 25 12
71 -14 40
72 -15 31
73 -7 -15
74 -2 -22
75 3 47
76 19 -37
77 -29 -12
78 -49 18
79 -40 30
80 26 -25
81 -39 7
82 12 44
83 -3 -38
84 -30 -30
85 -48 6
86 -27 24
87 -25 -20
88 35 -11
89 3 -23
90 14 27
91 -10 31
92 -10 45
93 -27 -37
94 -26 -4
95 -33 -25
96 36 9
97 -27 -49
98 -14 38
99 -16 48
100 10 44
101 -36 32
102 25 -10
103 24 9
104 41 -3
105 -5 -30
106 33 39
107 50 -7
108 48 48
109 15 -16
110 -43 -42
111 4 -5
112 -40 21
113 -7 5
114 36 -15
115 -7 -1
116 -42 -9
117 -17 -33
118 -46 15
119 24 49
120 20 28
121 36 13
122 -11 -47
123 12 -47
124 -27 43
125 -24 -1
126 -26 -47
127 -27 19
128 38 -3
129 -35 -5
130 -4 43
131 -8 -11
132 48 22
133 19 -15
134 -48 -32
135 -27 41
136 -37 36
137 14 41
138 -42 -48
139 24 -39
140 -48 42
141 15 -19
142 -47 -36
143 48 -4
144 28 41
145 -22 2
146 -30 24
147 25 -3
148 42 24
149 28 27
150 10 -50
151 14 -43
152 -29 -43
153 -4 33
154 -25 20
155 48 24
156 -49 -21
157 -3 8
158 -28 5
159 47 -15
160 -31 -31
161 14 -41
162 42 -26
163 -27 47
164 -42 31
165 16 -23
166 2 3
167 -44 28
168 -31 -45
169 -20 -50
170 37 -44
171 -1 2
172 -32 -44
173 -5 -49
174 16 17
175 -27 -37
176 -7 -8
177 -2 23
178 26 -50
179 13 13
180 -37 34
181 44 28
182 16 45
183 7 6
184 14 -12
185 -43 -12
186 9 -42
187 -9 37
188 -8 40
189 38 34
190 -11 -16
191 6 -47
192 24 -12
193 -18 37
194 37 7
195 -37 -18
196 -25 -32
197 -26 9
198 -35 9
199 -9 -6
200 8 -7
DEMAND_SECTION
1 0
2 42
3 46
4 35
5 24
6 23
7 32
8 18
9 26
10 29
11 34
12 27
13 41
14 48
15 13
16 47
17 20
18 18
19 38
20 28
21 41
22 44
23 35
24 15
25 15
26 40
27 30
28 41
29 50
30 41
31 46
32 40
33 47
34 28
35 50
36 28
37 24
38 21
39 46
40 46
41 40
42 26
43 46
44 43
45 32
46 15
47 26
48 30
49 15
50 49
51 16
52 34
53 46
54 27
55 12
56 25
57 42
58 20
59 13
60 15
61 31
62 29
63 42
64 25
65 47
66 36
67 30
68 46
69 47
70 47
71 17
72 18
73 22
74 18
75 46
76 36
77 36
78 17
79 32
80 28
81 46
82 15
83 34
84 17
85 22
86 41
87 41
88 31
89 19
90 13
91 46
92 24
93 33
94 42
95 19
96 26
97 36
98 31
99 15
100 31
101 15
102 33
103 50
104 46
105 50
106 46
107 48
108 20
109 31
110 25
111 39
112 45
113 20
114 29
115 28
116 47
117 18
118 18
119 23
120 16
121 23
122 27
123 20
124 25
125 26
126 26
127 41
128 35
129 47
130 16
131 40
132 35
133 35
134 21
135 34
136 48
137 33
138 30
139 24
140 31
141 20
142 27
143 17
144 13
145 37
146 28
147 22
148 45
149 47
150 47
151 21
152 31
153 29
154 44
155 31
156 18
157 33
158 28
159 26
160 49
161 31
162 35
163 13
164 21
165 36
166 42
167 48
168 15
169 27
170 42
171 30
172 48
173 42
174 23
175 36
176 18
177 43
178 17
179 14
180 12
181 21
182 40
183 24
184 29
185 31
186 31
187 16
188 26
189 46
190 49
191 45
192 13
193 46
194 24
195 37
196 49
197 34
198 40
199 22
200 12
DEPOT_SECTION
1
-1
EOF