NAME: p10_1050_tsplib0_NORMALIZED
BEST_KNOWN: 0
COMMENT: 0
DIMENSION: 200
CAPACITY: 100
EDGE_WEIGHT_FORMAT: FUNCTION
EDGE_WEIGHT_TYPE: EXACT_2D
NODE_COORD_SECTION
1 0 0
2 -13 -13
3 1 -9
4 -14 10
5 10 0
6 20 -15
7 -2 -1
8 15 15
9 20 10
10 -9 24
11 5 31
12 20 30
13 0 16
14 27 0
15 27 22
16 27 -11
17 -14 1
18 -2 9
19 -26 21
20 27 13
21 31 -21
22 9 -22
23 -9 -22
24 -24 -7
25 -28 8
26 -18 29
27 6 11
28 20 -1
29 0 -19
30 17 -9
31 8 -9
32 -4 41
33 -13 18
34 -9 -6
35 15 5
36 20 15
37 19 -25
38 25 -20
39 12 31
40 -5 25
41 -5 15
42 -23 -18
43 -20 -21
44 -19 -16
45 -14 13
46 15 -5
47 16 7
48 15 -20
49 13 -14
50 -23 3
51 2 17
52 14 14
53 17 29
54 -15 -9
55 5 -5
56 -14 12
57 -18 28
58 -4 27
59 17 -2
60 16 -14
61 7 6
62 -4 -3
63 -30 -10
64 -23 7
65 1 -19
66 17 6
67 -8 -12
68 -18 -2
69 -22 -22
70 22 23
71 27 7
72 7 22
73 -19 22
74 -27 17
75 -28 3
76 -8 33
77 -5 13
78 8 32
79 23 13
80 23 -8
81 2 34
82 3 11
83 11 -25
84 26 -2
85 27 28
86 28 34
87 -3 -13
88 10 0
89 24 -20
90 -30 -29
91 -25 -18
92 -14 -25
93 -30 29
94 -5 -20
95 4 -25
96 -3 4
97 -10 -3
98 -10 20
99 13 -7
100 21 2
101 6 14
102 0 -18
103 20 10
104 20 -15
105 -20 -5
106 -10 -5
107 -15 15
108 -25 8
109 20 25
110 -5 25
111 -15 30
112 15 0
113 -5 -10
114 -20 -25
115 -5 -30
116 -25 -15
117 -30 -5
118 -15 5
119 -20 25
120 10 30
121 10 -15
122 10 -25
123 20 -30
124 30 0
125 30 -15
126 10 -5
127 0 5
128 6 2
129 29 7
130 5 25
131 -4 17
132 0 34
133 18 17
134 30 20
135 28 30
136 -33 25
137 -15 -15
138 -30 -30
139 25 -23
140 5 -10
141 7 -28
142 -11 -23
143 -12 -32
144 -24 -21
145 -29 3
146 -33 13
147 -27 21
148 -22 17
149 -29 33
150 12 12
151 14 23
152 -8 8
153 2 -4
154 22 -6
155 28 -12
156 18 -23
157 -3 -23
158 1 -9
159 -14 -11
160 -18 -1
161 -23 -11
162 -11 23
163 -8 34
164 -20 42
165 27 42
166 14 38
167 32 -30
168 21 4
169 2 12
170 2 21
171 22 33
172 12 -19
173 9 -18
174 11 -22
175 14 -24
176 14 7
177 18 8
178 26 17
179 22 13
180 21 2
181 20 19
182 -20 12
183 -21 2
184 -24 -4
185 -19 -13
186 -31 -17
187 -7 -17
188 -9 17
189 -9 0
190 -4 32
191 -20 -16
192 -13 -13
193 -17 -11
194 -9 -8
195 -10 -11
196 -13 -8
197 -10 -14
198 -16 -14
199 -15 -9
200 -17 -17
DEMAND_SECTION
1 0
2 44
3 25
4 19
5 32
6 46
7 44
8 29
9 14
10 18
11 11
12 42
13 25
14 28
15 30
16 38
17 21
18 13
19 30
20 44
21 31
22 14
23 35
24 36
25 33
26 41
27 39
28 11
29 41
30 16
31 14
32 44
33 42
34 43
35 18
36 43
37 29
38 41
39 29
40 29
41 43
42 17
43 12
44 35
45 36
46 45
47 21
48 29
49 27
50 43
51 34
52 36
53 36
54 13
55 46
56 39
57 39
58 22
59 38
60 26
61 23
62 45
63 20
64 22
65 21
66 24
67 29
68 44
69 13
70 49
71 44
72 47
73 45
74 43
75 49
76 12
77 23
78 33
79 38
80 32
81 42
82 36
83 21
84 37
85 35
86 49
87 41
88 49
89 42
90 44
91 14
92 42
93 33
94 17
95 47
96 37
97 41
98 40
99 27
100 40
101 14
102 36
103 41
104 40
105 48
106 27
107 18
108 13
109 32
110 22
111 46
112 46
113 36
114 10
115 22
116 37
117 25
118 24
119 43
120 40
121 47
122 23
123 29
124 12
125 25
126 36
127 31
128 48
129 29
130 37
131 28
132 35
133 34
134 41
135 39
136 41
137 33
138 32
139 22
140 22
141 47
142 32
143 34
144 33
145 17
146 36
147 37
148 49
149 18
150 32
151 24
152 29
153 14
154 49
155 27
156 27
157 11
158 37
159 14
160 18
161 31
162 10
163 15
164 11
165 15
166 10
167 40
168 49
169 19
170 11
171 10
172 40
173 28
174 34
175 18
176 34
177 27
178 35
179 31
180 28
181 43
182 36
183 22
184 33
185 20
186 20
187 40
188 43
189 18
190 28
191 26
192 29
193 46
194 46
195 16
196 12
197 33
198 44
199 37
200 22
DEPOT_SECTION
1
-1
EOF