NAME: p10_7090_tsplib0_NORMALIZED
BEST_KNOWN: 0
COMMENT: 0
DIMENSION: 200
CAPACITY: 100
EDGE_WEIGHT_FORMAT: FUNCTION
EDGE_WEIGHT_TYPE: EXACT_2D
NODE_COORD_SECTION
1 0 0
2 -13 -13
3 1 -9
4 -14 10
5 10 0
6 20 -15
7 -2 -1
8 15 15
9 20 10
10 -9 24
11 5 31
12 20 30
13 0 16
14 27 0
15 27 22
16 27 -11
17 -14 1
18 -2 9
19 -26 21
20 27 13
21 31 -21
22 9 -22
23 -9 -22
24 -24 -7
25 -28 8
26 -18 29
27 6 11
28 20 -1
29 0 -19
30 17 -9
31 8 -9
32 -4 41
33 -13 18
34 -9 -6
35 15 5
36 20 15
37 19 -25
38 25 -20
39 12 31
40 -5 25
41 -5 15
42 -23 -18
43 -20 -21
44 -19 -16
45 -14 13
46 15 -5
47 16 7
48 15 -20
49 13 -14
50 -23 3
51 2 17
52 14 14
53 17 29
54 -15 -9
55 5 -5
56 -14 12
57 -18 28
58 -4 27
59 17 -2
60 16 -14
61 7 6
62 -4 -3
63 -30 -10
64 -23 7
65 1 -19
66 17 6
67 -8 -12
68 -18 -2
69 -22 -22
70 22 23
71 27 7
72 7 22
73 -19 22
74 -27 17
75 -28 3
76 -8 33
77 -5 13
78 8 32
79 23 13
80 23 -8
81 2 34
82 3 11
83 11 -25
84 26 -2
85 27 28
86 28 34
87 -3 -13
88 10 0
89 24 -20
90 -30 -29
91 -25 -18
92 -14 -25
93 -30 29
94 -5 -20
95 4 -25
96 -3 4
97 -10 -3
98 -10 20
99 13 -7
100 21 2
101 6 14
102 0 -18
103 20 10
104 20 -15
105 -20 -5
106 -10 -5
107 -15 15
108 -25 8
109 20 25
110 -5 25
111 -15 30
112 15 0
113 -5 -10
114 -20 -25
115 -5 -30
116 -25 -15
117 -30 -5
118 -15 5
119 -20 25
120 10 30
121 10 -15
122 10 -25
123 20 -30
124 30 0
125 30 -15
126 10 -5
127 0 5
128 6 2
129 29 7
130 5 25
131 -4 17
132 0 34
133 18 17
134 30 20
135 28 30
136 -33 25
137 -15 -15
138 -30 -30
139 25 -23
140 5 -10
141 7 -28
142 -11 -23
143 -12 -32
144 -24 -21
145 -29 3
146 -33 13
147 -27 21
148 -22 17
149 -29 33
150 12 12
151 14 23
152 -8 8
153 2 -4
154 22 -6
155 28 -12
156 18 -23
157 -3 -23
158 1 -9
159 -14 -11
160 -18 -1
161 -23 -11
162 -11 23
163 -8 34
164 -20 42
165 27 42
166 14 38
167 32 -30
168 21 4
169 2 12
170 2 21
171 22 33
172 12 -19
173 9 -18
174 11 -22
175 14 -24
176 14 7
177 18 8
178 26 17
179 22 13
180 21 2
181 20 19
182 -20 12
183 -21 2
184 -24 -4
185 -19 -13
186 -31 -17
187 -7 -17
188 -9 17
189 -9 0
190 -4 32
191 -20 -16
192 -13 -13
193 -17 -11
194 -9 -8
195 -10 -11
196 -13 -8
197 -10 -14
198 -16 -14
199 -15 -9
200 -17 -17
DEMAND_SECTION
1 0
2 87
3 77
4 74
5 81
6 88
7 87
8 79
9 72
10 74
11 70
12 86
13 77
14 79
15 80
16 84
17 75
18 71
19 80
20 87
21 80
22 72
23 82
24 83
25 81
26 85
27 84
28 70
29 85
30 73
31 72
32 87
33 86
34 86
35 74
36 86
37 79
38 85
39 79
40 79
41 86
42 73
43 71
44 82
45 83
46 87
47 75
48 79
49 78
50 86
51 82
52 83
53 83
54 71
55 88
56 84
57 84
58 76
59 84
60 78
61 76
62 87
63 75
64 76
65 75
66 77
67 79
68 87
69 71
70 89
71 87
72 88
73 87
74 86
75 89
76 71
77 76
78 81
79 84
80 81
81 86
82 83
83 75
84 83
85 82
86 89
87 85
88 89
89 86
90 87
91 72
92 86
93 81
94 73
95 88
96 83
97 85
98 85
99 78
100 85
101 72
102 83
103 85
104 85
105 89
106 78
107 74
108 71
109 81
110 76
111 88
112 88
113 83
114 70
115 76
116 83
117 77
118 77
119 86
120 85
121 88
122 76
123 79
124 71
125 77
126 83
127 80
128 89
129 79
130 83
131 79
132 82
133 82
134 85
135 84
136 85
137 81
138 81
139 76
140 76
141 88
142 81
143 82
144 81
145 73
146 83
147 83
148 89
149 74
150 81
151 77
152 79
153 72
154 89
155 78
156 78
157 70
158 83
159 72
160 74
161 80
162 70
163 72
164 70
165 72
166 70
167 85
168 89
169 74
170 70
171 70
172 85
173 79
174 82
175 74
176 82
177 78
178 82
179 80
180 79
181 86
182 83
183 76
184 81
185 75
186 75
187 85
188 86
189 74
190 79
191 78
192 79
193 88
194 88
195 73
196 71
197 81
198 87
199 83
200 76
DEPOT_SECTION
1
-1
EOF