NAME: p10_1_NORMALIZED
BEST_KNOWN: 0
COMMENT: 0
DIMENSION: 200
CAPACITY: 100
EDGE_WEIGHT_FORMAT: FUNCTION
EDGE_WEIGHT_TYPE: EXACT_2D
NODE_COORD_SECTION
1 0 0
2 -32 -45
3 -47 21
4 -14 -5
5 -32 -47
6 -23 21
7 -11 14
8 22 -22
9 -26 -9
10 23 -20
11 4 28
12 -13 38
13 -42 -17
14 46 22
15 30 -5
16 10 -31
17 12 -12
18 36 -5
19 -11 -8
20 30 7
21 -1 -12
22 -31 -14
23 0 12
24 47 -38
25 12 -49
26 -10 20
27 4 -28
28 -45 11
29 -46 46
30 12 -40
31 -42 -33
32 -4 47
33 -7 -17
34 10 -42
35 -22 -34
36 -39 -44
37 -35 -49
38 -24 8
39 40 -4
40 -35 -44
41 -2 -35
42 -48 9
43 -24 45
44 -47 -40
45 -1 33
46 14 13
47 -33 -24
48 49 6
49 10 -49
50 -36 42
51 -31 23
52 32 -17
53 17 -33
54 -50 -11
55 23 -16
56 -45 -23
57 -29 8
58 -47 -12
59 22 -3
60 -15 -8
61 -30 -11
62 42 37
63 -30 -14
64 -49 -44
65 3 -46
66 8 -36
67 9 32
68 -27 45
69 -32 -33
70 34 -18
71 23 34
72 -13 49
73 -2 45
74 -46 -31
75 -18 -28
76 7 17
77 20 37
78 45 -32
79 -27 31
80 48 -45
81 28 -46
82 46 32
83 -9 29
84 -6 -5
85 -21 50
86 42 31
87 -23 -36
88 4 20
89 11 35
90 -34 40
91 30 -48
92 -9 -12
93 41 15
94 18 10
95 -13 -12
96 28 11
97 24 7
98 -17 25
99 -44 -31
100 18 -50
101 4 14
102 -34 16
103 -14 -19
104 22 -27
105 -23 49
106 -21 18
107 -46 16
108 -5 19
109 1 21
110 -21 37
111 -28 41
112 0 -22
113 32 -22
114 0 50
115 11 -1
116 -10 -45
117 35 49
118 29 -1
119 48 -3
120 -3 -30
121 32 -33
122 47 -8
123 11 28
124 -37 -25
125 -33 -6
126 -42 -15
127 24 -33
128 -29 -47
129 -22 -17
130 9 8
131 16 -31
132 -25 -37
133 -7 3
134 1 -40
135 -46 -2
136 17 16
137 35 36
138 9 28
139 -38 35
140 17 18
141 2 -13
142 45 -44
143 -44 17
144 24 -30
145 10 -2
146 -1 25
147 38 17
148 7 -33
149 -16 43
150 42 -28
151 -49 32
152 -3 19
153 20 34
154 32 -36
155 -33 11
156 -18 49
157 41 -23
158 24 -42
159 37 13
160 -23 -40
161 -23 4
162 -4 -14
163 15 -33
164 22 -48
165 13 -33
166 23 30
167 -35 7
168 -11 -45
169 -12 46
170 -7 -9
171 10 10
172 -28 33
173 -20 -19
174 27 -6
175 -41 -46
176 27 43
177 -50 7
178 48 -12
179 42 41
180 -4 -45
181 -49 0
182 34 -29
183 12 -31
184 -24 -32
185 -13 -13
186 41 46
187 -12 19
188 9 5
189 -20 38
190 -45 -4
191 -16 7
192 46 -33
193 22 -38
194 -34 30
195 3 17
196 25 -4
197 36 -35
198 35 -38
199 -8 3
200 30 -8
DEMAND_SECTION
1 0
2 42
3 17
4 14
5 44
6 37
7 41
8 49
9 20
10 13
11 46
12 20
13 37
14 27
15 41
16 29
17 39
18 17
19 32
20 45
21 46
22 22
23 29
24 31
25 25
26 12
27 40
28 19
29 18
30 40
31 39
32 50
33 41
34 12
35 25
36 26
37 12
38 18
39 48
40 49
41 41
42 46
43 39
44 44
45 23
46 25
47 24
48 43
49 25
50 39
51 37
52 14
53 36
54 42
55 17
56 12
57 31
58 33
59 25
60 33
61 22
62 23
63 28
64 49
65 47
66 31
67 49
68 31
69 16
70 46
71 32
72 25
73 22
74 13
75 48
76 28
77 39
78 16
79 17
80 28
81 49
82 36
83 15
84 39
85 26
86 45
87 21
88 37
89 35
90 47
91 50
92 33
93 33
94 35
95 46
96 25
97 37
98 25
99 32
100 39
101 31
102 27
103 30
104 48
105 18
106 25
107 14
108 42
109 31
110 27
111 16
112 39
113 25
114 15
115 26
116 43
117 21
118 47
119 33
120 49
121 39
122 20
123 37
124 39
125 22
126 40
127 39
128 39
129 41
130 48
131 44
132 42
133 48
134 16
135 21
136 17
137 33
138 33
139 45
140 22
141 27
142 48
143 32
144 43
145 31
146 14
147 44
148 14
149 40
150 42
151 17
152 26
153 48
154 41
155 39
156 49
157 19
158 18
159 41
160 19
161 47
162 27
163 13
164 24
165 21
166 35
167 33
168 48
169 24
170 18
171 36
172 35
173 35
174 25
175 43
176 21
177 23
178 28
179 22
180 46
181 15
182 43
183 40
184 14
185 48
186 14
187 43
188 18
189 42
190 12
191 48
192 36
193 24
194 33
195 14
196 38
197 25
198 14
199 26
200 17
DEPOT_SECTION
1
-1
EOF