NAME: p10_5_NORMALIZED
BEST_KNOWN: 0
COMMENT: 0
DIMENSION: 200
CAPACITY: 100
EDGE_WEIGHT_FORMAT: FUNCTION
EDGE_WEIGHT_TYPE: EXACT_2D
NODE_COORD_SECTION
1 0 0
2 49 -17
3 -50 32
4 -12 21
5 -44 27
6 -42 -20
7 -13 49
8 -2 -28
9 17 -19
10 14 34
11 -14 6
12 32 28
13 15 -48
14 -14 -10
15 -24 -17
16 32 27
17 -34 41
18 8 -3
19 -22 12
20 11 30
21 12 -27
22 14 24
23 2 32
24 -39 -29
25 -44 35
26 29 26
27 2 30
28 -39 10
29 7 -18
30 -22 38
31 -34 -25
32 11 -10
33 7 2
34 19 31
35 2 -19
36 16 38
37 -35 47
38 7 -7
39 11 36
40 -49 5
41 11 -37
42 -18 39
43 -11 50
44 21 -33
45 -20 39
46 24 -46
47 -2 -26
48 18 -32
49 5 -6
50 25 34
51 -32 4
52 46 49
53 -41 41
54 -13 -2
55 -21 30
56 -2 46
57 -22 46
58 32 8
59 44 -23
60 25 33
61 -2 20
62 11 26
63 31 50
64 -10 33
65 0 -43
66 -7 9
67 43 -47
68 26 -11
69 48 -34
70 38 39
71 -18 -24
72 11 -44
73 -2 -31
74 13 -48
75 16 -17
76 -42 20
77 -36 -31
78 36 49
79 -39 -2
80 10 22
81 34 -27
82 10 -49
83 41 -11
84 41 45
85 -13 -1
86 -37 -6
87 -41 -14
88 -10 -3
89 42 -25
90 -2 -5
91 -42 -35
92 17 24
93 -27 16
94 -14 -32
95 -8 -35
96 42 35
97 33 33
98 -8 -37
99 -46 -50
100 37 50
101 -11 -47
102 6 46
103 -14 -18
104 -26 -37
105 38 -40
106 -34 46
107 -44 25
108 27 2
109 -36 -26
110 -39 41
111 17 22
112 1 -49
113 -50 3
114 35 5
115 -4 -16
116 -15 3
117 9 -12
118 23 39
119 -37 6
120 -12 -37
121 25 25
122 -42 -13
123 -34 -11
124 25 21
125 28 5
126 9 36
127 20 -5
128 0 -5
129 -24 35
130 -29 -1
131 11 18
132 3 -11
133 -42 -3
134 26 -24
135 -50 -5
136 40 0
137 49 -23
138 8 32
139 33 -40
140 2 -39
141 -8 -46
142 -13 29
143 40 7
144 -50 40
145 -46 -36
146 17 -24
147 13 7
148 26 -49
149 -14 50
150 42 -30
151 -1 13
152 -43 0
153 -25 33
154 -50 -47
155 -49 -3
156 6 49
157 40 -22
158 -32 -49
159 -40 48
160 -46 -42
161 -19 29
162 11 -45
163 40 -6
164 7 -19
165 45 36
166 -24 36
167 25 25
168 -26 24
169 -16 -4
170 33 3
171 -22 -43
172 -22 22
173 -2 -18
174 33 -17
175 -6 -4
176 33 -7
177 32 -29
178 1 27
179 19 -50
180 11 6
181 -21 1
182 -49 -30
183 49 -38
184 27 -49
185 12 -29
186 -31 -31
187 50 -29
188 28 -33
189 -50 -41
190 42 34
191 11 49
192 4 25
193 -6 12
194 -18 -48
195 5 40
196 -40 -14
197 -15 -6
198 16 -15
199 -3 27
200 -10 -40
DEMAND_SECTION
1 0
2 39
3 28
4 25
5 23
6 25
7 39
8 33
9 22
10 33
11 19
12 17
13 15
14 50
15 39
16 27
17 43
18 28
19 44
20 46
21 40
22 27
23 18
24 19
25 18
26 49
27 26
28 30
29 14
30 18
31 41
32 18
33 32
34 43
35 27
36 40
37 44
38 24
39 32
40 37
41 45
42 47
43 47
44 45
45 35
46 13
47 31
48 46
49 17
50 20
51 39
52 18
53 44
54 23
55 38
56 47
57 43
58 24
59 47
60 24
61 41
62 32
63 18
64 28
65 46
66 31
67 21
68 32
69 44
70 50
71 14
72 17
73 34
74 47
75 18
76 19
77 46
78 35
79 21
80 36
81 16
82 41
83 16
84 43
85 25
86 48
87 13
88 49
89 49
90 22
91 31
92 33
93 36
94 49
95 35
96 18
97 25
98 29
99 28
100 14
101 48
102 47
103 16
104 42
105 30
106 34
107 48
108 35
109 35
110 36
111 36
112 14
113 40
114 24
115 24
116 42
117 47
118 12
119 26
120 34
121 25
122 39
123 29
124 42
125 45
126 29
127 34
128 19
129 36
130 31
131 33
132 45
133 23
134 25
135 50
136 39
137 20
138 23
139 21
140 37
141 44
142 46
143 18
144 30
145 29
146 40
147 34
148 44
149 32
150 43
151 47
152 27
153 28
154 40
155 32
156 21
157 16
158 43
159 41
160 30
161 37
162 39
163 47
164 15
165 35
166 15
167 22
168 32
169 26
170 31
171 12
172 26
173 35
174 47
175 14
176 28
177 48
178 28
179 35
180 22
181 46
182 19
183 50
184 49
185 25
186 45
187 41
188 30
189 22
190 44
191 38
192 44
193 25
194 34
195 26
196 27
197 14
198 35
199 41
200 22
DEPOT_SECTION
1
-1
EOF