NAME: p10_2_NORMALIZED
BEST_KNOWN: 0
COMMENT: 0
DIMENSION: 200
CAPACITY: 100
EDGE_WEIGHT_FORMAT: FUNCTION
EDGE_WEIGHT_TYPE: EXACT_2D
NODE_COORD_SECTION
1 0 0
2 28 -46
3 11 -26
4 20 12
5 44 -40
6 -36 20
7 -40 28
8 -35 -1
9 -34 -10
10 15 25
11 50 14
12 21 -22
13 -38 42
14 -2 -37
15 21 7
16 47 -21
17 35 -6
18 2 21
19 -3 -1
20 22 -37
21 -44 -1
22 5 18
23 33 16
24 -47 35
25 -49 14
26 15 -48
27 0 43
28 -47 -32
29 -5 -2
30 30 -8
31 40 37
32 44 3
33 -31 18
34 -29 23
35 -40 43
36 6 -19
37 -20 34
38 48 4
39 -2 2
40 10 16
41 4 14
42 -7 -37
43 48 -5
44 48 -11
45 -10 31
46 35 45
47 -10 -7
48 42 43
49 24 -48
50 33 -5
51 -3 -22
52 -10 34
53 40 -8
54 -5 27
55 -35 12
56 -30 -35
57 -11 43
58 2 44
59 30 -9
60 25 -16
61 -35 -2
62 37 32
63 -15 -42
64 -13 12
65 0 -16
66 -47 -30
67 -33 -14
68 -36 -28
69 -3 -21
70 21 47
71 23 -2
72 -42 -7
73 -13 33
74 33 -37
75 0 46
76 5 -24
77 -1 21
78 -49 14
79 -37 4
80 -45 29
81 42 25
82 8 -50
83 -25 5
84 13 8
85 -1 -23
86 -5 -40
87 13 43
88 43 30
89 -48 23
90 -1 -2
91 -46 -12
92 49 7
93 28 28
94 -42 32
95 31 -45
96 32 -10
97 -5 41
98 8 2
99 40 3
100 -44 -26
101 9 -44
102 -29 -19
103 -2 -43
104 -39 9
105 -31 -3
106 -44 43
107 -41 -21
108 1 47
109 -36 -39
110 -26 36
111 -23 6
112 -19 -16
113 -7 12
114 19 21
115 10 -10
116 -29 25
117 42 -11
118 24 -48
119 40 -36
120 14 -4
121 -50 11
122 -27 -41
123 22 46
124 49 -37
125 28 -17
126 -28 -10
127 -40 4
128 -3 -32
129 -35 21
130 -1 21
131 -43 -50
132 -46 6
133 22 -4
134 12 -11
135 13 9
136 -44 -5
137 4 14
138 44 -36
139 48 44
140 -30 -40
141 0 -48
142 -45 -28
143 -25 9
144 6 -38
145 -25 -9
146 35 -9
147 37 29
148 4 3
149 -34 -16
150 -18 24
151 47 7
152 42 -29
153 4 -28
154 31 -37
155 11 23
156 45 -46
157 -2 4
158 -28 -17
159 -36 -18
160 -23 -13
161 46 20
162 -33 3
163 -19 10
164 -28 -42
165 -14 28
166 30 24
167 -24 32
168 27 -38
169 33 12
170 13 -24
171 -25 1
172 32 47
173 17 19
174 -49 -37
175 36 2
176 4 43
177 -31 29
178 15 47
179 39 -29
180 10 46
181 18 20
182 43 -49
183 -19 22
184 8 5
185 -12 -25
186 -42 -33
187 -30 -33
188 36 32
189 50 8
190 -36 19
191 -27 -6
192 1 30
193 14 0
194 18 19
195 -47 -46
196 37 -26
197 10 24
198 25 -38
199 44 20
200 -10 -3
DEMAND_SECTION
1 0
2 48
3 15
4 34
5 17
6 14
7 34
8 23
9 38
10 17
11 44
12 42
13 18
14 29
15 31
16 38
17 24
18 44
19 49
20 36
21 13
22 35
23 18
24 50
25 17
26 44
27 31
28 18
29 41
30 31
31 21
32 26
33 23
34 44
35 47
36 18
37 37
38 47
39 34
40 30
41 41
42 48
43 26
44 15
45 34
46 45
47 33
48 27
49 45
50 48
51 47
52 44
53 46
54 27
55 13
56 41
57 30
58 33
59 34
60 30
61 13
62 38
63 45
64 22
65 14
66 24
67 16
68 13
69 46
70 35
71 48
72 47
73 31
74 31
75 41
76 23
77 47
78 20
79 23
80 21
81 21
82 33
83 29
84 35
85 23
86 29
87 45
88 35
89 13
90 40
91 29
92 12
93 49
94 35
95 12
96 28
97 27
98 17
99 19
100 41
101 16
102 20
103 15
104 25
105 31
106 19
107 13
108 32
109 21
110 22
111 14
112 29
113 31
114 24
115 23
116 23
117 17
118 28
119 27
120 44
121 48
122 22
123 15
124 39
125 43
126 19
127 38
128 14
129 24
130 18
131 26
132 41
133 40
134 18
135 14
136 35
137 29
138 19
139 19
140 27
141 20
142 23
143 16
144 37
145 43
146 37
147 35
148 23
149 48
150 32
151 22
152 34
153 33
154 40
155 33
156 40
157 14
158 47
159 45
160 32
161 48
162 48
163 44
164 20
165 16
166 21
167 33
168 42
169 24
170 24
171 47
172 50
173 35
174 23
175 12
176 47
177 15
178 36
179 42
180 49
181 41
182 33
183 13
184 40
185 21
186 49
187 34
188 39
189 42
190 19
191 42
192 47
193 20
194 30
195 22
196 36
197 42
198 33
199 17
200 29
DEPOT_SECTION
1
-1
EOF