NAME: p10_20_NORMALIZED
BEST_KNOWN: 0
COMMENT: 0
DIMENSION: 200
CAPACITY: 100
EDGE_WEIGHT_FORMAT: FUNCTION
EDGE_WEIGHT_TYPE: EXACT_2D
NODE_COORD_SECTION
1 0 0
2 -38 12
3 30 11
4 -15 -2
5 -21 -35
6 5 8
7 4 -50
8 -40 -26
9 -2 14
10 16 -42
11 4 -3
12 -23 -48
13 10 3
14 41 -31
15 18 -37
16 -21 -27
17 -33 10
18 -49 -35
19 23 -41
20 41 29
21 30 -4
22 4 -13
23 -49 -15
24 34 2
25 16 40
26 5 -46
27 -1 -4
28 -23 -16
29 3 -43
30 -24 -23
31 -15 -40
32 1 40
33 43 -46
34 -3 44
35 24 34
36 32 -37
37 -34 -50
38 -14 50
39 -16 48
40 -6 16
41 -48 49
42 17 43
43 50 -34
44 41 45
45 12 -11
46 16 50
47 -38 -10
48 34 47
49 -11 2
50 25 -29
51 35 -34
52 45 11
53 -23 -12
54 -10 -13
55 -10 37
56 20 -32
57 -28 -15
58 33 -9
59 -39 -8
60 46 -19
61 12 22
62 34 1
63 -2 -50
64 36 -29
65 -36 -5
66 -38 5
67 -19 43
68 8 18
69 -33 14
70 21 5
71 -27 -7
72 -49 4
73 -21 -48
74 7 -1
75 -45 8
76 25 -41
77 13 -20
78 -30 15
79 -7 -13
80 -32 36
81 29 -22
82 -11 -18
83 -39 -44
84 5 47
85 26 8
86 29 36
87 -33 37
88 -1 29
89 -5 -33
90 -50 -20
91 2 -49
92 39 -7
93 -34 -17
94 0 -19
95 -41 25
96 -24 35
97 -37 -23
98 19 -44
99 -27 -15
100 -12 -23
101 -43 23
102 -38 -13
103 33 26
104 14 -30
105 40 -39
106 23 35
107 -30 27
108 -10 -17
109 -1 40
110 43 21
111 10 7
112 -28 24
113 -37 33
114 -6 -13
115 -22 -45
116 -40 -2
117 -28 11
118 11 -24
119 44 -41
120 5 -35
121 -9 -45
122 -17 -48
123 -21 -33
124 33 9
125 23 17
126 -30 -33
127 20 -8
128 19 -17
129 -7 -41
130 30 34
131 -36 0
132 14 -18
133 50 -8
134 -48 5
135 41 -7
136 -35 -5
137 -7 -38
138 27 -30
139 -41 -19
140 4 30
141 43 -42
142 18 32
143 -25 44
144 33 -46
145 25 -28
146 4 -36
147 -44 -32
148 11 -5
149 -35 -1
150 -50 18
151 -19 13
152 16 30
153 21 9
154 32 6
155 -2 -39
156 41 -39
157 43 -36
158 -31 -15
159 33 32
160 -38 43
161 -18 0
162 23 -33
163 49 -4
164 -33 14
165 -41 23
166 -32 7
167 32 -29
168 -29 -27
169 15 42
170 -50 -12
171 8 -11
172 41 -17
173 2 40
174 -6 50
175 19 22
176 -15 16
177 24 -20
178 9 -8
179 -10 12
180 28 -33
181 -18 1
182 26 3
183 46 -21
184 -25 12
185 -46 -15
186 47 48
187 -33 -23
188 27 -27
189 -42 16
190 -17 30
191 5 18
192 -2 -8
193 31 -22
194 -6 -10
195 12 19
196 35 47
197 -39 -38
198 -29 22
199 41 45
200 19 28
DEMAND_SECTION
1 0
2 29
3 50
4 36
5 36
6 15
7 34
8 49
9 24
10 44
11 22
12 14
13 41
14 14
15 43
16 13
17 28
18 49
19 34
20 21
21 38
22 21
23 47
24 27
25 19
26 49
27 24
28 18
29 26
30 41
31 31
32 48
33 43
34 17
35 19
36 33
37 15
38 13
39 17
40 14
41 39
42 35
43 49
44 17
45 30
46 24
47 23
48 22
49 44
50 46
51 16
52 12
53 17
54 40
55 19
56 41
57 50
58 29
59 21
60 45
61 48
62 48
63 46
64 29
65 24
66 36
67 17
68 16
69 39
70 18
71 40
72 49
73 21
74 47
75 31
76 13
77 46
78 46
79 41
80 31
81 25
82 32
83 37
84 32
85 24
86 40
87 15
88 49
89 19
90 38
91 45
92 35
93 45
94 50
95 49
96 34
97 45
98 33
99 35
100 31
101 33
102 31
103 29
104 18
105 17
106 34
107 49
108 40
109 39
110 15
111 46
112 38
113 47
114 25
115 37
116 35
117 16
118 19
119 38
120 50
121 18
122 37
123 37
124 47
125 40
126 37
127 34
128 38
129 29
130 19
131 27
132 20
133 21
134 30
135 44
136 36
137 21
138 22
139 21
140 48
141 44
142 46
143 18
144 23
145 50
146 14
147 15
148 44
149 35
150 27
151 16
152 38
153 13
154 13
155 39
156 42
157 40
158 40
159 42
160 45
161 22
162 27
163 19
164 49
165 23
166 19
167 27
168 32
169 17
170 34
171 44
172 19
173 14
174 40
175 41
176 15
177 17
178 15
179 24
180 32
181 21
182 14
183 45
184 41
185 22
186 25
187 35
188 43
189 50
190 30
191 17
192 15
193 16
194 38
195 38
196 34
197 34
198 20
199 48
200 28
DEPOT_SECTION
1
-1
EOF