NAME: p10_17_NORMALIZED
BEST_KNOWN: 0
COMMENT: 0
DIMENSION: 200
CAPACITY: 100
EDGE_WEIGHT_FORMAT: FUNCTION
EDGE_WEIGHT_TYPE: EXACT_2D
NODE_COORD_SECTION
1 0 0
2 24 -48
3 -20 -30
4 -7 -1
5 26 -35
6 11 28
7 -33 -6
8 -23 27
9 29 39
10 19 44
11 14 19
12 -4 38
13 -28 45
14 30 22
15 -49 3
16 -13 -9
17 9 6
18 44 -45
19 5 43
20 20 9
21 27 22
22 22 6
23 -19 1
24 18 16
25 4 7
26 -21 -20
27 35 19
28 50 -16
29 49 10
30 -32 -33
31 -50 43
32 47 18
33 -2 5
34 46 -14
35 -31 1
36 -48 13
37 27 9
38 -37 -46
39 -12 34
40 27 -20
41 -3 -25
42 10 -1
43 34 18
44 -9 -37
45 0 -15
46 -6 -13
47 -32 -45
48 8 47
49 -25 -27
50 -20 47
51 -12 -29
52 -45 -43
53 -13 -28
54 27 -13
55 45 -49
56 34 -31
57 12 27
58 49 -14
59 31 -40
60 -50 36
61 -9 40
62 -39 -23
63 -6 -31
64 21 20
65 -16 -17
66 4 -12
67 17 -6
68 -46 35
69 20 -39
70 33 -8
71 -9 16
72 -6 24
73 -50 -50
74 43 32
75 -34 -42
76 -22 28
77 -40 -35
78 11 -37
79 -31 42
80 29 -45
81 14 45
82 -48 28
83 40 41
84 27 -20
85 -38 4
86 -44 -47
87 -45 -34
88 3 -27
89 -32 45
90 16 18
91 -24 45
92 -1 30
93 14 -47
94 -36 29
95 13 -43
96 -31 43
97 19 -19
98 -34 -26
99 17 8
100 25 20
101 50 -6
102 43 -15
103 20 -22
104 -19 24
105 -15 46
106 5 0
107 43 -21
108 38 -18
109 43 -47
110 -8 -15
111 -7 0
112 38 -45
113 -11 14
114 -47 1
115 46 -27
116 0 -24
117 -17 -15
118 -34 6
119 -20 3
120 47 -32
121 -50 28
122 26 -27
123 -50 -38
124 3 26
125 34 47
126 37 -2
127 -22 -42
128 39 -14
129 36 20
130 -33 46
131 47 -15
132 3 -16
133 19 -25
134 34 -26
135 -50 24
136 -49 -9
137 -29 -26
138 -48 40
139 3 36
140 38 7
141 -44 19
142 7 41
143 42 14
144 13 17
145 -45 25
146 -8 -42
147 40 -22
148 11 17
149 29 -50
150 10 50
151 37 -46
152 -39 31
153 20 -21
154 -45 -8
155 -26 -47
156 31 8
157 19 13
158 -37 5
159 -18 4
160 47 32
161 5 -39
162 -20 -19
163 -29 6
164 38 10
165 -46 -6
166 27 20
167 -14 -7
168 -11 -19
169 -20 -38
170 18 19
171 29 -16
172 24 45
173 43 -21
174 4 -17
175 49 44
176 -30 -50
177 46 -16
178 5 32
179 -5 -9
180 46 31
181 -25 43
182 5 -6
183 -41 -40
184 27 23
185 -35 -6
186 5 -3
187 8 -48
188 -46 -13
189 27 14
190 28 5
191 -29 -44
192 21 17
193 -16 21
194 41 14
195 28 40
196 7 -24
197 27 22
198 -7 15
199 -38 5
200 44 43
DEMAND_SECTION
1 0
2 40
3 18
4 34
5 19
6 19
7 45
8 38
9 19
10 48
11 16
12 32
13 48
14 31
15 37
16 22
17 19
18 46
19 31
20 16
21 50
22 38
23 40
24 41
25 45
26 26
27 37
28 18
29 14
30 29
31 42
32 22
33 38
34 16
35 16
36 28
37 33
38 23
39 31
40 26
41 36
42 37
43 33
44 38
45 19
46 41
47 31
48 32
49 29
50 41
51 31
52 21
53 39
54 34
55 18
56 38
57 12
58 38
59 22
60 21
61 40
62 40
63 13
64 39
65 33
66 29
67 47
68 27
69 29
70 20
71 38
72 49
73 40
74 22
75 43
76 32
77 37
78 17
79 45
80 48
81 13
82 44
83 37
84 14
85 21
86 36
87 23
88 14
89 18
90 46
91 29
92 45
93 17
94 24
95 27
96 23
97 43
98 34
99 30
100 44
101 40
102 32
103 27
104 39
105 13
106 14
107 21
108 16
109 40
110 22
111 43
112 37
113 38
114 46
115 27
116 40
117 27
118 45
119 28
120 44
121 48
122 28
123 36
124 14
125 26
126 29
127 28
128 14
129 49
130 42
131 23
132 14
133 14
134 18
135 46
136 41
137 38
138 35
139 40
140 20
141 15
142 40
143 15
144 43
145 44
146 42
147 13
148 46
149 45
150 14
151 43
152 17
153 38
154 37
155 40
156 27
157 40
158 35
159 27
160 48
161 46
162 41
163 24
164 48
165 36
166 32
167 48
168 34
169 36
170 23
171 39
172 28
173 34
174 33
175 21
176 31
177 37
178 36
179 30
180 26
181 24
182 33
183 12
184 45
185 14
186 17
187 29
188 27
189 45
190 35
191 44
192 37
193 41
194 22
195 27
196 19
197 30
198 38
199 19
200 39
DEPOT_SECTION
1
-1
EOF