NAME: p10_16_NORMALIZED
BEST_KNOWN: 0
COMMENT: 0
DIMENSION: 200
CAPACITY: 100
EDGE_WEIGHT_FORMAT: FUNCTION
EDGE_WEIGHT_TYPE: EXACT_2D
NODE_COORD_SECTION
1 0 0
2 44 -3
3 26 23
4 6 43
5 -33 29
6 5 25
7 -44 10
8 18 -9
9 -7 -1
10 32 -19
11 -35 20
12 -41 -28
13 13 25
14 -10 -16
15 -46 -3
16 -16 39
17 15 -50
18 14 20
19 -16 48
20 15 20
21 14 -1
22 -6 13
23 48 13
24 -15 -10
25 39 -4
26 -43 45
27 19 15
28 43 -5
29 -20 35
30 45 44
31 -47 10
32 -21 45
33 29 -36
34 -26 -7
35 -37 -8
36 26 -16
37 -27 -3
38 -43 37
39 45 5
40 -27 -47
41 -39 0
42 40 -36
43 -42 29
44 0 36
45 -39 20
46 -16 -15
47 24 39
48 16 -22
49 -10 -36
50 -13 -10
51 44 -30
52 21 49
53 18 -30
54 -18 26
55 25 -38
56 -40 25
57 -31 44
58 26 -16
59 0 -20
60 20 37
61 -36 8
62 -9 9
63 -13 38
64 -3 -16
65 40 -23
66 -12 46
67 36 26
68 -44 43
69 -24 -49
70 -11 49
71 -30 24
72 14 20
73 47 45
74 -4 -21
75 -35 14
76 8 -13
77 -42 49
78 -11 29
79 15 -15
80 17 -15
81 -46 -22
82 -39 -37
83 -43 -36
84 13 -31
85 -21 -18
86 48 47
87 -50 -50
88 -36 48
89 31 -32
90 9 -49
91 -33 -44
92 26 -50
93 -9 16
94 -6 7
95 13 29
96 0 13
97 27 43
98 17 34
99 40 -1
100 20 -24
101 18 -24
102 48 0
103 30 -50
104 18 14
105 -7 -24
106 18 -10
107 35 -5
108 9 -7
109 40 1
110 35 38
111 7 -1
112 50 12
113 47 -29
114 48 18
115 34 22
116 12 -14
117 -14 -30
118 -1 -49
119 48 -13
120 -22 31
121 25 15
122 -50 30
123 -29 -24
124 -32 -35
125 41 34
126 25 -33
127 -8 -38
128 -21 22
129 46 47
130 -35 -24
131 0 -14
132 -47 30
133 -15 26
134 -8 1
135 25 -1
136 9 -34
137 35 14
138 -36 -9
139 17 28
140 -48 5
141 41 -19
142 31 40
143 -20 12
144 -28 -39
145 -7 -35
146 -43 34
147 -43 -6
148 -50 -9
149 41 6
150 -33 42
151 -5 -19
152 14 -18
153 25 -47
154 36 32
155 44 43
156 -46 10
157 19 -21
158 -49 -37
159 -30 27
160 29 42
161 21 29
162 7 40
163 -11 -21
164 3 18
165 16 -17
166 -13 -25
167 -33 -10
168 39 5
169 17 6
170 23 42
171 45 14
172 37 27
173 42 -1
174 35 -41
175 -12 30
176 -46 25
177 5 2
178 32 -40
179 -45 -43
180 1 -10
181 40 4
182 49 20
183 32 38
184 43 -4
185 0 -18
186 -47 -35
187 13 -43
188 3 26
189 -35 -12
190 -44 24
191 -33 26
192 48 47
193 10 29
194 -49 -29
195 -34 21
196 50 -19
197 -50 33
198 -14 50
199 20 42
200 -46 -28
DEMAND_SECTION
1 0
2 14
3 18
4 32
5 19
6 50
7 29
8 26
9 23
10 34
11 24
12 46
13 19
14 29
15 43
16 37
17 14
18 50
19 49
20 31
21 45
22 12
23 33
24 24
25 49
26 28
27 25
28 36
29 44
30 47
31 32
32 14
33 37
34 32
35 36
36 12
37 38
38 18
39 39
40 42
41 16
42 22
43 23
44 27
45 42
46 20
47 26
48 15
49 20
50 27
51 18
52 17
53 49
54 16
55 43
56 38
57 34
58 37
59 38
60 48
61 22
62 14
63 24
64 22
65 35
66 24
67 44
68 32
69 44
70 44
71 17
72 20
73 17
74 20
75 42
76 20
77 49
78 42
79 22
80 50
81 20
82 42
83 28
84 31
85 39
86 39
87 33
88 31
89 21
90 43
91 42
92 13
93 27
94 18
95 26
96 14
97 47
98 40
99 44
100 50
101 38
102 34
103 46
104 20
105 15
106 14
107 25
108 38
109 42
110 44
111 39
112 31
113 23
114 41
115 48
116 21
117 38
118 44
119 24
120 20
121 21
122 33
123 37
124 42
125 40
126 24
127 33
128 32
129 23
130 46
131 19
132 25
133 32
134 34
135 47
136 41
137 45
138 14
139 15
140 23
141 14
142 27
143 19
144 47
145 33
146 34
147 17
148 16
149 32
150 21
151 46
152 31
153 26
154 37
155 21
156 43
157 47
158 38
159 32
160 37
161 33
162 27
163 14
164 21
165 42
166 22
167 25
168 18
169 48
170 44
171 44
172 24
173 14
174 25
175 47
176 40
177 16
178 23
179 40
180 21
181 15
182 24
183 50
184 42
185 16
186 39
187 28
188 45
189 22
190 48
191 43
192 13
193 22
194 17
195 14
196 46
197 31
198 32
199 43
200 42
DEPOT_SECTION
1
-1
EOF