NAME: p10_14_NORMALIZED
BEST_KNOWN: 0
COMMENT: 0
DIMENSION: 200
CAPACITY: 100
EDGE_WEIGHT_FORMAT: FUNCTION
EDGE_WEIGHT_TYPE: EXACT_2D
NODE_COORD_SECTION
1 0 0
2 -34 -2
3 -18 38
4 -43 36
5 -30 5
6 -20 -17
7 3 8
8 -42 -49
9 -7 30
10 -38 37
11 18 23
12 -46 5
13 -26 -41
14 -43 -21
15 25 33
16 -28 30
17 -5 -1
18 -34 23
19 12 -33
20 35 -38
21 38 -16
22 18 47
23 -4 -35
24 47 6
25 29 14
26 38 -29
27 15 -28
28 -1 18
29 -43 -37
30 20 32
31 -23 -26
32 16 49
33 -30 -30
34 -3 -29
35 -40 45
36 -11 -48
37 -31 -37
38 -13 -27
39 -39 22
40 -41 30
41 -30 -13
42 -33 44
43 -15 -7
44 18 46
45 19 -38
46 36 -4
47 -38 -1
48 9 34
49 33 27
50 -6 -18
51 -43 -43
52 49 40
53 12 -2
54 -48 -13
55 35 -34
56 -42 9
57 -30 -33
58 42 -35
59 10 24
60 -30 32
61 -39 39
62 41 -25
63 -5 36
64 -21 29
65 -1 -6
66 -23 32
67 9 50
68 -37 33
69 -31 -24
70 -28 11
71 33 25
72 40 -17
73 24 -46
74 41 -23
75 33 13
76 -45 -48
77 -46 -7
78 -4 40
79 1 -19
80 1 16
81 -6 -50
82 -13 12
83 44 33
84 2 -46
85 -11 35
86 -40 3
87 -41 -20
88 -31 -25
89 6 36
90 -31 -45
91 -46 -21
92 44 0
93 -16 -44
94 -34 24
95 5 17
96 -26 41
97 -42 28
98 33 12
99 11 48
100 44 -45
101 -41 40
102 -41 9
103 -14 -33
104 -33 43
105 5 -20
106 47 2
107 49 -4
108 -40 -13
109 -41 -45
110 -48 -14
111 -42 29
112 9 -26
113 48 31
114 -14 -25
115 22 -24
116 -44 -30
117 -12 23
118 -8 -40
119 -23 -1
120 6 -38
121 29 31
122 35 -42
123 10 -5
124 -14 19
125 -32 -24
126 48 -1
127 26 34
128 20 -48
129 -24 -28
130 10 -8
131 27 49
132 38 -40
133 12 20
134 -4 -21
135 -12 -18
136 8 -45
137 21 31
138 43 -2
139 -28 -12
140 30 0
141 -6 19
142 30 -37
143 -49 37
144 14 -1
145 22 -3
146 -17 43
147 14 0
148 38 -14
149 15 -38
150 17 21
151 35 -34
152 41 -48
153 34 18
154 -37 39
155 44 34
156 -1 33
157 -12 29
158 -50 0
159 12 -7
160 4 -15
161 46 10
162 0 -42
163 0 13
164 4 5
165 -22 27
166 -45 -2
167 43 23
168 16 -2
169 -7 44
170 -35 -8
171 5 0
172 23 -9
173 20 -8
174 17 -17
175 30 -31
176 -21 -2
177 34 43
178 -25 30
179 7 39
180 -3 -27
181 -39 -36
182 -46 19
183 -46 -30
184 -32 21
185 -6 -9
186 -32 -41
187 0 -28
188 27 -50
189 -26 -18
190 -26 -5
191 -11 -46
192 42 33
193 34 28
194 -14 -31
195 -32 0
196 5 38
197 -45 -17
198 -46 -13
199 -13 50
200 -14 -43
DEMAND_SECTION
1 0
2 38
3 39
4 48
5 40
6 40
7 12
8 45
9 17
10 24
11 18
12 29
13 43
14 15
15 20
16 18
17 47
18 44
19 35
20 23
21 14
22 42
23 18
24 17
25 28
26 48
27 38
28 29
29 12
30 16
31 20
32 15
33 45
34 36
35 41
36 34
37 18
38 19
39 29
40 18
41 18
42 24
43 42
44 38
45 22
46 19
47 48
48 33
49 46
50 16
51 38
52 47
53 33
54 50
55 33
56 31
57 36
58 36
59 12
60 23
61 35
62 31
63 33
64 44
65 14
66 36
67 14
68 14
69 36
70 38
71 47
72 25
73 28
74 25
75 40
76 20
77 12
78 45
79 31
80 50
81 29
82 31
83 41
84 44
85 38
86 31
87 49
88 35
89 20
90 39
91 47
92 23
93 23
94 37
95 15
96 32
97 39
98 19
99 23
100 29
101 25
102 26
103 33
104 35
105 37
106 13
107 23
108 19
109 48
110 39
111 32
112 39
113 44
114 48
115 37
116 44
117 39
118 39
119 19
120 17
121 15
122 50
123 21
124 32
125 15
126 19
127 49
128 26
129 46
130 50
131 50
132 15
133 46
134 44
135 20
136 17
137 17
138 15
139 38
140 20
141 49
142 18
143 25
144 15
145 22
146 36
147 33
148 38
149 30
150 29
151 49
152 31
153 41
154 34
155 13
156 15
157 31
158 49
159 45
160 40
161 22
162 49
163 44
164 18
165 43
166 23
167 23
168 25
169 50
170 47
171 38
172 17
173 16
174 20
175 36
176 37
177 23
178 29
179 39
180 23
181 44
182 38
183 44
184 34
185 18
186 18
187 48
188 29
189 22
190 21
191 18
192 16
193 41
194 33
195 31
196 27
197 36
198 19
199 32
200 24
DEPOT_SECTION
1
-1
EOF