NAME: p10_00_tsplib0_NORMALIZED
BEST_KNOWN: 0
COMMENT: 0
DIMENSION: 200
CAPACITY: 100
EDGE_WEIGHT_FORMAT: FUNCTION
EDGE_WEIGHT_TYPE: EXACT_2D
NODE_COORD_SECTION
1 0 0
2 -13 -13
3 1 -9
4 -14 10
5 10 0
6 20 -15
7 -2 -1
8 15 15
9 20 10
10 -9 24
11 5 31
12 20 30
13 0 16
14 27 0
15 27 22
16 27 -11
17 -14 1
18 -2 9
19 -26 21
20 27 13
21 31 -21
22 9 -22
23 -9 -22
24 -24 -7
25 -28 8
26 -18 29
27 6 11
28 20 -1
29 0 -19
30 17 -9
31 8 -9
32 -4 41
33 -13 18
34 -9 -6
35 15 5
36 20 15
37 19 -25
38 25 -20
39 12 31
40 -5 25
41 -5 15
42 -23 -18
43 -20 -21
44 -19 -16
45 -14 13
46 15 -5
47 16 7
48 15 -20
49 13 -14
50 -23 3
51 2 17
52 14 14
53 17 29
54 -15 -9
55 5 -5
56 -14 12
57 -18 28
58 -4 27
59 17 -2
60 16 -14
61 7 6
62 -4 -3
63 -30 -10
64 -23 7
65 1 -19
66 17 6
67 -8 -12
68 -18 -2
69 -22 -22
70 22 23
71 27 7
72 7 22
73 -19 22
74 -27 17
75 -28 3
76 -8 33
77 -5 13
78 8 32
79 23 13
80 23 -8
81 2 34
82 3 11
83 11 -25
84 26 -2
85 27 28
86 28 34
87 -3 -13
88 10 0
89 24 -20
90 -30 -29
91 -25 -18
92 -14 -25
93 -30 29
94 -5 -20
95 4 -25
96 -3 4
97 -10 -3
98 -10 20
99 13 -7
100 21 2
101 6 14
102 0 -18
103 20 10
104 20 -15
105 -20 -5
106 -10 -5
107 -15 15
108 -25 8
109 20 25
110 -5 25
111 -15 30
112 15 0
113 -5 -10
114 -20 -25
115 -5 -30
116 -25 -15
117 -30 -5
118 -15 5
119 -20 25
120 10 30
121 10 -15
122 10 -25
123 20 -30
124 30 0
125 30 -15
126 10 -5
127 0 5
128 6 2
129 29 7
130 5 25
131 -4 17
132 0 34
133 18 17
134 30 20
135 28 30
136 -33 25
137 -15 -15
138 -30 -30
139 25 -23
140 5 -10
141 7 -28
142 -11 -23
143 -12 -32
144 -24 -21
145 -29 3
146 -33 13
147 -27 21
148 -22 17
149 -29 33
150 12 12
151 14 23
152 -8 8
153 2 -4
154 22 -6
155 28 -12
156 18 -23
157 -3 -23
158 1 -9
159 -14 -11
160 -18 -1
161 -23 -11
162 -11 23
163 -8 34
164 -20 42
165 27 42
166 14 38
167 32 -30
168 21 4
169 2 12
170 2 21
171 22 33
172 12 -19
173 9 -18
174 11 -22
175 14 -24
176 14 7
177 18 8
178 26 17
179 22 13
180 21 2
181 20 19
182 -20 12
183 -21 2
184 -24 -4
185 -19 -13
186 -31 -17
187 -7 -17
188 -9 17
189 -9 0
190 -4 32
191 -20 -16
192 -13 -13
193 -17 -11
194 -9 -8
195 -10 -11
196 -13 -8
197 -10 -14
198 -16 -14
199 -15 -9
200 -17 -17
DEMAND_SECTION
1 0
2 9
3 13
4 5
5 15
6 10
7 9
8 7
9 8
10 14
11 13
12 18
13 8
14 6
15 15
16 4
17 9
18 10
19 6
20 7
21 11
22 14
23 6
24 3
25 13
26 7
27 9
28 8
29 14
30 6
31 11
32 12
33 14
34 13
35 9
36 5
37 6
38 7
39 12
40 8
41 16
42 7
43 5
44 9
45 8
46 10
47 13
48 9
49 10
50 2
51 3
52 15
53 8
54 4
55 10
56 7
57 9
58 11
59 5
60 2
61 9
62 14
63 11
64 10
65 5
66 7
67 1
68 20
69 4
70 14
71 4
72 4
73 8
74 5
75 14
76 3
77 7
78 7
79 3
80 9
81 5
82 6
83 11
84 13
85 8
86 3
87 4
88 7
89 7
90 3
91 13
92 6
93 5
94 8
95 5
96 2
97 12
98 8
99 9
100 5
101 5
102 3
103 6
104 9
105 13
106 1
107 2
108 4
109 8
110 8
111 6
112 9
113 11
114 10
115 4
116 9
117 1
118 6
119 8
120 4
121 5
122 9
123 14
124 1
125 3
126 8
127 8
128 8
129 4
130 10
131 13
132 11
133 5
134 7
135 4
136 2
137 4
138 8
139 15
140 4
141 2
142 2
143 3
144 9
145 8
146 0
147 13
148 18
149 15
150 6
151 5
152 4
153 7
154 9
155 1
156 3
157 3
158 9
159 14
160 1
161 6
162 9
163 5
164 4
165 10
166 12
167 12
168 18
169 3
170 2
171 7
172 12
173 4
174 4
175 9
176 6
177 7
178 1
179 11
180 3
181 13
182 8
183 5
184 3
185 20
186 17
187 13
188 4
189 7
190 1
191 0
192 1
193 11
194 13
195 10
196 5
197 6
198 5
199 4
200 8
DEPOT_SECTION
1
-1
EOF