NAME: p10_8_NORMALIZED
BEST_KNOWN: 0
COMMENT: 0
DIMENSION: 200
CAPACITY: 100
EDGE_WEIGHT_FORMAT: FUNCTION
EDGE_WEIGHT_TYPE: EXACT_2D
NODE_COORD_SECTION
1 0 0
2 35 11
3 -18 20
4 -35 -48
5 -40 15
6 10 43
7 29 -44
8 8 6
9 -48 -29
10 -39 8
11 -21 -20
12 -8 47
13 33 41
14 8 2
15 31 17
16 -47 39
17 -15 47
18 -9 36
19 -40 -11
20 5 -35
21 0 47
22 12 -25
23 3 1
24 -38 -21
25 30 21
26 -37 10
27 7 2
28 -2 29
29 19 -13
30 -19 6
31 -32 19
32 6 -21
33 24 22
34 -45 -39
35 -48 25
36 -7 -36
37 45 -50
38 -14 -30
39 5 -29
40 -34 39
41 39 -46
42 -7 11
43 18 -41
44 -47 21
45 -16 -11
46 17 -6
47 -33 21
48 -40 1
49 39 -36
50 4 8
51 31 -7
52 37 -14
53 -50 -11
54 26 -13
55 -12 -19
56 16 -36
57 -39 30
58 -38 -47
59 -26 14
60 31 12
61 -4 -44
62 42 40
63 39 20
64 21 3
65 2 -15
66 -9 -15
67 -20 3
68 46 -18
69 14 -28
70 -28 -43
71 -16 -50
72 -23 -17
73 -14 38
74 -6 -49
75 4 -43
76 -15 -3
77 -1 -46
78 15 -11
79 19 22
80 -20 9
81 -10 -44
82 32 42
83 18 -46
84 39 34
85 47 20
86 -4 -45
87 -33 -13
88 -46 36
89 -27 15
90 -22 46
91 6 17
92 -44 -25
93 26 44
94 36 27
95 19 -1
96 43 -28
97 5 11
98 -27 24
99 -17 1
100 -39 22
101 46 -40
102 -21 -40
103 -19 28
104 7 -37
105 18 1
106 23 27
107 -20 25
108 41 4
109 17 -4
110 18 -20
111 39 -18
112 32 49
113 40 -26
114 49 -22
115 31 -35
116 27 46
117 -28 -40
118 9 4
119 -32 -43
120 25 -38
121 29 44
122 -26 -13
123 44 -36
124 -43 -33
125 -41 -24
126 17 -11
127 36 -2
128 -22 -16
129 25 13
130 -10 17
131 -19 19
132 20 -11
133 43 49
134 46 -34
135 -17 -25
136 -15 -9
137 32 22
138 40 35
139 -35 -10
140 -18 -7
141 38 -47
142 -4 -31
143 -22 -32
144 -19 -17
145 -48 -11
146 -22 -8
147 44 26
148 37 18
149 49 -8
150 49 -40
151 50 -1
152 -3 6
153 -37 -21
154 -24 33
155 -12 -13
156 -16 -35
157 -25 -49
158 -43 -12
159 35 -22
160 -42 -35
161 48 0
162 -48 -21
163 -13 -10
164 -29 -24
165 -14 -26
166 21 13
167 32 -25
168 10 -35
169 10 14
170 -35 18
171 -34 -42
172 -46 -26
173 -42 19
174 9 7
175 10 47
176 46 14
177 -31 -16
178 32 18
179 11 -16
180 -19 -10
181 -2 -27
182 44 -43
183 15 -50
184 -4 -45
185 2 -14
186 31 30
187 33 -5
188 40 15
189 31 39
190 12 46
191 17 35
192 5 40
193 -14 -43
194 32 -50
195 -35 -46
196 5 -1
197 9 50
198 -8 25
199 7 -1
200 26 20
DEMAND_SECTION
1 0
2 24
3 43
4 41
5 14
6 31
7 31
8 37
9 26
10 15
11 42
12 26
13 39
14 13
15 21
16 39
17 23
18 40
19 14
20 25
21 40
22 47
23 25
24 36
25 25
26 23
27 39
28 41
29 26
30 44
31 31
32 29
33 17
34 22
35 15
36 36
37 31
38 28
39 43
40 21
41 26
42 47
43 18
44 46
45 18
46 39
47 15
48 44
49 43
50 44
51 23
52 21
53 45
54 15
55 39
56 40
57 35
58 47
59 13
60 28
61 40
62 42
63 43
64 37
65 33
66 38
67 42
68 37
69 43
70 50
71 20
72 30
73 49
74 32
75 15
76 17
77 36
78 49
79 20
80 29
81 35
82 21
83 46
84 42
85 39
86 22
87 29
88 28
89 39
90 47
91 39
92 47
93 22
94 34
95 35
96 27
97 40
98 24
99 34
100 23
101 13
102 41
103 28
104 41
105 34
106 18
107 37
108 14
109 25
110 48
111 41
112 15
113 41
114 40
115 26
116 42
117 47
118 27
119 38
120 46
121 20
122 42
123 30
124 14
125 46
126 38
127 24
128 16
129 14
130 37
131 43
132 21
133 44
134 27
135 45
136 50
137 29
138 46
139 28
140 42
141 17
142 34
143 26
144 44
145 15
146 30
147 38
148 43
149 18
150 26
151 26
152 40
153 26
154 41
155 49
156 34
157 20
158 16
159 14
160 28
161 35
162 14
163 24
164 43
165 28
166 26
167 48
168 45
169 37
170 21
171 19
172 28
173 27
174 35
175 15
176 44
177 50
178 36
179 29
180 27
181 16
182 30
183 41
184 48
185 22
186 36
187 43
188 30
189 19
190 36
191 27
192 45
193 29
194 35
195 35
196 23
197 40
198 42
199 26
200 35
DEPOT_SECTION
1
-1
EOF