NAME: p10_3_NORMALIZED
BEST_KNOWN: 0
COMMENT: 0
DIMENSION: 200
CAPACITY: 100
EDGE_WEIGHT_FORMAT: FUNCTION
EDGE_WEIGHT_TYPE: EXACT_2D
NODE_COORD_SECTION
1 0 0
2 38 45
3 -2 5
4 -41 -16
5 11 -9
6 16 -36
7 -21 -36
8 3 -14
9 -15 18
10 6 1
11 45 4
12 -3 -10
13 25 28
14 21 -10
15 29 4
16 -24 1
17 10 25
18 10 -8
19 36 45
20 38 -47
21 -36 -24
22 -49 -14
23 -46 29
24 23 -16
25 -6 47
26 -29 8
27 -19 -24
28 10 32
29 -9 -11
30 38 42
31 10 -32
32 -45 -27
33 -30 24
34 9 26
35 -38 25
36 -9 -3
37 -42 10
38 41 10
39 26 -40
40 3 12
41 -37 -15
42 14 -20
43 16 -47
44 8 25
45 27 22
46 -25 -11
47 14 -24
48 -4 -10
49 48 -31
50 -31 -6
51 -14 7
52 37 2
53 -24 19
54 -25 43
55 24 11
56 -17 -13
57 12 37
58 12 -37
59 47 -5
60 47 49
61 -15 -18
62 -47 45
63 3 15
64 -17 40
65 48 -36
66 -19 -20
67 -33 -12
68 -48 49
69 23 -27
70 -27 0
71 4 17
72 -40 -31
73 -24 -36
74 -32 -15
75 -18 -34
76 -28 39
77 33 -8
78 -18 -37
79 2 -24
80 11 -12
81 47 19
82 -20 44
83 1 -9
84 14 35
85 -11 -4
86 43 1
87 31 -39
88 37 44
89 -3 -28
90 -49 -10
91 31 -7
92 45 33
93 -26 20
94 -46 0
95 -12 25
96 -16 33
97 28 -17
98 -22 -17
99 -2 -38
100 -29 36
101 40 -13
102 -39 -24
103 -36 43
104 -28 13
105 23 -16
106 21 -27
107 18 18
108 -13 26
109 44 8
110 -1 30
111 39 28
112 5 7
113 32 40
114 -45 36
115 0 -47
116 33 4
117 34 23
118 3 -41
119 -47 -25
120 -4 34
121 40 24
122 15 -10
123 -35 -29
124 38 7
125 5 49
126 -15 -12
127 -24 0
128 -45 42
129 -26 -38
130 -19 18
131 50 18
132 19 46
133 -1 23
134 17 46
135 -42 8
136 42 11
137 6 15
138 42 25
139 -37 -13
140 -13 -36
141 -21 -43
142 -47 22
143 -39 -37
144 -16 -9
145 28 -1
146 14 -9
147 -35 23
148 -13 -45
149 -1 12
150 41 45
151 21 4
152 -27 40
153 -7 -15
154 -22 32
155 -41 -13
156 -18 13
157 -47 -7
158 -14 -41
159 44 24
160 5 -43
161 -37 -34
162 31 -34
163 -44 0
164 -35 17
165 -20 23
166 23 14
167 12 41
168 21 -45
169 -27 -5
170 48 11
171 48 -38
172 -47 12
173 -6 -46
174 15 6
175 13 -49
176 -32 12
177 48 -21
178 -14 -46
179 -3 39
180 17 0
181 -34 29
182 -42 16
183 -20 -4
184 -27 -40
185 37 44
186 7 35
187 43 -25
188 -22 13
189 -8 -50
190 35 18
191 -46 31
192 -11 19
193 20 17
194 -15 24
195 23 -35
196 44 22
197 -23 45
198 4 -41
199 31 28
200 20 3
DEMAND_SECTION
1 0
2 23
3 13
4 50
5 26
6 26
7 43
8 34
9 19
10 35
11 16
12 42
13 50
14 14
15 47
16 47
17 34
18 27
19 40
20 43
21 33
22 44
23 24
24 25
25 13
26 21
27 21
28 36
29 41
30 25
31 47
32 20
33 16
34 41
35 13
36 13
37 36
38 40
39 32
40 44
41 27
42 21
43 29
44 38
45 45
46 48
47 33
48 26
49 14
50 29
51 24
52 28
53 32
54 42
55 34
56 19
57 38
58 24
59 35
60 45
61 20
62 33
63 45
64 15
65 35
66 20
67 44
68 15
69 32
70 18
71 32
72 19
73 43
74 34
75 42
76 29
77 16
78 20
79 22
80 22
81 18
82 14
83 42
84 24
85 26
86 26
87 36
88 15
89 13
90 40
91 34
92 18
93 26
94 39
95 14
96 26
97 20
98 27
99 20
100 47
101 43
102 29
103 15
104 48
105 46
106 29
107 38
108 45
109 29
110 13
111 20
112 19
113 13
114 40
115 31
116 23
117 43
118 49
119 26
120 37
121 34
122 27
123 43
124 15
125 34
126 12
127 45
128 19
129 33
130 50
131 39
132 34
133 26
134 30
135 38
136 46
137 24
138 27
139 50
140 28
141 22
142 16
143 24
144 48
145 41
146 44
147 42
148 45
149 12
150 36
151 21
152 20
153 42
154 23
155 20
156 15
157 31
158 30
159 43
160 12
161 28
162 38
163 38
164 31
165 45
166 48
167 39
168 29
169 38
170 20
171 15
172 17
173 24
174 42
175 48
176 47
177 37
178 21
179 12
180 36
181 49
182 22
183 39
184 38
185 15
186 40
187 39
188 48
189 14
190 37
191 16
192 34
193 42
194 28
195 16
196 41
197 36
198 23
199 30
200 27
DEPOT_SECTION
1
-1
EOF