NAME: p10_1090_tsplib0_NORMALIZED
BEST_KNOWN: 0
COMMENT: 0
DIMENSION: 200
CAPACITY: 100
EDGE_WEIGHT_FORMAT: FUNCTION
EDGE_WEIGHT_TYPE: EXACT_2D
NODE_COORD_SECTION
1 0 0
2 -13 -13
3 1 -9
4 -14 10
5 10 0
6 20 -15
7 -2 -1
8 15 15
9 20 10
10 -9 24
11 5 31
12 20 30
13 0 16
14 27 0
15 27 22
16 27 -11
17 -14 1
18 -2 9
19 -26 21
20 27 13
21 31 -21
22 9 -22
23 -9 -22
24 -24 -7
25 -28 8
26 -18 29
27 6 11
28 20 -1
29 0 -19
30 17 -9
31 8 -9
32 -4 41
33 -13 18
34 -9 -6
35 15 5
36 20 15
37 19 -25
38 25 -20
39 12 31
40 -5 25
41 -5 15
42 -23 -18
43 -20 -21
44 -19 -16
45 -14 13
46 15 -5
47 16 7
48 15 -20
49 13 -14
50 -23 3
51 2 17
52 14 14
53 17 29
54 -15 -9
55 5 -5
56 -14 12
57 -18 28
58 -4 27
59 17 -2
60 16 -14
61 7 6
62 -4 -3
63 -30 -10
64 -23 7
65 1 -19
66 17 6
67 -8 -12
68 -18 -2
69 -22 -22
70 22 23
71 27 7
72 7 22
73 -19 22
74 -27 17
75 -28 3
76 -8 33
77 -5 13
78 8 32
79 23 13
80 23 -8
81 2 34
82 3 11
83 11 -25
84 26 -2
85 27 28
86 28 34
87 -3 -13
88 10 0
89 24 -20
90 -30 -29
91 -25 -18
92 -14 -25
93 -30 29
94 -5 -20
95 4 -25
96 -3 4
97 -10 -3
98 -10 20
99 13 -7
100 21 2
101 6 14
102 0 -18
103 20 10
104 20 -15
105 -20 -5
106 -10 -5
107 -15 15
108 -25 8
109 20 25
110 -5 25
111 -15 30
112 15 0
113 -5 -10
114 -20 -25
115 -5 -30
116 -25 -15
117 -30 -5
118 -15 5
119 -20 25
120 10 30
121 10 -15
122 10 -25
123 20 -30
124 30 0
125 30 -15
126 10 -5
127 0 5
128 6 2
129 29 7
130 5 25
131 -4 17
132 0 34
133 18 17
134 30 20
135 28 30
136 -33 25
137 -15 -15
138 -30 -30
139 25 -23
140 5 -10
141 7 -28
142 -11 -23
143 -12 -32
144 -24 -21
145 -29 3
146 -33 13
147 -27 21
148 -22 17
149 -29 33
150 12 12
151 14 23
152 -8 8
153 2 -4
154 22 -6
155 28 -12
156 18 -23
157 -3 -23
158 1 -9
159 -14 -11
160 -18 -1
161 -23 -11
162 -11 23
163 -8 34
164 -20 42
165 27 42
166 14 38
167 32 -30
168 21 4
169 2 12
170 2 21
171 22 33
172 12 -19
173 9 -18
174 11 -22
175 14 -24
176 14 7
177 18 8
178 26 17
179 22 13
180 21 2
181 20 19
182 -20 12
183 -21 2
184 -24 -4
185 -19 -13
186 -31 -17
187 -7 -17
188 -9 17
189 -9 0
190 -4 32
191 -20 -16
192 -13 -13
193 -17 -11
194 -9 -8
195 -10 -11
196 -13 -8
197 -10 -14
198 -16 -14
199 -15 -9
200 -17 -17
DEMAND_SECTION
1 0
2 78
3 41
4 28
5 54
6 82
7 78
8 49
9 18
10 26
11 12
12 74
13 41
14 47
15 51
16 66
17 33
18 16
19 50
20 78
21 53
22 18
23 60
24 62
25 56
26 73
27 68
28 12
29 72
30 22
31 18
32 78
33 74
34 76
35 27
36 77
37 48
38 72
39 48
40 48
41 76
42 25
43 15
44 60
45 63
46 80
47 32
48 49
49 44
50 77
51 59
52 63
53 62
54 16
55 83
56 69
57 68
58 34
59 66
60 42
61 37
62 80
63 31
64 35
65 33
66 38
67 48
68 78
69 17
70 88
71 79
72 85
73 81
74 77
75 89
76 14
77 36
78 56
79 67
80 55
81 74
82 62
83 32
84 64
85 61
86 88
87 72
88 88
89 74
90 78
91 19
92 75
93 56
94 24
95 85
96 64
97 73
98 71
99 44
100 71
101 18
102 63
103 73
104 70
105 86
106 45
107 27
108 17
109 54
110 35
111 83
112 83
113 63
114 11
115 34
116 65
117 41
118 39
119 76
120 71
121 84
122 37
123 49
124 14
125 40
126 62
127 52
128 87
129 49
130 64
131 46
132 60
133 58
134 72
135 68
136 73
137 56
138 54
139 35
140 34
141 85
142 54
143 59
144 56
145 24
146 62
147 64
148 89
149 27
150 54
151 38
152 48
153 18
154 88
155 44
156 45
157 12
158 65
159 19
160 26
161 52
162 10
163 21
164 12
165 20
166 10
167 71
168 89
169 28
170 12
171 10
172 71
173 47
174 59
175 27
176 59
177 44
178 60
179 52
180 46
181 77
182 62
183 34
184 57
185 31
186 30
187 71
188 77
189 27
190 47
191 43
192 49
193 83
194 82
195 23
196 15
197 56
198 79
199 65
200 35
DEPOT_SECTION
1
-1
EOF