NAME: p10_10_NORMALIZED
BEST_KNOWN: 0
COMMENT: 0
DIMENSION: 200
CAPACITY: 100
EDGE_WEIGHT_FORMAT: FUNCTION
EDGE_WEIGHT_TYPE: EXACT_2D
NODE_COORD_SECTION
1 0 0
2 50 9
3 8 -24
4 7 26
5 33 25
6 11 22
7 20 -19
8 32 -30
9 -41 -11
10 -30 -27
11 22 38
12 42 30
13 39 -27
14 28 40
15 -49 -37
16 -30 30
17 9 26
18 36 -34
19 27 -8
20 8 -23
21 35 -24
22 30 -6
23 -26 30
24 16 9
25 30 -32
26 -15 47
27 16 -20
28 22 -22
29 8 -28
30 8 -2
31 26 43
32 -43 -48
33 -22 32
34 16 -36
35 32 -9
36 -38 -35
37 20 21
38 -24 10
39 21 -22
40 -18 -30
41 -16 -9
42 16 3
43 -47 2
44 -33 31
45 -16 31
46 14 -36
47 11 21
48 -22 -1
49 -10 -50
50 20 -43
51 -35 23
52 -26 -8
53 22 46
54 -34 8
55 33 -5
56 -44 -46
57 -49 -6
58 15 -11
59 26 14
60 -33 -43
61 17 -4
62 10 -47
63 23 31
64 9 -33
65 -8 -38
66 14 33
67 -39 28
68 -13 43
69 -26 -27
70 7 7
71 34 -4
72 20 47
73 -1 4
74 -42 -28
75 26 -40
76 6 26
77 26 33
78 33 -32
79 38 -3
80 -42 -37
81 -26 26
82 -10 -22
83 -6 43
84 21 40
85 33 -21
86 -15 3
87 45 -14
88 -22 49
89 -28 31
90 -50 40
91 47 -29
92 42 -27
93 14 48
94 6 -24
95 -19 6
96 33 43
97 -22 23
98 -35 -45
99 -1 29
100 -3 13
101 -50 40
102 -45 34
103 17 32
104 24 1
105 -21 30
106 14 -10
107 -41 37
108 -39 -23
109 26 30
110 -39 -31
111 38 -1
112 41 -47
113 -13 36
114 33 8
115 -10 -42
116 -12 -26
117 7 11
118 -25 -1
119 32 -27
120 -9 -1
121 -25 16
122 6 48
123 42 -29
124 7 -46
125 -32 -9
126 27 -42
127 10 37
128 -42 0
129 -50 -28
130 13 -49
131 -32 14
132 44 -21
133 -35 -17
134 17 -8
135 -31 -30
136 17 -26
137 -28 -45
138 19 -50
139 -40 -31
140 5 -43
141 -2 -32
142 2 -38
143 -1 -43
144 16 12
145 -26 -21
146 21 50
147 -23 16
148 -26 26
149 -33 7
150 13 8
151 34 -42
152 -28 -49
153 50 34
154 42 25
155 -7 10
156 -15 23
157 46 -45
158 -14 -39
159 23 26
160 -32 -48
161 33 -21
162 -11 -46
163 34 -47
164 39 -33
165 -12 30
166 -48 -2
167 -28 -40
168 -39 47
169 -8 6
170 -25 -39
171 0 29
172 48 -40
173 -6 2
174 32 28
175 -26 -15
176 -22 -18
177 22 48
178 50 -5
179 42 -26
180 8 38
181 49 -23
182 44 17
183 4 36
184 30 48
185 -15 22
186 -18 -24
187 19 28
188 -38 -45
189 32 -14
190 -48 30
191 -20 -20
192 23 -4
193 -20 45
194 41 49
195 -31 11
196 43 -9
197 -32 15
198 -18 38
199 9 -20
200 -22 -11
DEMAND_SECTION
1 0
2 13
3 28
4 32
5 16
6 15
7 38
8 35
9 29
10 33
11 13
12 29
13 29
14 42
15 25
16 21
17 30
18 29
19 44
20 19
21 32
22 13
23 24
24 18
25 23
26 37
27 33
28 37
29 49
30 13
31 43
32 34
33 30
34 41
35 28
36 14
37 50
38 21
39 25
40 17
41 40
42 23
43 34
44 15
45 49
46 47
47 19
48 21
49 31
50 30
51 23
52 13
53 24
54 27
55 43
56 39
57 32
58 31
59 38
60 34
61 40
62 29
63 35
64 32
65 33
66 37
67 45
68 22
69 41
70 41
71 17
72 42
73 29
74 36
75 13
76 17
77 21
78 48
79 20
80 28
81 23
82 13
83 16
84 16
85 45
86 43
87 33
88 18
89 30
90 28
91 27
92 16
93 33
94 14
95 36
96 18
97 12
98 26
99 40
100 39
101 45
102 49
103 36
104 46
105 28
106 15
107 42
108 22
109 19
110 25
111 14
112 45
113 50
114 26
115 20
116 21
117 25
118 24
119 32
120 18
121 15
122 30
123 23
124 46
125 35
126 26
127 26
128 26
129 23
130 49
131 16
132 24
133 19
134 26
135 49
136 15
137 32
138 38
139 28
140 19
141 29
142 46
143 49
144 33
145 37
146 28
147 42
148 41
149 43
150 17
151 29
152 30
153 31
154 17
155 33
156 44
157 49
158 31
159 46
160 22
161 15
162 49
163 48
164 32
165 43
166 20
167 37
168 23
169 36
170 50
171 46
172 38
173 13
174 34
175 19
176 35
177 50
178 40
179 42
180 14
181 13
182 25
183 27
184 14
185 44
186 43
187 32
188 25
189 32
190 39
191 18
192 46
193 48
194 16
195 28
196 18
197 40
198 20
199 44
200 48
DEPOT_SECTION
1
-1
EOF