NAME: p10_26_NORMALIZED
BEST_KNOWN: 0
COMMENT: 0
DIMENSION: 200
CAPACITY: 100
EDGE_WEIGHT_FORMAT: FUNCTION
EDGE_WEIGHT_TYPE: EXACT_2D
NODE_COORD_SECTION
1 0 0
2 34 -14
3 50 24
4 -1 29
5 12 -7
6 -17 14
7 12 -17
8 -14 19
9 39 45
10 -11 33
11 -13 -15
12 6 -29
13 -42 9
14 16 -33
15 -23 -8
16 38 -40
17 -20 22
18 39 -7
19 -31 4
20 47 -41
21 -38 16
22 16 39
23 36 -9
24 1 -27
25 34 36
26 1 -41
27 44 20
28 27 40
29 28 -5
30 -27 -16
31 -19 14
32 43 23
33 1 30
34 18 21
35 14 -9
36 -32 -10
37 -31 -25
38 -35 -40
39 5 35
40 3 24
41 -20 15
42 38 41
43 2 -4
44 33 -34
45 -6 -10
46 42 -29
47 10 -32
48 -18 2
49 2 -9
50 -38 21
51 6 -2
52 5 38
53 46 43
54 -17 4
55 -2 -17
56 -27 43
57 35 49
58 -19 -50
59 30 -39
60 23 48
61 40 -3
62 -14 -25
63 41 18
64 41 -40
65 -32 37
66 -23 1
67 -31 45
68 -16 -25
69 -10 -45
70 -24 47
71 -16 30
72 5 19
73 -33 -9
74 32 -50
75 37 -41
76 -22 4
77 42 -32
78 35 21
79 -40 23
80 2 -8
81 45 -9
82 36 16
83 42 -49
84 -24 -10
85 -4 -46
86 28 -23
87 8 16
88 -21 36
89 -1 34
90 -35 4
91 -42 28
92 -13 46
93 14 9
94 42 9
95 15 22
96 -39 -12
97 30 50
98 -36 -31
99 -31 -31
100 44 17
101 -14 -46
102 -10 -42
103 -16 29
104 14 -17
105 4 -33
106 39 -29
107 40 43
108 -30 -40
109 -47 1
110 33 9
111 25 -6
112 28 -50
113 -27 49
114 15 5
115 -11 -3
116 41 -22
117 11 -45
118 43 -36
119 35 18
120 -4 -45
121 -5 45
122 45 2
123 32 -9
124 23 -45
125 40 46
126 37 12
127 32 8
128 -33 -28
129 -21 -17
130 28 -33
131 -8 -50
132 0 34
133 6 11
134 -21 12
135 -47 -16
136 19 -37
137 13 -43
138 13 31
139 -50 24
140 -32 15
141 25 3
142 32 28
143 -38 -33
144 2 -8
145 -1 18
146 -46 -6
147 -4 -26
148 43 48
149 -17 26
150 -27 4
151 10 -10
152 11 -19
153 -24 -46
154 4 -23
155 -23 7
156 -36 34
157 -26 -5
158 -42 -25
159 30 -21
160 8 -7
161 -39 16
162 -25 27
163 0 -47
164 23 42
165 -35 -28
166 -37 29
167 17 12
168 -19 -39
169 -10 -37
170 30 -42
171 25 8
172 -9 -40
173 -15 14
174 28 38
175 32 -43
176 -26 -49
177 40 22
178 -44 8
179 -32 -15
180 -13 47
181 -32 14
182 -26 34
183 6 31
184 28 -50
185 -39 16
186 -33 -26
187 12 -9
188 29 41
189 17 -48
190 -16 -3
191 24 -45
192 38 29
193 -41 17
194 -44 13
195 -19 -21
196 -9 5
197 -43 -13
198 39 15
199 -4 2
200 32 -35
DEMAND_SECTION
1 0
2 28
3 34
4 48
5 34
6 35
7 22
8 38
9 44
10 15
11 46
12 20
13 49
14 48
15 32
16 47
17 17
18 45
19 36
20 40
21 14
22 49
23 38
24 16
25 14
26 25
27 50
28 23
29 24
30 14
31 21
32 33
33 31
34 36
35 47
36 47
37 49
38 25
39 45
40 21
41 21
42 31
43 43
44 43
45 27
46 29
47 19
48 47
49 28
50 42
51 13
52 30
53 23
54 25
55 47
56 14
57 42
58 26
59 29
60 31
61 44
62 42
63 32
64 22
65 14
66 40
67 34
68 45
69 20
70 20
71 35
72 44
73 13
74 46
75 29
76 50
77 46
78 34
79 48
80 40
81 46
82 31
83 47
84 29
85 25
86 23
87 32
88 44
89 39
90 28
91 14
92 15
93 30
94 25
95 44
96 26
97 20
98 18
99 15
100 20
101 37
102 32
103 14
104 20
105 37
106 50
107 33
108 46
109 12
110 17
111 28
112 48
113 35
114 44
115 49
116 30
117 24
118 30
119 21
120 40
121 34
122 32
123 48
124 29
125 30
126 26
127 35
128 30
129 12
130 31
131 15
132 43
133 36
134 23
135 30
136 36
137 28
138 30
139 18
140 46
141 44
142 43
143 38
144 17
145 40
146 48
147 45
148 17
149 38
150 33
151 21
152 36
153 38
154 34
155 15
156 36
157 23
158 31
159 49
160 21
161 33
162 16
163 26
164 21
165 27
166 28
167 33
168 46
169 42
170 21
171 42
172 47
173 20
174 20
175 40
176 38
177 19
178 41
179 47
180 43
181 20
182 39
183 32
184 22
185 32
186 43
187 21
188 42
189 29
190 46
191 22
192 43
193 15
194 26
195 49
196 20
197 31
198 31
199 24
200 13
DEPOT_SECTION
1
-1
EOF