NAME: p01_19
BEST_KNOWN: 0
COMMENT: 0
DIMENSION: 51
CAPACITY: 160
EDGE_WEIGHT_FORMAT: FUNCTION
EDGE_WEIGHT_TYPE: EXACT_2D
NODE_COORD_SECTION
1 0 0
2 21 39
3 -40 -44
4 6 -22
5 -26 45
6 45 -2
7 -30 3
8 -36 -50
9 -35 34
10 25 5
11 13 -17
12 35 37
13 40 -36
14 -11 -25
15 12 -37
16 -33 41
17 -46 -9
18 -26 -20
19 -41 -4
20 -41 0
21 -47 -14
22 12 -36
23 -8 9
24 3 7
25 20 -21
26 -10 42
27 -39 21
28 -15 22
29 -1 -3
30 25 33
31 -43 12
32 -10 -20
33 31 13
34 -39 49
35 -30 1
36 -37 31
37 28 -38
38 39 -41
39 -46 -35
40 39 20
41 -41 11
42 33 43
43 -2 8
44 43 -34
45 -23 36
46 -14 38
47 40 -22
48 -4 5
49 37 45
50 11 24
51 9 39
DEMAND_SECTION
1 0
2 41
3 22
4 47
5 61
6 30
7 59
8 74
9 65
10 32
11 50
12 24
13 27
14 25
15 58
16 54
17 48
18 53
19 72
20 43
21 59
22 66
23 51
24 66
25 41
26 37
27 31
28 68
29 42
30 53
31 42
32 22
33 30
34 78
35 64
36 40
37 58
38 47
39 47
40 66
41 70
42 64
43 52
44 57
45 32
46 77
47 22
48 61
49 42
50 39
51 24
DEPOT_SECTION
1
-1
EOF