NAME: p01_23
BEST_KNOWN: 0
COMMENT: 0
DIMENSION: 51
CAPACITY: 160
EDGE_WEIGHT_FORMAT: FUNCTION
EDGE_WEIGHT_TYPE: EXACT_2D
NODE_COORD_SECTION
1 0 0
2 -41 -37
3 -43 9
4 10 23
5 23 -33
6 13 -50
7 -39 -25
8 25 29
9 3 1
10 -23 41
11 -43 13
12 46 32
13 44 -44
14 -7 -14
15 45 8
16 -22 -44
17 -35 37
18 28 -30
19 -34 34
20 35 -39
21 -3 26
22 43 -20
23 45 -34
24 44 -44
25 -33 -11
26 40 14
27 22 -5
28 -2 -43
29 49 30
30 -34 1
31 -39 -18
32 -48 7
33 -32 23
34 -18 -34
35 15 25
36 9 -19
37 -9 -45
38 -34 -34
39 37 30
40 -11 -15
41 -7 39
42 44 -12
43 46 12
44 28 0
45 42 37
46 33 -4
47 -47 13
48 19 -26
49 -27 32
50 21 33
51 0 2
DEMAND_SECTION
1 0
2 29
3 46
4 78
5 39
6 77
7 73
8 58
9 37
10 45
11 55
12 77
13 38
14 57
15 24
16 34
17 47
18 37
19 36
20 20
21 68
22 42
23 34
24 20
25 47
26 27
27 35
28 50
29 52
30 49
31 38
32 57
33 46
34 54
35 52
36 29
37 51
38 30
39 22
40 42
41 52
42 40
43 63
44 51
45 47
46 40
47 71
48 53
49 68
50 26
51 46
DEPOT_SECTION
1
-1
EOF