NAME: p01_26
BEST_KNOWN: 0
COMMENT: 0
DIMENSION: 51
CAPACITY: 160
EDGE_WEIGHT_FORMAT: FUNCTION
EDGE_WEIGHT_TYPE: EXACT_2D
NODE_COORD_SECTION
1 0 0
2 -2 26
3 28 -34
4 18 11
5 -48 7
6 -39 37
7 -24 -34
8 -9 -5
9 12 -37
10 28 -42
11 -31 -32
12 1 22
13 -16 6
14 29 -23
15 -10 18
16 39 1
17 -5 -46
18 -12 18
19 -1 -38
20 40 -43
21 9 21
22 -45 -35
23 -11 -1
24 -35 46
25 -42 -36
26 26 38
27 9 41
28 -29 18
29 1 -47
30 36 -47
31 -21 -36
32 -19 18
33 28 -13
34 48 15
35 10 -12
36 24 -11
37 -33 47
38 7 -21
39 43 -37
40 1 2
41 24 5
42 -4 33
43 -30 10
44 -16 -40
45 37 -47
46 18 -38
47 -15 -50
48 -26 34
49 -27 25
50 45 -31
51 37 -24
DEMAND_SECTION
1 0
2 48
3 52
4 35
5 36
6 25
7 46
8 66
9 79
10 32
11 49
12 21
13 21
14 57
15 25
16 35
17 40
18 32
19 61
20 34
21 60
22 50
23 26
24 79
25 20
26 34
27 61
28 74
29 77
30 59
31 53
32 64
33 80
34 76
35 45
36 38
37 76
38 43
39 29
40 29
41 26
42 75
43 20
44 72
45 54
46 69
47 49
48 27
49 63
50 30
51 44
DEPOT_SECTION
1
-1
EOF