NAME: p01_1
BEST_KNOWN: 0
COMMENT: 0
DIMENSION: 51
CAPACITY: 160
EDGE_WEIGHT_FORMAT: FUNCTION
EDGE_WEIGHT_TYPE: EXACT_2D
NODE_COORD_SECTION
1 0 0
2 -6 -23
3 38 38
4 -1 33
5 -14 -25
6 43 45
7 31 -31
8 26 23
9 -15 -27
10 4 -46
11 18 -17
12 1 -22
13 -1 -17
14 44 -45
15 14 32
16 -47 39
17 -1 -6
18 21 43
19 -9 28
20 37 -31
21 24 -27
22 38 9
23 19 31
24 -42 -14
25 -5 49
26 2 18
27 -22 41
28 -46 12
29 -41 -26
30 -43 -9
31 -24 43
32 -37 8
33 39 -17
34 -28 -49
35 -10 34
36 24 46
37 17 19
38 -11 47
39 50 45
40 45 47
41 -25 -29
42 -47 29
43 2 -36
44 36 -25
45 6 11
46 -50 -47
47 27 5
48 -49 -37
49 22 19
50 -44 0
51 49 -3
DEMAND_SECTION
1 0
2 73
3 46
4 45
5 36
6 67
7 20
8 50
9 44
10 69
11 46
12 25
13 46
14 77
15 70
16 35
17 41
18 62
19 25
20 68
21 34
22 80
23 79
24 39
25 20
26 53
27 72
28 75
29 67
30 44
31 41
32 51
33 56
34 55
35 45
36 49
37 67
38 22
39 29
40 58
41 32
42 52
43 43
44 53
45 31
46 51
47 28
48 30
49 56
50 24
51 66
DEPOT_SECTION
1
-1
EOF