NAME: p01_3
BEST_KNOWN: 0
COMMENT: 0
DIMENSION: 51
CAPACITY: 160
EDGE_WEIGHT_FORMAT: FUNCTION
EDGE_WEIGHT_TYPE: EXACT_2D
NODE_COORD_SECTION
1 0 0
2 -48 23
3 18 29
4 48 -6
5 29 -34
6 -45 28
7 43 -5
8 -10 5
9 1 28
10 24 3
11 5 1
12 -15 -12
13 5 -13
14 -12 -9
15 7 8
16 -15 23
17 13 -8
18 -7 -39
19 10 -28
20 -40 1
21 -13 1
22 3 -40
23 13 -19
24 -43 -30
25 27 25
26 14 23
27 -21 -2
28 15 -4
29 -8 -41
30 -28 8
31 -5 -8
32 -50 -10
33 44 46
34 -41 21
35 -26 -26
36 -43 32
37 32 -40
38 -33 25
39 39 -28
40 35 -32
41 40 49
42 -42 2
43 16 -3
44 -20 33
45 27 -34
46 21 16
47 38 -45
48 12 31
49 45 22
50 9 -39
51 -10 28
DEMAND_SECTION
1 0
2 33
3 56
4 46
5 53
6 47
7 64
8 70
9 59
10 34
11 46
12 43
13 46
14 67
15 74
16 26
17 23
18 60
19 70
20 31
21 52
22 52
23 77
24 66
25 66
26 72
27 36
28 60
29 38
30 63
31 34
32 66
33 59
34 67
35 78
36 24
37 28
38 31
39 46
40 63
41 43
42 25
43 80
44 36
45 47
46 68
47 77
48 78
49 80
50 64
51 36
DEPOT_SECTION
1
-1
EOF