NAME: p01_30
BEST_KNOWN: 0
COMMENT: 0
DIMENSION: 51
CAPACITY: 160
EDGE_WEIGHT_FORMAT: FUNCTION
EDGE_WEIGHT_TYPE: EXACT_2D
NODE_COORD_SECTION
1 0 0
2 28 33
3 -3 3
4 -17 1
5 8 45
6 -33 3
7 -49 -5
8 19 -22
9 4 29
10 49 -46
11 -8 -9
12 -35 19
13 45 42
14 13 6
15 39 -27
16 38 30
17 -26 36
18 29 31
19 -38 36
20 2 6
21 -9 49
22 -22 34
23 -5 -14
24 43 -50
25 23 32
26 20 -7
27 -13 32
28 33 -16
29 20 34
30 -35 -44
31 -16 48
32 30 -44
33 34 -34
34 42 -13
35 -22 45
36 22 9
37 -2 0
38 6 -50
39 36 30
40 -47 31
41 -23 -43
42 -23 -13
43 25 42
44 29 44
45 11 -25
46 -1 -36
47 6 -2
48 -8 13
49 -28 38
50 30 -40
51 36 -35
DEMAND_SECTION
1 0
2 63
3 75
4 78
5 26
6 31
7 52
8 32
9 25
10 31
11 25
12 70
13 62
14 70
15 59
16 69
17 30
18 78
19 53
20 47
21 77
22 31
23 71
24 46
25 46
26 43
27 70
28 41
29 28
30 52
31 61
32 39
33 49
34 21
35 67
36 27
37 71
38 29
39 59
40 29
41 64
42 34
43 47
44 47
45 26
46 64
47 20
48 54
49 57
50 31
51 58
DEPOT_SECTION
1
-1
EOF