NAME: p01_17
BEST_KNOWN: 0
COMMENT: 0
DIMENSION: 51
CAPACITY: 160
EDGE_WEIGHT_FORMAT: FUNCTION
EDGE_WEIGHT_TYPE: EXACT_2D
NODE_COORD_SECTION
1 0 0
2 21 39
3 -3 26
4 20 -36
5 -7 -9
6 11 -25
7 5 8
8 -11 30
9 -24 -42
10 -24 -48
11 -13 17
12 31 25
13 29 -6
14 -22 41
15 -26 -46
16 43 -3
17 29 1
18 -25 -36
19 -42 16
20 19 50
21 -48 15
22 21 11
23 10 -43
24 12 -39
25 -47 14
26 -14 18
27 27 2
28 14 10
29 -44 29
30 -15 -17
31 48 -18
32 4 0
33 -43 -5
34 22 32
35 -43 -41
36 7 -46
37 -48 22
38 13 50
39 -26 6
40 -7 -15
41 -12 -36
42 -38 -41
43 0 -50
44 -36 34
45 -47 33
46 24 11
47 14 -36
48 -49 39
49 -11 4
50 37 32
51 0 36
DEMAND_SECTION
1 0
2 39
3 46
4 50
5 36
6 46
7 63
8 52
9 34
10 47
11 46
12 66
13 44
14 54
15 52
16 80
17 64
18 34
19 69
20 73
21 29
22 36
23 23
24 33
25 30
26 43
27 65
28 74
29 65
30 68
31 67
32 24
33 51
34 47
35 74
36 78
37 67
38 28
39 52
40 20
41 43
42 21
43 22
44 50
45 42
46 40
47 23
48 54
49 76
50 37
51 55
DEPOT_SECTION
1
-1
EOF