NAME: p01_14
BEST_KNOWN: 0
COMMENT: 0
DIMENSION: 51
CAPACITY: 160
EDGE_WEIGHT_FORMAT: FUNCTION
EDGE_WEIGHT_TYPE: EXACT_2D
NODE_COORD_SECTION
1 0 0
2 -42 -22
3 -15 -3
4 1 -43
5 48 50
6 18 20
7 -39 33
8 -20 -17
9 40 43
10 -22 43
11 39 -43
12 -41 9
13 35 8
14 -13 13
15 2 38
16 -39 -23
17 -46 -4
18 21 45
19 -12 18
20 -25 -6
21 -45 46
22 32 -35
23 41 -4
24 4 21
25 -35 -6
26 29 42
27 38 -50
28 -14 -34
29 26 -31
30 -4 20
31 5 -29
32 39 21
33 47 -49
34 40 18
35 -8 -50
36 40 24
37 42 22
38 30 -8
39 -15 26
40 33 -23
41 -34 -23
42 -38 -6
43 -17 -50
44 27 -41
45 -28 -50
46 26 -42
47 46 47
48 -34 -49
49 15 19
50 47 -3
51 29 -27
DEMAND_SECTION
1 0
2 73
3 61
4 36
5 61
6 74
7 30
8 61
9 71
10 47
11 66
12 54
13 69
14 55
15 68
16 73
17 28
18 34
19 22
20 69
21 79
22 32
23 21
24 80
25 77
26 59
27 21
28 59
29 36
30 57
31 27
32 46
33 21
34 72
35 64
36 22
37 70
38 44
39 57
40 30
41 71
42 24
43 60
44 53
45 30
46 22
47 22
48 67
49 31
50 72
51 28
DEPOT_SECTION
1
-1
EOF