NAME: p01_5
BEST_KNOWN: 0
COMMENT: 0
DIMENSION: 51
CAPACITY: 160
EDGE_WEIGHT_FORMAT: FUNCTION
EDGE_WEIGHT_TYPE: EXACT_2D
NODE_COORD_SECTION
1 0 0
2 -49 -21
3 49 23
4 -43 -46
5 -12 -45
6 41 -1
7 -46 -6
8 -13 24
9 -11 -2
10 -33 -2
11 11 14
12 43 -8
13 -50 12
14 31 49
15 -9 -2
16 -12 -26
17 9 -50
18 -26 -46
19 29 25
20 -20 6
21 -5 -5
22 -10 -50
23 -15 43
24 -17 19
25 -33 -33
26 -44 -33
27 -30 -45
28 23 -2
29 -19 -47
30 28 -38
31 -45 -46
32 -24 22
33 -34 30
34 31 -21
35 23 -40
36 6 -48
37 21 -46
38 47 47
39 17 8
40 -28 4
41 -9 18
42 23 -17
43 -38 -36
44 -27 -16
45 19 -12
46 34 8
47 33 -21
48 -36 -47
49 -16 49
50 -31 -6
51 -29 -27
DEMAND_SECTION
1 0
2 35
3 46
4 38
5 76
6 65
7 74
8 58
9 65
10 36
11 61
12 48
13 72
14 78
15 52
16 45
17 55
18 71
19 54
20 33
21 64
22 64
23 58
24 75
25 45
26 47
27 31
28 29
29 32
30 50
31 57
32 37
33 53
34 20
35 52
36 49
37 29
38 49
39 27
40 64
41 73
42 74
43 78
44 54
45 21
46 38
47 64
48 32
49 74
50 30
51 78
DEPOT_SECTION
1
-1
EOF