NAME: p01_7
BEST_KNOWN: 0
COMMENT: 0
DIMENSION: 51
CAPACITY: 160
EDGE_WEIGHT_FORMAT: FUNCTION
EDGE_WEIGHT_TYPE: EXACT_2D
NODE_COORD_SECTION
1 0 0
2 -34 -15
3 -25 45
4 34 1
5 28 -33
6 -41 -43
7 -39 18
8 -33 -38
9 -35 43
10 -1 8
11 -25 27
12 18 -3
13 -43 4
14 28 27
15 -11 0
16 41 49
17 -11 18
18 9 -37
19 29 -25
20 1 -2
21 -11 -14
22 -3 -19
23 39 31
24 22 -46
25 49 -38
26 -6 -40
27 -4 36
28 -15 50
29 -43 28
30 -11 1
31 -23 -6
32 -21 -7
33 5 1
34 2 18
35 -5 -14
36 8 5
37 46 -9
38 -42 21
39 -7 -23
40 32 -10
41 -36 33
42 -3 -44
43 16 -21
44 49 34
45 -45 -28
46 -43 -32
47 -20 39
48 45 1
49 30 -26
50 35 -50
51 -43 -13
DEMAND_SECTION
1 0
2 28
3 68
4 34
5 36
6 60
7 46
8 48
9 28
10 56
11 37
12 59
13 37
14 71
15 25
16 22
17 72
18 79
19 40
20 49
21 79
22 30
23 46
24 51
25 59
26 59
27 66
28 75
29 36
30 22
31 62
32 23
33 34
34 23
35 39
36 58
37 65
38 25
39 32
40 46
41 62
42 28
43 52
44 70
45 57
46 47
47 70
48 54
49 49
50 76
51 67
DEPOT_SECTION
1
-1
EOF