NAME: p01_6
BEST_KNOWN: 0
COMMENT: 0
DIMENSION: 51
CAPACITY: 160
EDGE_WEIGHT_FORMAT: FUNCTION
EDGE_WEIGHT_TYPE: EXACT_2D
NODE_COORD_SECTION
1 0 0
2 -40 34
3 44 37
4 -31 -36
5 -11 -47
6 -38 -30
7 38 -36
8 45 47
9 -40 34
10 -48 35
11 -6 -32
12 -3 -6
13 -33 -17
14 8 4
15 -6 -30
16 6 38
17 -37 -42
18 -44 44
19 4 -40
20 21 -7
21 25 18
22 10 -47
23 36 49
24 2 30
25 -35 7
26 -26 36
27 -18 -7
28 1 16
29 23 44
30 -30 49
31 -43 3
32 -2 5
33 39 39
34 16 -34
35 -21 9
36 -12 45
37 15 -40
38 -35 9
39 -13 26
40 -27 8
41 0 5
42 -39 -48
43 -47 39
44 -21 -10
45 -42 -25
46 -49 -13
47 -20 45
48 -15 19
49 25 -30
50 -41 34
51 -27 -15
DEMAND_SECTION
1 0
2 33
3 61
4 71
5 70
6 29
7 78
8 21
9 41
10 26
11 35
12 39
13 37
14 45
15 63
16 28
17 59
18 39
19 80
20 61
21 23
22 55
23 26
24 67
25 59
26 61
27 40
28 67
29 26
30 68
31 21
32 37
33 26
34 34
35 76
36 74
37 32
38 44
39 40
40 75
41 26
42 77
43 77
44 66
45 58
46 50
47 49
48 27
49 29
50 69
51 60
DEPOT_SECTION
1
-1
EOF