NAME: p01_25
BEST_KNOWN: 0
COMMENT: 0
DIMENSION: 51
CAPACITY: 160
EDGE_WEIGHT_FORMAT: FUNCTION
EDGE_WEIGHT_TYPE: EXACT_2D
NODE_COORD_SECTION
1 0 0
2 32 -35
3 39 16
4 -40 31
5 9 -6
6 -29 -21
7 21 22
8 20 29
9 37 -14
10 -32 -50
11 -34 -27
12 -44 -6
13 5 -6
14 -42 36
15 27 49
16 34 40
17 46 -49
18 -11 50
19 -42 1
20 35 -6
21 -27 -37
22 38 45
23 -49 -45
24 21 -14
25 31 20
26 -43 28
27 -40 8
28 29 -12
29 42 28
30 29 44
31 -34 23
32 44 14
33 31 47
34 -21 41
35 -40 32
36 5 13
37 13 -21
38 -42 49
39 -3 -6
40 46 37
41 50 -29
42 -39 46
43 -13 18
44 -15 -17
45 -47 32
46 42 -41
47 -28 2
48 -7 3
49 31 30
50 26 0
51 -38 -39
DEMAND_SECTION
1 0
2 74
3 22
4 79
5 35
6 23
7 60
8 47
9 63
10 78
11 30
12 66
13 69
14 57
15 21
16 44
17 47
18 52
19 57
20 25
21 49
22 32
23 52
24 76
25 58
26 45
27 77
28 68
29 41
30 67
31 38
32 29
33 78
34 55
35 33
36 38
37 49
38 54
39 66
40 57
41 30
42 66
43 58
44 73
45 26
46 63
47 55
48 36
49 54
50 79
51 39
DEPOT_SECTION
1
-1
EOF