NAME: p01_24
BEST_KNOWN: 0
COMMENT: 0
DIMENSION: 51
CAPACITY: 160
EDGE_WEIGHT_FORMAT: FUNCTION
EDGE_WEIGHT_TYPE: EXACT_2D
NODE_COORD_SECTION
1 0 0
2 -4 11
3 9 -33
4 25 -21
5 14 -1
6 -17 22
7 44 16
8 15 -38
9 -46 50
10 -40 25
11 -11 17
12 35 -39
13 -11 32
14 -48 -12
15 -4 3
16 -30 -8
17 -17 -3
18 27 41
19 -13 -27
20 -26 29
21 11 45
22 -36 -11
23 32 -5
24 -47 -2
25 -1 11
26 36 -10
27 -48 -14
28 -49 21
29 -33 -28
30 -44 -40
31 23 50
32 9 8
33 6 -2
34 29 17
35 27 -24
36 10 -9
37 -5 -8
38 38 -18
39 -46 -40
40 12 23
41 21 -8
42 -46 36
43 -15 -24
44 -17 -24
45 37 17
46 -34 -41
47 -42 16
48 40 -33
49 -14 43
50 33 32
51 -49 -30
DEMAND_SECTION
1 0
2 47
3 33
4 23
5 77
6 53
7 44
8 76
9 69
10 72
11 80
12 48
13 47
14 51
15 60
16 48
17 32
18 73
19 51
20 46
21 30
22 69
23 75
24 70
25 64
26 61
27 57
28 47
29 24
30 55
31 74
32 29
33 76
34 24
35 65
36 65
37 56
38 59
39 54
40 78
41 38
42 66
43 60
44 43
45 31
46 78
47 62
48 73
49 25
50 47
51 63
DEPOT_SECTION
1
-1
EOF