NAME: p01_13
BEST_KNOWN: 0
COMMENT: 0
DIMENSION: 51
CAPACITY: 160
EDGE_WEIGHT_FORMAT: FUNCTION
EDGE_WEIGHT_TYPE: EXACT_2D
NODE_COORD_SECTION
1 0 0
2 -29 -33
3 -6 24
4 4 32
5 26 41
6 -37 46
7 -13 -24
8 39 -48
9 32 -27
10 2 19
11 46 39
12 27 -34
13 -45 -4
14 -29 27
15 -49 25
16 -30 37
17 -6 -17
18 26 -25
19 -39 36
20 -45 -46
21 5 -29
22 -37 31
23 -35 -20
24 -23 -33
25 20 -44
26 11 -3
27 -34 -34
28 45 -12
29 -1 -49
30 -29 39
31 -16 -4
32 7 -1
33 -22 -7
34 -17 35
35 36 47
36 -11 32
37 27 -17
38 3 7
39 -35 -28
40 -9 -26
41 12 17
42 -10 -14
43 2 26
44 -2 -12
45 5 17
46 -38 31
47 -45 -8
48 32 17
49 0 -33
50 -27 -28
51 3 -30
DEMAND_SECTION
1 0
2 52
3 58
4 46
5 50
6 60
7 21
8 72
9 22
10 27
11 33
12 52
13 25
14 67
15 48
16 48
17 68
18 46
19 28
20 77
21 74
22 65
23 23
24 46
25 35
26 62
27 27
28 72
29 32
30 60
31 28
32 65
33 74
34 45
35 50
36 34
37 59
38 27
39 75
40 79
41 30
42 25
43 61
44 68
45 65
46 51
47 44
48 75
49 22
50 45
51 57
DEPOT_SECTION
1
-1
EOF