NAME: p01_20
BEST_KNOWN: 0
COMMENT: 0
DIMENSION: 51
CAPACITY: 160
EDGE_WEIGHT_FORMAT: FUNCTION
EDGE_WEIGHT_TYPE: EXACT_2D
NODE_COORD_SECTION
1 0 0
2 43 -8
3 11 4
4 35 48
5 -36 -20
6 -32 8
7 -46 41
8 42 -14
9 -50 -6
10 -19 6
11 3 -45
12 -2 -21
13 -11 -35
14 -50 -32
15 34 -14
16 6 22
17 7 -21
18 49 0
19 38 -4
20 30 21
21 -7 -8
22 0 1
23 -20 38
24 -19 -20
25 50 22
26 17 40
27 -4 42
28 -10 10
29 -12 7
30 2 37
31 -38 -6
32 9 50
33 -6 -22
34 16 15
35 -6 -39
36 24 -7
37 36 13
38 -4 40
39 -3 -13
40 23 3
41 14 18
42 4 -30
43 -23 -13
44 5 11
45 46 48
46 -36 20
47 26 -42
48 -11 -37
49 7 -7
50 20 44
51 -3 8
DEMAND_SECTION
1 0
2 44
3 34
4 42
5 42
6 79
7 37
8 40
9 62
10 36
11 69
12 24
13 65
14 23
15 73
16 31
17 52
18 35
19 30
20 25
21 66
22 46
23 55
24 38
25 33
26 33
27 61
28 52
29 65
30 36
31 47
32 36
33 75
34 77
35 35
36 74
37 25
38 66
39 42
40 31
41 79
42 63
43 63
44 56
45 77
46 20
47 41
48 72
49 68
50 63
51 40
DEPOT_SECTION
1
-1
EOF