NAME: p01_11
BEST_KNOWN: 0
COMMENT: 0
DIMENSION: 51
CAPACITY: 160
EDGE_WEIGHT_FORMAT: FUNCTION
EDGE_WEIGHT_TYPE: EXACT_2D
NODE_COORD_SECTION
1 0 0
2 41 28
3 -30 -25
4 43 -35
5 30 -14
6 -12 -15
7 -48 -2
8 44 0
9 -29 36
10 -2 3
11 -15 29
12 -26 -34
13 -1 42
14 35 -33
15 -31 -30
16 -19 19
17 -28 -22
18 -47 -29
19 46 44
20 -36 14
21 34 0
22 18 9
23 29 -49
24 21 -1
25 28 29
26 -24 -25
27 -15 -24
28 -32 31
29 -28 11
30 5 41
31 32 -43
32 -12 -5
33 -33 -22
34 18 -2
35 11 16
36 -46 -16
37 -35 19
38 -13 -39
39 0 15
40 30 -45
41 -12 -42
42 -34 24
43 18 40
44 -27 12
45 17 25
46 -6 6
47 -36 -44
48 20 -44
49 14 2
50 -19 -45
51 7 -22
DEMAND_SECTION
1 0
2 49
3 38
4 21
5 40
6 78
7 69
8 78
9 53
10 49
11 75
12 25
13 30
14 34
15 64
16 58
17 71
18 63
19 59
20 69
21 33
22 57
23 34
24 66
25 65
26 57
27 50
28 29
29 34
30 71
31 21
32 45
33 41
34 49
35 25
36 42
37 58
38 22
39 53
40 70
41 33
42 28
43 78
44 62
45 20
46 72
47 59
48 36
49 25
50 28
51 43
DEPOT_SECTION
1
-1
EOF