NAME: p01_29
BEST_KNOWN: 0
COMMENT: 0
DIMENSION: 51
CAPACITY: 160
EDGE_WEIGHT_FORMAT: FUNCTION
EDGE_WEIGHT_TYPE: EXACT_2D
NODE_COORD_SECTION
1 0 0
2 -9 34
3 42 39
4 7 2
5 11 44
6 37 -15
7 40 42
8 36 16
9 -44 -15
10 -33 -2
11 -6 -4
12 -21 4
13 -27 -17
14 33 -35
15 -33 6
16 -17 -3
17 25 -39
18 -24 -15
19 -34 4
20 9 -46
21 16 -5
22 -5 30
23 43 -49
24 -19 -7
25 -23 -49
26 28 3
27 -34 -38
28 -22 31
29 6 37
30 34 29
31 -39 -26
32 10 -17
33 -37 43
34 -1 -8
35 30 -42
36 20 31
37 -1 42
38 -26 17
39 -48 -4
40 -29 50
41 -43 -18
42 34 -25
43 39 -37
44 13 14
45 7 16
46 15 10
47 -28 -12
48 47 -38
49 -8 -27
50 -7 -40
51 42 48
DEMAND_SECTION
1 0
2 47
3 57
4 59
5 30
6 75
7 23
8 62
9 57
10 45
11 49
12 57
13 36
14 67
15 31
16 47
17 68
18 20
19 31
20 47
21 61
22 57
23 73
24 57
25 49
26 48
27 65
28 35
29 38
30 20
31 30
32 62
33 39
34 76
35 75
36 22
37 65
38 64
39 67
40 72
41 68
42 46
43 44
44 73
45 78
46 36
47 51
48 21
49 49
50 71
51 47
DEPOT_SECTION
1
-1
EOF