NAME: p01_8
BEST_KNOWN: 0
COMMENT: 0
DIMENSION: 51
CAPACITY: 160
EDGE_WEIGHT_FORMAT: FUNCTION
EDGE_WEIGHT_TYPE: EXACT_2D
NODE_COORD_SECTION
1 0 0
2 0 -9
3 -47 7
4 -21 -12
5 5 14
6 27 42
7 19 -27
8 36 -26
9 4 10
10 -48 -40
11 -40 39
12 42 -41
13 19 4
14 -43 1
15 -26 -6
16 1 27
17 20 6
18 0 42
19 -14 12
20 33 36
21 -11 -28
22 -50 -43
23 -35 -17
24 19 -24
25 -48 28
26 14 -36
27 -36 -32
28 7 36
29 -29 7
30 22 31
31 47 -14
32 -20 24
33 3 -41
34 2 -5
35 -39 30
36 10 -26
37 -16 -33
38 33 33
39 21 41
40 -24 24
41 -47 -32
42 -12 12
43 43 -25
44 -39 -13
45 -14 -37
46 -45 29
47 -26 45
48 11 2
49 -47 4
50 -15 -10
51 34 14
DEMAND_SECTION
1 0
2 62
3 60
4 28
5 62
6 51
7 59
8 51
9 24
10 76
11 37
12 28
13 26
14 80
15 48
16 20
17 68
18 76
19 54
20 61
21 79
22 53
23 52
24 63
25 42
26 79
27 75
28 79
29 29
30 22
31 58
32 72
33 76
34 57
35 63
36 36
37 63
38 71
39 66
40 62
41 54
42 34
43 28
44 76
45 45
46 59
47 58
48 21
49 26
50 78
51 36
DEPOT_SECTION
1
-1
EOF