NAME: p01_4
BEST_KNOWN: 0
COMMENT: 0
DIMENSION: 51
CAPACITY: 160
EDGE_WEIGHT_FORMAT: FUNCTION
EDGE_WEIGHT_TYPE: EXACT_2D
NODE_COORD_SECTION
1 0 0
2 42 -34
3 -32 -11
4 -29 1
5 32 42
6 -44 -1
7 -45 13
8 15 39
9 44 50
10 3 7
11 43 37
12 -33 -41
13 23 29
14 40 36
15 -34 45
16 27 -10
17 -23 -12
18 -24 -6
19 44 -34
20 -50 49
21 -25 -19
22 -31 -6
23 40 26
24 -33 -1
25 -16 19
26 32 6
27 25 8
28 -24 -34
29 36 -7
30 13 16
31 42 20
32 -9 -21
33 -5 2
34 45 0
35 -26 -36
36 44 -37
37 38 24
38 15 -8
39 26 21
40 -31 -28
41 -12 -46
42 10 -12
43 -44 3
44 43 -37
45 19 -4
46 9 11
47 -44 2
48 -36 -4
49 -15 -23
50 32 43
51 13 -23
DEMAND_SECTION
1 0
2 52
3 29
4 27
5 71
6 70
7 34
8 20
9 31
10 27
11 51
12 62
13 72
14 64
15 38
16 44
17 75
18 77
19 47
20 42
21 53
22 45
23 57
24 75
25 63
26 69
27 53
28 51
29 37
30 74
31 71
32 56
33 43
34 52
35 30
36 79
37 41
38 71
39 28
40 77
41 75
42 52
43 39
44 25
45 31
46 49
47 51
48 29
49 62
50 59
51 73
DEPOT_SECTION
1
-1
EOF