NAME: p01_12
BEST_KNOWN: 0
COMMENT: 0
DIMENSION: 51
CAPACITY: 160
EDGE_WEIGHT_FORMAT: FUNCTION
EDGE_WEIGHT_TYPE: EXACT_2D
NODE_COORD_SECTION
1 0 0
2 -4 -48
3 43 37
4 43 -41
5 8 -12
6 24 7
7 11 -1
8 -1 41
9 26 23
10 30 24
11 5 -23
12 -5 -33
13 44 -45
14 -47 13
15 -36 20
16 -49 46
17 -27 -3
18 48 18
19 -14 -15
20 -7 -2
21 -48 -2
22 -20 45
23 19 -13
24 -5 37
25 25 30
26 38 -42
27 -41 -21
28 -21 -8
29 -49 -3
30 -38 15
31 -20 -37
32 -30 -45
33 -31 33
34 33 -46
35 -1 -30
36 -27 -21
37 -26 42
38 45 49
39 -26 -45
40 41 -34
41 -16 47
42 9 32
43 -45 -2
44 32 7
45 -23 43
46 -50 -39
47 -32 13
48 -47 -31
49 31 30
50 -7 45
51 -37 22
DEMAND_SECTION
1 0
2 73
3 73
4 63
5 61
6 68
7 66
8 61
9 76
10 32
11 48
12 51
13 61
14 45
15 68
16 22
17 25
18 57
19 35
20 59
21 49
22 37
23 62
24 80
25 71
26 52
27 45
28 77
29 25
30 70
31 74
32 59
33 26
34 80
35 30
36 72
37 67
38 28
39 74
40 47
41 39
42 79
43 48
44 79
45 52
46 52
47 63
48 64
49 57
50 46
51 59
DEPOT_SECTION
1
-1
EOF