NAME: p01_22
BEST_KNOWN: 0
COMMENT: 0
DIMENSION: 51
CAPACITY: 160
EDGE_WEIGHT_FORMAT: FUNCTION
EDGE_WEIGHT_TYPE: EXACT_2D
NODE_COORD_SECTION
1 0 0
2 34 -34
3 -40 -30
4 -30 39
5 46 -8
6 43 50
7 -16 -28
8 -42 -34
9 18 1
10 -50 -4
11 31 42
12 -24 30
13 37 33
14 -4 18
15 14 -3
16 -14 35
17 9 40
18 -14 36
19 -7 -48
20 -28 -36
21 35 -3
22 -6 -12
23 47 34
24 47 -2
25 -44 29
26 12 -45
27 25 6
28 -48 -43
29 47 -18
30 6 -37
31 21 37
32 -13 -6
33 5 28
34 -5 -47
35 -13 20
36 38 -33
37 17 38
38 27 4
39 20 34
40 -32 15
41 -3 33
42 39 -4
43 -16 5
44 13 -16
45 36 41
46 -1 -33
47 1 -11
48 -1 13
49 -33 41
50 -49 -49
51 33 -32
DEMAND_SECTION
1 0
2 38
3 29
4 59
5 31
6 71
7 37
8 76
9 70
10 56
11 42
12 59
13 57
14 53
15 69
16 35
17 61
18 40
19 66
20 69
21 29
22 69
23 23
24 20
25 50
26 49
27 32
28 66
29 40
30 32
31 24
32 32
33 66
34 73
35 80
36 40
37 51
38 36
39 71
40 28
41 50
42 58
43 65
44 55
45 21
46 30
47 28
48 47
49 69
50 71
51 34
DEPOT_SECTION
1
-1
EOF