NAME: p01_21
BEST_KNOWN: 0
COMMENT: 0
DIMENSION: 51
CAPACITY: 160
EDGE_WEIGHT_FORMAT: FUNCTION
EDGE_WEIGHT_TYPE: EXACT_2D
NODE_COORD_SECTION
1 0 0
2 -32 -31
3 -6 -48
4 -46 -41
5 35 23
6 33 47
7 -9 17
8 -17 9
9 -37 5
10 27 35
11 49 49
12 -39 39
13 50 13
14 -33 -14
15 -14 -4
16 -15 11
17 29 28
18 -16 24
19 44 -47
20 -13 -39
21 41 -47
22 12 3
23 -5 -7
24 6 -12
25 4 -38
26 -40 -43
27 50 -32
28 -29 36
29 -31 -46
30 32 -22
31 31 -50
32 6 29
33 -8 -3
34 -3 -30
35 34 15
36 12 -33
37 37 -1
38 -7 32
39 -27 -27
40 21 8
41 -47 2
42 -12 21
43 32 -44
44 13 33
45 9 -43
46 17 -2
47 -23 -15
48 -3 -18
49 8 -8
50 -36 -23
51 8 -49
DEMAND_SECTION
1 0
2 35
3 37
4 63
5 22
6 65
7 39
8 79
9 34
10 23
11 22
12 28
13 34
14 57
15 65
16 36
17 80
18 33
19 56
20 40
21 41
22 66
23 70
24 57
25 30
26 26
27 42
28 70
29 40
30 66
31 65
32 41
33 45
34 22
35 36
36 55
37 54
38 35
39 69
40 75
41 22
42 30
43 52
44 75
45 61
46 21
47 76
48 32
49 63
50 78
51 34
DEPOT_SECTION
1
-1
EOF