NAME: p01_15
BEST_KNOWN: 0
COMMENT: 0
DIMENSION: 51
CAPACITY: 160
EDGE_WEIGHT_FORMAT: FUNCTION
EDGE_WEIGHT_TYPE: EXACT_2D
NODE_COORD_SECTION
1 0 0
2 4 2
3 31 -37
4 33 -14
5 44 15
6 -17 -35
7 17 36
8 -30 -13
9 1 -50
10 -46 -24
11 19 -48
12 -39 -2
13 7 11
14 -16 28
15 21 -8
16 13 -27
17 -9 26
18 47 -49
19 -20 46
20 14 21
21 -19 -22
22 16 -45
23 39 2
24 -2 -18
25 -4 -6
26 0 -7
27 -47 33
28 31 -7
29 -10 -49
30 15 -31
31 -17 0
32 -15 19
33 14 -5
34 -15 -15
35 -16 -38
36 22 -4
37 4 -3
38 14 -46
39 -8 -23
40 -12 6
41 26 -38
42 4 -21
43 12 33
44 -26 -2
45 -49 28
46 -11 15
47 -38 -2
48 -35 -13
49 -26 -22
50 13 -49
51 24 24
DEMAND_SECTION
1 0
2 53
3 31
4 80
5 40
6 59
7 58
8 26
9 76
10 42
11 37
12 75
13 55
14 32
15 36
16 34
17 22
18 71
19 40
20 26
21 40
22 27
23 52
24 46
25 65
26 71
27 60
28 71
29 77
30 50
31 76
32 48
33 53
34 75
35 77
36 34
37 37
38 65
39 47
40 44
41 52
42 78
43 78
44 69
45 50
46 69
47 29
48 27
49 68
50 28
51 50
DEPOT_SECTION
1
-1
EOF