NAME: p01_10
BEST_KNOWN: 0
COMMENT: 0
DIMENSION: 51
CAPACITY: 160
EDGE_WEIGHT_FORMAT: FUNCTION
EDGE_WEIGHT_TYPE: EXACT_2D
NODE_COORD_SECTION
1 0 0
2 -34 6
3 -12 46
4 7 37
5 -22 11
6 30 43
7 18 -6
8 16 -19
9 1 -37
10 -41 -24
11 46 -40
12 42 28
13 -39 -46
14 12 -9
15 -10 -17
16 14 15
17 -19 -28
18 2 -24
19 -13 30
20 6 -48
21 44 -35
22 37 2
23 13 7
24 -19 -40
25 -44 29
26 -36 38
27 4 -14
28 45 33
29 -49 39
30 -18 34
31 -27 -45
32 -50 17
33 50 -47
34 5 9
35 -3 40
36 17 11
37 31 -15
38 -27 45
39 23 44
40 18 36
41 -34 -20
42 48 -38
43 -20 -17
44 37 44
45 -2 38
46 35 -27
47 -33 35
48 42 11
49 -42 42
50 6 29
51 -21 8
DEMAND_SECTION
1 0
2 21
3 36
4 62
5 74
6 77
7 79
8 78
9 71
10 47
11 21
12 79
13 57
14 76
15 41
16 63
17 71
18 79
19 60
20 34
21 25
22 34
23 64
24 39
25 46
26 77
27 74
28 52
29 70
30 48
31 72
32 69
33 59
34 64
35 78
36 29
37 50
38 43
39 45
40 78
41 58
42 28
43 56
44 45
45 57
46 31
47 66
48 80
49 30
50 27
51 54
DEPOT_SECTION
1
-1
EOF