NAME: p01_28
BEST_KNOWN: 0
COMMENT: 0
DIMENSION: 51
CAPACITY: 160
EDGE_WEIGHT_FORMAT: FUNCTION
EDGE_WEIGHT_TYPE: EXACT_2D
NODE_COORD_SECTION
1 0 0
2 -29 -44
3 -6 -37
4 -19 16
5 30 27
6 -12 -47
7 21 -5
8 25 -3
9 -2 -12
10 43 3
11 39 -13
12 -49 38
13 -27 -43
14 -37 41
15 28 22
16 -29 26
17 46 -50
18 -41 -14
19 18 -35
20 -12 -5
21 -15 33
22 -10 -8
23 2 42
24 7 22
25 -45 -7
26 21 -23
27 -12 -33
28 -24 42
29 15 40
30 -37 38
31 49 47
32 -15 -39
33 -25 50
34 50 43
35 12 -46
36 20 24
37 15 -50
38 -1 -48
39 -34 -28
40 11 34
41 -3 -41
42 40 6
43 -46 45
44 -40 -46
45 1 1
46 16 10
47 -3 -33
48 -24 13
49 -8 34
50 24 -28
51 44 41
DEMAND_SECTION
1 0
2 32
3 62
4 74
5 24
6 54
7 24
8 52
9 58
10 44
11 63
12 64
13 38
14 35
15 25
16 41
17 72
18 70
19 25
20 55
21 66
22 46
23 60
24 80
25 28
26 22
27 44
28 49
29 41
30 49
31 32
32 28
33 38
34 52
35 72
36 30
37 28
38 59
39 24
40 42
41 72
42 46
43 26
44 48
45 62
46 72
47 77
48 80
49 67
50 29
51 64
DEPOT_SECTION
1
-1
EOF