NAME: p01_16
BEST_KNOWN: 0
COMMENT: 0
DIMENSION: 51
CAPACITY: 160
EDGE_WEIGHT_FORMAT: FUNCTION
EDGE_WEIGHT_TYPE: EXACT_2D
NODE_COORD_SECTION
1 0 0
2 -48 -34
3 24 44
4 39 -34
5 -10 -25
6 33 0
7 -3 38
8 -21 -30
9 -9 8
10 29 22
11 32 -13
12 18 -8
13 31 1
14 -13 -39
15 -20 -36
16 34 -1
17 -43 9
18 -16 27
19 -28 16
20 34 9
21 8 -24
22 -24 -4
23 -46 -15
24 37 26
25 -6 15
26 1 29
27 1 -47
28 -23 -40
29 29 -4
30 -1 44
31 22 42
32 -45 48
33 -25 -38
34 46 -41
35 27 -37
36 26 12
37 -44 48
38 -8 -22
39 23 -28
40 41 -39
41 -3 -40
42 20 48
43 44 -21
44 41 -29
45 -47 -14
46 38 -38
47 1 -39
48 46 -44
49 -22 41
50 -11 -47
51 27 -27
DEMAND_SECTION
1 0
2 57
3 46
4 67
5 49
6 38
7 46
8 42
9 53
10 47
11 54
12 72
13 65
14 26
15 49
16 80
17 63
18 49
19 61
20 25
21 56
22 35
23 30
24 70
25 38
26 60
27 44
28 66
29 77
30 78
31 38
32 39
33 58
34 44
35 60
36 50
37 56
38 47
39 74
40 54
41 72
42 80
43 56
44 55
45 74
46 76
47 66
48 78
49 60
50 53
51 29
DEPOT_SECTION
1
-1
EOF