NAME: p01_9
BEST_KNOWN: 0
COMMENT: 0
DIMENSION: 51
CAPACITY: 160
EDGE_WEIGHT_FORMAT: FUNCTION
EDGE_WEIGHT_TYPE: EXACT_2D
NODE_COORD_SECTION
1 0 0
2 32 40
3 -15 0
4 -27 -18
5 36 29
6 44 21
7 44 -45
8 -1 14
9 -30 -27
10 36 12
11 -20 -42
12 -24 -22
13 26 7
14 34 48
15 -47 -14
16 -46 15
17 33 2
18 6 -26
19 -13 -4
20 30 -44
21 -29 7
22 -49 17
23 31 -26
24 -21 10
25 -50 -10
26 -20 -25
27 12 -12
28 30 -49
29 21 -36
30 -27 -30
31 23 -23
32 -34 7
33 36 -41
34 -45 43
35 -32 -3
36 45 -38
37 47 10
38 26 50
39 -40 -20
40 -29 -41
41 10 29
42 5 29
43 35 -18
44 -48 -48
45 -35 -46
46 21 44
47 44 -37
48 -2 6
49 46 32
50 -39 -50
51 38 10
DEMAND_SECTION
1 0
2 37
3 56
4 79
5 22
6 43
7 27
8 39
9 37
10 51
11 78
12 55
13 51
14 40
15 52
16 55
17 32
18 28
19 62
20 59
21 59
22 27
23 80
24 25
25 34
26 55
27 35
28 51
29 72
30 52
31 76
32 69
33 54
34 78
35 39
36 55
37 45
38 68
39 40
40 35
41 71
42 78
43 33
44 46
45 59
46 42
47 40
48 75
49 44
50 35
51 52
DEPOT_SECTION
1
-1
EOF