NAME: p01_27
BEST_KNOWN: 0
COMMENT: 0
DIMENSION: 51
CAPACITY: 160
EDGE_WEIGHT_FORMAT: FUNCTION
EDGE_WEIGHT_TYPE: EXACT_2D
NODE_COORD_SECTION
1 0 0
2 -49 19
3 16 45
4 -17 45
5 -16 -5
6 22 9
7 -8 -32
8 -18 -29
9 -18 27
10 -13 0
11 -7 46
12 -36 -19
13 28 -21
14 -47 32
15 -21 19
16 -21 -45
17 28 35
18 -38 -22
19 -17 42
20 18 15
21 6 -20
22 8 9
23 11 -5
24 28 -50
25 -33 32
26 -23 -33
27 31 -32
28 33 -9
29 -48 46
30 35 48
31 24 31
32 17 31
33 -7 7
34 -15 -34
35 8 -16
36 4 -6
37 0 -40
38 -35 18
39 25 6
40 5 -6
41 -7 35
42 -49 30
43 0 -19
44 14 -33
45 48 5
46 -25 22
47 -35 -19
48 38 -8
49 47 36
50 34 35
51 -28 6
DEMAND_SECTION
1 0
2 68
3 79
4 60
5 70
6 34
7 71
8 51
9 28
10 24
11 40
12 73
13 24
14 46
15 30
16 34
17 70
18 42
19 56
20 30
21 54
22 36
23 63
24 80
25 78
26 58
27 40
28 53
29 48
30 62
31 70
32 36
33 30
34 32
35 31
36 32
37 59
38 48
39 35
40 32
41 76
42 32
43 30
44 78
45 21
46 77
47 47
48 26
49 39
50 30
51 73
DEPOT_SECTION
1
-1
EOF