NAME: p01_2
BEST_KNOWN: 0
COMMENT: 0
DIMENSION: 51
CAPACITY: 160
EDGE_WEIGHT_FORMAT: FUNCTION
EDGE_WEIGHT_TYPE: EXACT_2D
NODE_COORD_SECTION
1 0 0
2 8 -38
3 10 -41
4 -39 45
5 28 -6
6 -26 20
7 -39 -36
8 10 27
9 14 16
10 12 20
11 8 -19
12 40 -47
13 -42 -36
14 24 17
15 -2 -23
16 -16 -2
17 40 -43
18 14 28
19 19 -25
20 18 -24
21 -47 -2
22 19 15
23 14 1
24 -40 40
25 4 -3
26 23 35
27 -46 -12
28 26 -23
29 41 -7
30 -8 -45
31 13 -4
32 10 23
33 2 -43
34 -50 -24
35 33 34
36 35 -27
37 45 44
38 -35 -18
39 -47 -17
40 3 19
41 -18 39
42 40 -26
43 18 -11
44 -4 13
45 -14 50
46 -6 37
47 3 -39
48 -17 32
49 0 43
50 -20 0
51 4 24
DEMAND_SECTION
1 0
2 29
3 45
4 80
5 27
6 38
7 40
8 51
9 22
10 52
11 78
12 21
13 27
14 35
15 26
16 65
17 36
18 65
19 43
20 36
21 25
22 50
23 49
24 42
25 61
26 66
27 65
28 57
29 69
30 42
31 72
32 76
33 39
34 55
35 41
36 43
37 45
38 20
39 74
40 70
41 39
42 33
43 49
44 30
45 75
46 72
47 59
48 60
49 38
50 53
51 27
DEPOT_SECTION
1
-1
EOF