NAME: p02_22
BEST_KNOWN: 0
COMMENT: 0
DIMENSION: 76
CAPACITY: 140
EDGE_WEIGHT_FORMAT: FUNCTION
EDGE_WEIGHT_TYPE: EXACT_2D
NODE_COORD_SECTION
1 0 0
2 41 -35
3 20 -37
4 -28 8
5 33 14
6 28 9
7 15 16
8 -28 35
9 -26 20
10 -35 21
11 -34 -45
12 18 44
13 11 -33
14 -41 48
15 -38 21
16 9 -38
17 21 -16
18 -1 1
19 -15 -41
20 7 -12
21 -6 -20
22 -19 -50
23 14 42
24 -15 -11
25 42 -12
26 39 41
27 14 -44
28 -29 28
29 11 47
30 -40 -40
31 22 -25
32 -41 32
33 48 8
34 40 4
35 7 -19
36 32 46
37 -39 13
38 -29 0
39 29 -17
40 21 -30
41 6 -46
42 -6 37
43 22 48
44 -42 -1
45 44 -34
46 -17 49
47 37 37
48 -44 -2
49 0 32
50 38 25
51 3 11
52 -36 39
53 -9 3
54 -30 -44
55 -7 46
56 -40 -17
57 -23 3
58 -7 28
59 8 -50
60 10 -8
61 39 -33
62 -19 -33
63 -15 -31
64 -4 7
65 1 32
66 8 5
67 -38 43
68 -40 -30
69 10 19
70 -19 2
71 47 31
72 -3 27
73 -39 -2
74 -45 18
75 13 10
76 -7 43
DEMAND_SECTION
1 0
2 25
3 49
4 25
5 60
6 23
7 53
8 52
9 31
10 35
11 57
12 31
13 22
14 59
15 57
16 60
17 58
18 26
19 68
20 22
21 66
22 62
23 33
24 26
25 38
26 35
27 65
28 56
29 39
30 34
31 25
32 28
33 70
34 18
35 32
36 29
37 34
38 39
39 31
40 56
41 34
42 25
43 25
44 45
45 58
46 65
47 49
48 67
49 21
50 48
51 17
52 23
53 54
54 67
55 69
56 57
57 48
58 18
59 38
60 60
61 59
62 62
63 62
64 26
65 58
66 35
67 44
68 32
69 26
70 70
71 50
72 54
73 23
74 49
75 28
76 39
DEPOT_SECTION
1
-1
EOF