NAME: p02_21
BEST_KNOWN: 0
COMMENT: 0
DIMENSION: 76
CAPACITY: 140
EDGE_WEIGHT_FORMAT: FUNCTION
EDGE_WEIGHT_TYPE: EXACT_2D
NODE_COORD_SECTION
1 0 0
2 -40 -35
3 15 -36
4 -39 -10
5 17 -40
6 -32 -16
7 8 14
8 -38 -42
9 43 26
10 -29 -34
11 -25 30
12 -19 11
13 -42 -44
14 -21 28
15 -12 40
16 -32 -13
17 -14 47
18 -18 11
19 11 -8
20 22 -38
21 49 -11
22 23 -2
23 -5 -2
24 -25 1
25 14 -6
26 25 -16
27 3 -34
28 48 -46
29 -44 45
30 15 -19
31 19 -39
32 -43 43
33 -40 18
34 -16 -42
35 -27 6
36 21 24
37 -11 -45
38 -2 -3
39 7 36
40 -22 26
41 -29 -6
42 16 -28
43 30 37
44 -23 -37
45 -47 41
46 40 46
47 16 -6
48 27 -6
49 50 -22
50 11 -7
51 21 15
52 -32 -49
53 -1 7
54 -7 -44
55 38 -30
56 -13 -3
57 -13 -39
58 -32 7
59 -5 24
60 -24 -41
61 36 12
62 -24 44
63 -27 -37
64 -16 50
65 -3 44
66 27 -44
67 -46 -41
68 25 45
69 41 1
70 -28 -30
71 27 2
72 -14 -19
73 -12 -43
74 -23 -46
75 -24 5
76 -29 -49
DEMAND_SECTION
1 0
2 56
3 53
4 42
5 36
6 57
7 54
8 60
9 59
10 56
11 32
12 43
13 25
14 61
15 44
16 47
17 59
18 68
19 22
20 58
21 56
22 49
23 18
24 33
25 33
26 19
27 57
28 68
29 67
30 68
31 20
32 69
33 59
34 66
35 35
36 18
37 38
38 67
39 49
40 65
41 55
42 52
43 70
44 18
45 65
46 48
47 27
48 51
49 42
50 20
51 55
52 44
53 42
54 29
55 29
56 34
57 57
58 63
59 59
60 37
61 48
62 62
63 28
64 34
65 21
66 31
67 46
68 32
69 57
70 31
71 45
72 29
73 67
74 66
75 41
76 64
DEPOT_SECTION
1
-1
EOF