NAME: p02_12
BEST_KNOWN: 0
COMMENT: 0
DIMENSION: 76
CAPACITY: 140
EDGE_WEIGHT_FORMAT: FUNCTION
EDGE_WEIGHT_TYPE: EXACT_2D
NODE_COORD_SECTION
1 0 0
2 23 15
3 50 12
4 -16 -36
5 48 -5
6 -20 31
7 -43 -13
8 -14 18
9 -50 36
10 -8 5
11 43 -26
12 6 -49
13 44 21
14 12 36
15 -40 8
16 -40 18
17 -44 1
18 0 -36
19 20 -48
20 -42 -41
21 18 -18
22 50 -23
23 10 -32
24 -48 -47
25 9 -38
26 -17 -16
27 -10 44
28 -50 27
29 -9 -26
30 0 0
31 -48 5
32 -37 22
33 48 -37
34 -12 -21
35 46 23
36 -37 -16
37 -20 -21
38 48 -37
39 -18 -5
40 19 -15
41 37 9
42 5 34
43 -5 31
44 -36 -47
45 37 -43
46 43 4
47 -35 -40
48 50 34
49 -14 -20
50 15 24
51 -27 -35
52 -6 43
53 49 -21
54 -31 -36
55 22 -24
56 -12 13
57 1 41
58 -3 36
59 -5 -13
60 17 44
61 19 39
62 -32 13
63 -15 -6
64 -16 31
65 27 -43
66 -14 22
67 28 -40
68 29 39
69 24 38
70 -1 -20
71 -19 -24
72 0 -28
73 -16 -47
74 19 0
75 14 -15
76 13 -14
DEMAND_SECTION
1 0
2 42
3 59
4 47
5 37
6 18
7 65
8 66
9 51
10 44
11 51
12 23
13 40
14 31
15 59
16 58
17 42
18 20
19 51
20 37
21 52
22 48
23 24
24 25
25 37
26 67
27 41
28 55
29 63
30 46
31 27
32 67
33 27
34 55
35 56
36 42
37 31
38 69
39 41
40 62
41 24
42 40
43 45
44 42
45 40
46 66
47 28
48 54
49 43
50 34
51 28
52 51
53 50
54 30
55 37
56 26
57 60
58 38
59 32
60 47
61 44
62 56
63 43
64 67
65 36
66 37
67 30
68 18
69 26
70 43
71 25
72 62
73 50
74 32
75 36
76 35
DEPOT_SECTION
1
-1
EOF