NAME: p02_27
BEST_KNOWN: 0
COMMENT: 0
DIMENSION: 76
CAPACITY: 140
EDGE_WEIGHT_FORMAT: FUNCTION
EDGE_WEIGHT_TYPE: EXACT_2D
NODE_COORD_SECTION
1 0 0
2 19 26
3 10 27
4 46 27
5 -45 7
6 -41 -27
7 13 36
8 -25 42
9 6 16
10 -49 -47
11 46 -32
12 -12 49
13 19 -1
14 -21 7
15 -31 -19
16 -12 -15
17 19 -32
18 -26 -6
19 -44 16
20 3 33
21 -9 -1
22 -4 -36
23 -13 -48
24 21 43
25 5 30
26 31 20
27 -33 -5
28 -48 -12
29 38 26
30 -49 -43
31 13 9
32 -37 2
33 4 -42
34 22 -24
35 49 36
36 28 -42
37 -8 25
38 2 23
39 9 28
40 42 10
41 -45 -36
42 -1 41
43 15 19
44 21 43
45 0 25
46 49 19
47 13 29
48 43 50
49 42 -4
50 16 5
51 -21 -39
52 16 36
53 -41 -28
54 7 42
55 -22 9
56 -13 -14
57 -31 25
58 -34 -36
59 1 40
60 32 47
61 -14 -38
62 -45 -22
63 -9 -47
64 34 11
65 49 16
66 19 -11
67 21 -19
68 2 -6
69 33 17
70 50 18
71 31 25
72 -42 39
73 -4 -40
74 -38 -26
75 -25 35
76 29 -41
DEMAND_SECTION
1 0
2 61
3 48
4 23
5 25
6 67
7 28
8 32
9 68
10 69
11 35
12 17
13 54
14 48
15 65
16 38
17 19
18 46
19 23
20 44
21 21
22 68
23 67
24 69
25 70
26 41
27 21
28 26
29 59
30 38
31 53
32 37
33 65
34 25
35 65
36 33
37 30
38 35
39 26
40 27
41 58
42 29
43 22
44 54
45 24
46 35
47 62
48 25
49 41
50 27
51 39
52 58
53 59
54 68
55 43
56 38
57 32
58 33
59 36
60 19
61 24
62 61
63 44
64 69
65 32
66 24
67 20
68 46
69 66
70 24
71 22
72 22
73 28
74 53
75 54
76 46
DEPOT_SECTION
1
-1
EOF