NAME: p02_1
BEST_KNOWN: 0
COMMENT: 0
DIMENSION: 76
CAPACITY: 140
EDGE_WEIGHT_FORMAT: FUNCTION
EDGE_WEIGHT_TYPE: EXACT_2D
NODE_COORD_SECTION
1 0 0
2 13 31
3 35 -44
4 46 -49
5 -37 34
6 8 -47
7 14 25
8 -2 48
9 16 17
10 -6 -47
11 -20 -18
12 -22 31
13 41 15
14 -32 40
15 -21 39
16 7 12
17 45 -35
18 -45 -19
19 -1 2
20 -2 46
21 43 -41
22 13 28
23 33 -16
24 2 50
25 29 -31
26 32 49
27 -50 13
28 -35 -25
29 -1 -50
30 8 -46
31 -36 -21
32 -26 -33
33 -1 22
34 22 4
35 -21 17
36 -13 43
37 1 39
38 -20 18
39 27 -45
40 -4 30
41 -21 -14
42 -46 -13
43 -47 34
44 -42 -38
45 -14 -48
46 -4 -31
47 10 33
48 19 9
49 -43 -29
50 -37 -16
51 -1 35
52 27 19
53 -39 -17
54 -10 26
55 -8 -2
56 -12 -24
57 -1 -44
58 -17 13
59 47 -30
60 -4 16
61 13 36
62 13 30
63 -27 -27
64 45 -46
65 23 15
66 -1 -49
67 17 18
68 43 -40
69 14 32
70 8 35
71 -10 -28
72 43 34
73 -12 -23
74 -8 17
75 25 -43
76 41 23
DEMAND_SECTION
1 0
2 23
3 28
4 40
5 20
6 55
7 47
8 23
9 24
10 35
11 47
12 55
13 49
14 68
15 27
16 64
17 54
18 66
19 67
20 64
21 60
22 40
23 64
24 54
25 28
26 21
27 26
28 52
29 41
30 54
31 70
32 47
33 64
34 27
35 65
36 64
37 50
38 70
39 54
40 43
41 20
42 52
43 36
44 32
45 37
46 18
47 32
48 21
49 40
50 48
51 64
52 67
53 26
54 54
55 54
56 31
57 64
58 47
59 22
60 47
61 66
62 69
63 69
64 41
65 39
66 50
67 29
68 57
69 65
70 36
71 20
72 53
73 47
74 60
75 31
76 43
DEPOT_SECTION
1
-1
EOF