NAME: p02_5
BEST_KNOWN: 0
COMMENT: 0
DIMENSION: 76
CAPACITY: 140
EDGE_WEIGHT_FORMAT: FUNCTION
EDGE_WEIGHT_TYPE: EXACT_2D
NODE_COORD_SECTION
1 0 0
2 -2 42
3 13 12
4 -50 -24
5 48 39
6 -14 29
7 -27 8
8 -21 37
9 49 -30
10 19 19
11 47 13
12 19 46
13 -2 -37
14 -22 26
15 43 33
16 50 -35
17 -50 -30
18 -8 -25
19 39 -48
20 29 -31
21 -48 7
22 33 50
23 -15 8
24 -2 -44
25 14 -11
26 -39 -46
27 -10 -28
28 -40 6
29 -3 12
30 3 -8
31 -9 43
32 -7 27
33 17 22
34 -15 13
35 27 45
36 -1 -42
37 -45 -12
38 48 -5
39 -42 27
40 -10 -17
41 -3 3
42 28 -41
43 -22 31
44 6 -18
45 -17 10
46 -31 -34
47 -12 5
48 -20 -20
49 -47 -43
50 40 -49
51 11 -14
52 14 45
53 -50 -48
54 8 -24
55 -9 8
56 -8 31
57 21 -30
58 -10 35
59 -2 4
60 28 -16
61 -5 8
62 20 19
63 -41 13
64 -43 33
65 -37 -44
66 9 40
67 -44 47
68 26 -21
69 16 47
70 -48 26
71 -18 -26
72 -32 -46
73 -19 -5
74 -17 -5
75 8 -14
76 -1 -50
DEMAND_SECTION
1 0
2 36
3 63
4 46
5 22
6 41
7 52
8 51
9 36
10 26
11 60
12 54
13 48
14 57
15 52
16 18
17 19
18 33
19 48
20 53
21 56
22 60
23 65
24 61
25 18
26 57
27 65
28 31
29 26
30 26
31 50
32 41
33 37
34 21
35 36
36 54
37 49
38 59
39 41
40 55
41 64
42 57
43 49
44 19
45 34
46 67
47 55
48 37
49 60
50 60
51 34
52 59
53 35
54 56
55 47
56 29
57 33
58 24
59 64
60 63
61 63
62 21
63 60
64 21
65 27
66 65
67 56
68 70
69 30
70 44
71 19
72 40
73 57
74 63
75 20
76 31
DEPOT_SECTION
1
-1
EOF