NAME: p02_30
BEST_KNOWN: 0
COMMENT: 0
DIMENSION: 76
CAPACITY: 140
EDGE_WEIGHT_FORMAT: FUNCTION
EDGE_WEIGHT_TYPE: EXACT_2D
NODE_COORD_SECTION
1 0 0
2 -28 32
3 27 -28
4 5 -7
5 -42 10
6 -41 -3
7 -37 4
8 -6 9
9 27 3
10 -18 -8
11 -41 -35
12 8 2
13 -33 0
14 -46 22
15 -37 -48
16 49 -7
17 -28 -42
18 -34 -11
19 45 35
20 -13 14
21 -40 6
22 13 -23
23 2 19
24 -10 -30
25 29 28
26 36 37
27 16 -50
28 48 23
29 17 28
30 -32 -38
31 27 -3
32 10 -45
33 22 -38
34 -35 39
35 10 20
36 -21 32
37 -9 33
38 -17 13
39 -4 -48
40 8 -27
41 19 -45
42 -13 24
43 -44 0
44 50 -33
45 -38 19
46 18 -7
47 -33 -6
48 27 -44
49 -24 -20
50 38 20
51 -1 -10
52 45 3
53 -30 36
54 -37 26
55 -48 49
56 -24 18
57 16 23
58 38 -49
59 8 28
60 30 35
61 -2 -23
62 22 -23
63 -39 0
64 11 38
65 13 -41
66 18 -35
67 5 -22
68 23 41
69 -26 31
70 19 -25
71 -19 -2
72 12 -26
73 -46 4
74 -37 15
75 37 -35
76 -13 -45
DEMAND_SECTION
1 0
2 68
3 70
4 37
5 24
6 60
7 38
8 27
9 47
10 23
11 20
12 51
13 38
14 60
15 41
16 21
17 70
18 36
19 29
20 66
21 41
22 49
23 44
24 19
25 21
26 46
27 69
28 59
29 64
30 70
31 58
32 47
33 58
34 54
35 29
36 35
37 44
38 23
39 36
40 64
41 48
42 26
43 18
44 62
45 62
46 33
47 64
48 61
49 46
50 30
51 22
52 69
53 70
54 70
55 51
56 44
57 24
58 20
59 50
60 18
61 51
62 38
63 58
64 23
65 52
66 55
67 69
68 31
69 55
70 43
71 17
72 43
73 59
74 61
75 23
76 64
DEPOT_SECTION
1
-1
EOF