NAME: p02_20
BEST_KNOWN: 0
COMMENT: 0
DIMENSION: 76
CAPACITY: 140
EDGE_WEIGHT_FORMAT: FUNCTION
EDGE_WEIGHT_TYPE: EXACT_2D
NODE_COORD_SECTION
1 0 0
2 16 34
3 -6 -36
4 42 26
5 29 32
6 -6 -7
7 47 23
8 -1 -2
9 49 -42
10 46 6
11 42 47
12 25 39
13 -37 -12
14 -10 -4
15 -40 -49
16 -41 13
17 11 -23
18 22 -37
19 8 -43
20 -21 4
21 -24 -19
22 -13 -1
23 -39 -25
24 -40 46
25 36 1
26 -27 -22
27 -22 45
28 42 -37
29 7 -38
30 -38 -27
31 24 32
32 -40 34
33 -34 50
34 42 19
35 -1 -48
36 -22 -5
37 -5 13
38 39 -25
39 7 -42
40 -1 -26
41 7 -7
42 48 33
43 21 22
44 -22 19
45 -17 -19
46 15 7
47 7 3
48 -38 -12
49 42 22
50 32 -11
51 19 44
52 10 -6
53 15 0
54 -4 -32
55 10 18
56 32 28
57 34 1
58 4 27
59 41 6
60 -18 -30
61 35 19
62 -19 37
63 50 -23
64 20 -42
65 -12 -44
66 -9 48
67 32 -17
68 13 -32
69 -42 37
70 -43 -18
71 9 8
72 -33 -13
73 39 20
74 -27 -44
75 -33 30
76 23 17
DEMAND_SECTION
1 0
2 41
3 67
4 28
5 54
6 66
7 25
8 28
9 18
10 64
11 42
12 19
13 33
14 67
15 35
16 36
17 31
18 44
19 66
20 17
21 26
22 39
23 35
24 30
25 19
26 62
27 39
28 29
29 28
30 33
31 64
32 62
33 35
34 36
35 61
36 35
37 66
38 24
39 54
40 18
41 38
42 64
43 21
44 43
45 29
46 50
47 30
48 35
49 42
50 52
51 27
52 44
53 17
54 25
55 38
56 51
57 58
58 27
59 19
60 42
61 43
62 20
63 37
64 55
65 46
66 57
67 24
68 70
69 64
70 43
71 19
72 17
73 31
74 45
75 60
76 29
DEPOT_SECTION
1
-1
EOF