NAME: p02_11
BEST_KNOWN: 0
COMMENT: 0
DIMENSION: 76
CAPACITY: 140
EDGE_WEIGHT_FORMAT: FUNCTION
EDGE_WEIGHT_TYPE: EXACT_2D
NODE_COORD_SECTION
1 0 0
2 -34 34
3 15 11
4 7 -17
5 33 -22
6 14 -41
7 -35 -36
8 35 -38
9 26 -32
10 17 27
11 22 11
12 20 -27
13 -13 -13
14 33 38
15 -7 36
16 17 29
17 29 12
18 49 -11
19 -31 17
20 25 -50
21 -50 34
22 -36 -46
23 47 15
24 -1 -11
25 -48 0
26 18 39
27 6 -14
28 32 33
29 -43 20
30 27 33
31 -22 -2
32 42 24
33 -43 -11
34 42 36
35 -8 47
36 -45 -8
37 -37 -25
38 31 34
39 31 17
40 27 32
41 15 17
42 -42 23
43 -23 -34
44 -19 26
45 24 2
46 33 -42
47 -11 46
48 14 -27
49 17 6
50 38 8
51 -11 -3
52 15 -31
53 40 10
54 39 18
55 -26 -8
56 -24 2
57 -8 8
58 -22 2
59 17 5
60 35 19
61 10 39
62 3 47
63 35 -7
64 -31 37
65 33 -28
66 -26 -10
67 -21 -36
68 17 -13
69 -12 -18
70 -25 -16
71 -48 48
72 -1 -34
73 14 42
74 -28 40
75 23 45
76 31 50
DEMAND_SECTION
1 0
2 40
3 58
4 41
5 44
6 57
7 60
8 22
9 32
10 35
11 21
12 44
13 64
14 19
15 19
16 68
17 64
18 17
19 22
20 54
21 31
22 54
23 23
24 17
25 56
26 22
27 62
28 29
29 24
30 26
31 63
32 54
33 57
34 31
35 40
36 28
37 23
38 61
39 31
40 19
41 28
42 49
43 41
44 53
45 48
46 67
47 26
48 22
49 24
50 52
51 61
52 19
53 19
54 55
55 54
56 41
57 50
58 66
59 66
60 40
61 41
62 32
63 30
64 41
65 53
66 19
67 48
68 44
69 28
70 27
71 47
72 68
73 43
74 53
75 21
76 58
DEPOT_SECTION
1
-1
EOF