NAME: p02_4
BEST_KNOWN: 0
COMMENT: 0
DIMENSION: 76
CAPACITY: 140
EDGE_WEIGHT_FORMAT: FUNCTION
EDGE_WEIGHT_TYPE: EXACT_2D
NODE_COORD_SECTION
1 0 0
2 41 45
3 29 -33
4 -40 -29
5 43 25
6 34 -34
7 44 33
8 18 25
9 -1 -27
10 -31 41
11 -41 -8
12 15 12
13 47 39
14 -20 19
15 30 10
16 -26 -21
17 -38 50
18 -39 -50
19 49 -4
20 4 48
21 -32 16
22 40 -42
23 -36 12
24 -30 -1
25 34 -29
26 -38 23
27 21 -1
28 17 25
29 -7 16
30 -1 -20
31 48 -28
32 -41 34
33 -33 36
34 6 47
35 46 -47
36 -18 -18
37 36 -12
38 45 -42
39 -15 9
40 45 34
41 -25 0
42 -6 31
43 -44 -19
44 13 -38
45 -48 -17
46 -26 11
47 -14 -34
48 -23 -30
49 21 31
50 49 -25
51 19 21
52 -16 -7
53 -16 -40
54 34 11
55 9 -22
56 33 0
57 14 -17
58 10 32
59 -28 14
60 -14 49
61 27 37
62 -29 -50
63 -30 42
64 -14 36
65 -10 8
66 30 -22
67 -25 -18
68 40 -43
69 24 47
70 9 -7
71 48 -7
72 8 45
73 -12 12
74 -10 -24
75 -20 -50
76 -42 41
DEMAND_SECTION
1 0
2 26
3 48
4 57
5 29
6 63
7 49
8 51
9 68
10 45
11 42
12 63
13 62
14 17
15 69
16 66
17 62
18 27
19 45
20 53
21 33
22 17
23 66
24 44
25 27
26 22
27 56
28 67
29 19
30 42
31 27
32 67
33 50
34 65
35 18
36 40
37 70
38 44
39 22
40 28
41 68
42 48
43 41
44 47
45 31
46 38
47 30
48 20
49 45
50 68
51 55
52 48
53 50
54 17
55 54
56 19
57 22
58 42
59 29
60 44
61 32
62 51
63 29
64 26
65 23
66 50
67 27
68 26
69 34
70 61
71 54
72 42
73 54
74 23
75 35
76 23
DEPOT_SECTION
1
-1
EOF