NAME: p02_9
BEST_KNOWN: 0
COMMENT: 0
DIMENSION: 76
CAPACITY: 140
EDGE_WEIGHT_FORMAT: FUNCTION
EDGE_WEIGHT_TYPE: EXACT_2D
NODE_COORD_SECTION
1 0 0
2 16 -38
3 -48 20
4 46 45
5 7 20
6 24 6
7 -34 6
8 39 -36
9 -36 -19
10 8 10
11 22 -24
12 -18 33
13 -14 -11
14 10 -36
15 -19 10
16 6 37
17 38 24
18 9 -22
19 -49 48
20 -25 20
21 43 42
22 31 43
23 -45 -39
24 -15 38
25 -30 -18
26 -44 -48
27 40 -21
28 9 -49
29 37 -47
30 -21 -1
31 -22 -21
32 31 -18
33 10 40
34 26 38
35 24 -38
36 -22 11
37 -41 -43
38 29 35
39 34 -15
40 -50 -50
41 7 -15
42 14 -15
43 -30 39
44 -1 -31
45 -31 -26
46 49 45
47 41 -27
48 -18 26
49 -48 49
50 -43 4
51 -26 -36
52 -20 17
53 46 20
54 37 4
55 48 -10
56 -39 -45
57 -27 48
58 -31 -16
59 -14 22
60 -21 -23
61 8 44
62 32 40
63 10 -2
64 -43 10
65 -9 37
66 37 21
67 10 -40
68 12 18
69 44 -16
70 -3 -38
71 -44 -3
72 15 -24
73 -23 18
74 -19 -16
75 41 -16
76 -18 -36
DEMAND_SECTION
1 0
2 37
3 65
4 70
5 43
6 31
7 66
8 57
9 28
10 34
11 45
12 51
13 64
14 50
15 47
16 31
17 25
18 19
19 18
20 52
21 55
22 43
23 33
24 25
25 30
26 45
27 18
28 65
29 58
30 35
31 45
32 65
33 44
34 52
35 20
36 67
37 30
38 54
39 26
40 42
41 33
42 24
43 66
44 17
45 33
46 42
47 55
48 55
49 33
50 23
51 21
52 54
53 37
54 70
55 45
56 22
57 67
58 21
59 66
60 59
61 52
62 43
63 58
64 44
65 22
66 48
67 62
68 43
69 39
70 31
71 33
72 58
73 40
74 61
75 24
76 20
DEPOT_SECTION
1
-1
EOF