NAME: p02_29
BEST_KNOWN: 0
COMMENT: 0
DIMENSION: 76
CAPACITY: 140
EDGE_WEIGHT_FORMAT: FUNCTION
EDGE_WEIGHT_TYPE: EXACT_2D
NODE_COORD_SECTION
1 0 0
2 -9 -37
3 -18 -15
4 -32 4
5 -30 47
6 9 33
7 -44 9
8 -39 -24
9 8 -16
10 46 11
11 -43 22
12 37 -44
13 -31 -35
14 43 -5
15 -48 -29
16 31 -5
17 -12 -12
18 -40 -29
19 20 27
20 18 -41
21 -24 -30
22 22 -14
23 -11 -38
24 -28 -47
25 8 -42
26 48 -33
27 -23 13
28 8 -38
29 12 -17
30 20 -31
31 49 -30
32 1 4
33 -33 46
34 -38 30
35 50 -2
36 5 18
37 30 -20
38 3 -10
39 46 22
40 38 26
41 5 18
42 -16 -34
43 41 -40
44 42 -50
45 -11 -22
46 -38 16
47 -38 49
48 -25 -35
49 -49 -10
50 36 -2
51 34 -37
52 -22 -12
53 -27 32
54 -44 -6
55 -27 -1
56 15 -12
57 -31 22
58 -12 11
59 34 37
60 34 -39
61 50 47
62 43 16
63 10 -25
64 -41 22
65 19 -40
66 -24 34
67 -15 3
68 23 39
69 42 -50
70 15 -15
71 6 -7
72 45 19
73 -3 -48
74 22 -35
75 -25 -10
76 3 19
DEMAND_SECTION
1 0
2 67
3 43
4 19
5 57
6 32
7 44
8 65
9 59
10 62
11 22
12 35
13 69
14 17
15 42
16 38
17 34
18 20
19 70
20 21
21 36
22 69
23 18
24 30
25 50
26 17
27 70
28 67
29 40
30 24
31 19
32 27
33 39
34 63
35 38
36 64
37 35
38 61
39 41
40 24
41 22
42 50
43 25
44 43
45 26
46 38
47 26
48 43
49 29
50 49
51 37
52 34
53 46
54 52
55 35
56 20
57 54
58 67
59 48
60 50
61 44
62 43
63 31
64 69
65 66
66 56
67 60
68 24
69 57
70 20
71 34
72 66
73 46
74 18
75 31
76 69
DEPOT_SECTION
1
-1
EOF