NAME: p02_2
BEST_KNOWN: 0
COMMENT: 0
DIMENSION: 76
CAPACITY: 140
EDGE_WEIGHT_FORMAT: FUNCTION
EDGE_WEIGHT_TYPE: EXACT_2D
NODE_COORD_SECTION
1 0 0
2 20 14
3 -33 -47
4 -34 -41
5 -20 44
6 -17 17
7 -20 -45
8 -40 12
9 -43 35
10 -45 0
11 34 9
12 -2 19
13 -11 -22
14 -41 -38
15 16 41
16 -37 9
17 -18 26
18 17 12
19 42 43
20 10 48
21 -6 19
22 -2 -9
23 -43 -23
24 -43 -11
25 28 -31
26 -50 -10
27 -7 29
28 45 48
29 -26 -12
30 -12 14
31 41 -7
32 -30 -16
33 -39 -4
34 -6 -23
35 47 39
36 -22 -13
37 -1 -31
38 24 30
39 -15 46
40 9 -47
41 -46 47
42 35 -17
43 -28 43
44 -39 -41
45 2 -36
46 -10 -48
47 -12 -21
48 11 -35
49 2 13
50 6 -3
51 -48 34
52 43 -9
53 -12 4
54 -50 32
55 11 -2
56 42 -18
57 3 -39
58 -42 -14
59 -24 36
60 20 30
61 21 50
62 15 39
63 -2 -26
64 -29 -48
65 22 43
66 17 -11
67 24 -25
68 46 -24
69 45 -42
70 -22 -34
71 -33 -50
72 29 48
73 28 -10
74 11 17
75 44 19
76 -33 0
DEMAND_SECTION
1 0
2 18
3 63
4 66
5 44
6 26
7 67
8 19
9 61
10 52
11 54
12 22
13 32
14 52
15 33
16 53
17 25
18 59
19 17
20 65
21 52
22 46
23 24
24 20
25 18
26 18
27 43
28 32
29 67
30 43
31 35
32 46
33 59
34 62
35 68
36 28
37 56
38 65
39 45
40 58
41 52
42 59
43 27
44 45
45 39
46 69
47 66
48 38
49 52
50 26
51 48
52 60
53 51
54 23
55 43
56 43
57 68
58 18
59 31
60 17
61 36
62 67
63 20
64 37
65 55
66 26
67 43
68 68
69 27
70 27
71 31
72 31
73 42
74 42
75 40
76 65
DEPOT_SECTION
1
-1
EOF