NAME: p02_3
BEST_KNOWN: 0
COMMENT: 0
DIMENSION: 76
CAPACITY: 140
EDGE_WEIGHT_FORMAT: FUNCTION
EDGE_WEIGHT_TYPE: EXACT_2D
NODE_COORD_SECTION
1 0 0
2 19 49
3 -36 21
4 -24 5
5 -19 20
6 -18 -40
7 -49 -40
8 -25 -39
9 -46 -41
10 39 15
11 -7 -37
12 -31 -20
13 0 -37
14 -44 -39
15 -2 8
16 -46 21
17 -3 -15
18 -19 -48
19 16 33
20 -41 27
21 7 -26
22 -38 50
23 -42 44
24 -9 7
25 -46 -37
26 27 -47
27 -13 -27
28 -11 -30
29 -26 -38
30 -9 -17
31 -6 5
32 11 10
33 46 -44
34 6 -10
35 -18 -29
36 47 2
37 28 -22
38 -2 -12
39 -37 2
40 46 -33
41 -46 6
42 -20 44
43 -9 -41
44 -42 48
45 -37 13
46 35 -32
47 34 -17
48 -30 6
49 21 -9
50 2 41
51 -32 21
52 -41 32
53 -1 -26
54 -16 5
55 22 -27
56 -21 -34
57 -40 -13
58 13 0
59 36 22
60 -10 -8
61 -15 43
62 45 43
63 -3 -43
64 -4 8
65 -25 -18
66 -13 -15
67 9 -37
68 -50 -36
69 16 -34
70 -37 28
71 22 14
72 27 27
73 12 32
74 23 10
75 24 7
76 0 30
DEMAND_SECTION
1 0
2 19
3 38
4 50
5 45
6 40
7 66
8 50
9 44
10 61
11 37
12 33
13 26
14 68
15 69
16 31
17 56
18 26
19 26
20 34
21 19
22 35
23 65
24 29
25 52
26 34
27 64
28 20
29 39
30 61
31 42
32 67
33 23
34 24
35 43
36 28
37 41
38 29
39 50
40 55
41 54
42 60
43 41
44 38
45 40
46 47
47 68
48 37
49 60
50 50
51 48
52 66
53 51
54 64
55 34
56 68
57 51
58 66
59 26
60 44
61 47
62 36
63 52
64 67
65 28
66 30
67 63
68 19
69 36
70 58
71 60
72 44
73 40
74 66
75 41
76 44
DEPOT_SECTION
1
-1
EOF