NAME: p02_23
BEST_KNOWN: 0
COMMENT: 0
DIMENSION: 76
CAPACITY: 140
EDGE_WEIGHT_FORMAT: FUNCTION
EDGE_WEIGHT_TYPE: EXACT_2D
NODE_COORD_SECTION
1 0 0
2 8 -9
3 -28 -22
4 -11 45
5 -4 -38
6 -28 37
7 -29 -42
8 43 -6
9 29 24
10 -40 26
11 0 1
12 29 20
13 40 -46
14 -44 -32
15 -37 -32
16 -7 -2
17 -3 -32
18 49 31
19 -4 -15
20 8 49
21 -3 -33
22 -10 -42
23 29 50
24 21 21
25 -26 -35
26 -9 40
27 -16 18
28 30 -14
29 22 14
30 27 -43
31 -28 12
32 37 33
33 -15 15
34 13 -49
35 36 42
36 -24 -16
37 -34 46
38 -21 -28
39 41 -6
40 -31 20
41 -28 -38
42 7 11
43 -15 -32
44 -43 -40
45 -32 3
46 20 -6
47 -48 25
48 -45 -47
49 -36 7
50 -49 2
51 -41 28
52 -38 14
53 3 -17
54 -29 -40
55 8 -27
56 -9 -10
57 10 -8
58 -46 4
59 49 -47
60 46 5
61 -15 -47
62 30 -10
63 -27 -9
64 41 14
65 -17 43
66 4 -14
67 42 34
68 14 -23
69 47 -43
70 37 38
71 34 37
72 31 -23
73 -20 41
74 44 19
75 9 -23
76 0 43
DEMAND_SECTION
1 0
2 44
3 60
4 25
5 40
6 45
7 34
8 50
9 37
10 43
11 54
12 53
13 55
14 62
15 56
16 56
17 46
18 60
19 66
20 42
21 34
22 46
23 55
24 63
25 33
26 48
27 48
28 17
29 45
30 55
31 51
32 44
33 23
34 36
35 33
36 44
37 28
38 68
39 60
40 58
41 42
42 62
43 36
44 61
45 29
46 17
47 21
48 24
49 58
50 30
51 35
52 54
53 22
54 46
55 26
56 48
57 26
58 20
59 68
60 28
61 51
62 25
63 27
64 61
65 56
66 53
67 51
68 29
69 56
70 20
71 47
72 57
73 55
74 41
75 67
76 34
DEPOT_SECTION
1
-1
EOF