NAME: p02_24
BEST_KNOWN: 0
COMMENT: 0
DIMENSION: 76
CAPACITY: 140
EDGE_WEIGHT_FORMAT: FUNCTION
EDGE_WEIGHT_TYPE: EXACT_2D
NODE_COORD_SECTION
1 0 0
2 47 -45
3 -31 22
4 5 -48
5 29 26
6 17 19
7 31 11
8 12 -21
9 -38 47
10 48 -49
11 21 -7
12 6 -28
13 -35 29
14 -11 -8
15 20 -27
16 -40 23
17 24 -23
18 -6 -28
19 -7 36
20 43 -33
21 42 6
22 8 -10
23 -1 -23
24 30 -31
25 25 -36
26 -35 38
27 -6 -18
28 -29 -18
29 10 32
30 17 33
31 33 -22
32 8 47
33 -49 -38
34 -22 19
35 6 -33
36 -1 40
37 -49 -44
38 12 48
39 -49 -6
40 -46 -9
41 -35 -33
42 -17 -40
43 -30 -48
44 30 -29
45 -46 46
46 40 -49
47 -10 -47
48 -14 41
49 -6 -6
50 42 8
51 42 -21
52 -5 -23
53 18 40
54 45 -33
55 26 -33
56 -12 -32
57 27 18
58 -49 -50
59 2 -21
60 33 -48
61 -31 -4
62 -16 -27
63 -19 25
64 -5 -36
65 -5 -19
66 -27 17
67 -2 4
68 -2 -5
69 -1 -1
70 4 -45
71 25 38
72 -6 15
73 -29 41
74 -11 50
75 -19 32
76 10 -43
DEMAND_SECTION
1 0
2 61
3 65
4 49
5 19
6 64
7 47
8 24
9 65
10 62
11 55
12 44
13 39
14 34
15 26
16 68
17 18
18 39
19 43
20 39
21 27
22 41
23 20
24 38
25 29
26 39
27 24
28 56
29 30
30 52
31 45
32 34
33 64
34 32
35 34
36 51
37 27
38 19
39 65
40 26
41 66
42 67
43 22
44 70
45 42
46 30
47 35
48 32
49 19
50 66
51 42
52 40
53 50
54 33
55 34
56 70
57 22
58 39
59 30
60 51
61 63
62 43
63 53
64 56
65 34
66 21
67 21
68 22
69 43
70 61
71 24
72 45
73 57
74 39
75 26
76 51
DEPOT_SECTION
1
-1
EOF