NAME: p02_8
BEST_KNOWN: 0
COMMENT: 0
DIMENSION: 76
CAPACITY: 140
EDGE_WEIGHT_FORMAT: FUNCTION
EDGE_WEIGHT_TYPE: EXACT_2D
NODE_COORD_SECTION
1 0 0
2 -46 -10
3 3 50
4 46 33
5 -27 48
6 -38 -34
7 19 45
8 -15 -11
9 0 26
10 18 3
11 18 26
12 -17 9
13 -34 -3
14 41 -9
15 46 -32
16 -33 -26
17 39 11
18 -11 -40
19 -28 27
20 -12 7
21 41 39
22 -9 37
23 -20 49
24 -23 38
25 -48 48
26 -47 31
27 27 46
28 5 49
29 13 -6
30 21 -11
31 -46 41
32 -22 -29
33 -43 -31
34 -36 -18
35 45 -14
36 42 -18
37 -20 35
38 16 37
39 -42 43
40 -40 -4
41 35 -46
42 48 39
43 12 -1
44 34 7
45 -13 -36
46 25 12
47 -15 -28
48 2 -39
49 -22 -2
50 -21 32
51 -5 28
52 -44 -29
53 5 13
54 12 -25
55 19 -28
56 -39 -10
57 -27 -15
58 39 46
59 -32 11
60 -32 50
61 4 44
62 -30 10
63 30 -48
64 22 4
65 -18 -10
66 41 13
67 -18 6
68 0 26
69 -5 -48
70 6 23
71 -47 33
72 -4 41
73 7 13
74 -40 48
75 44 30
76 -14 -50
DEMAND_SECTION
1 0
2 31
3 26
4 22
5 70
6 32
7 46
8 36
9 56
10 58
11 57
12 46
13 63
14 38
15 63
16 37
17 58
18 48
19 32
20 43
21 33
22 50
23 24
24 38
25 55
26 28
27 63
28 57
29 38
30 33
31 46
32 49
33 53
34 70
35 55
36 42
37 32
38 48
39 66
40 66
41 64
42 23
43 31
44 49
45 59
46 65
47 63
48 39
49 53
50 57
51 32
52 45
53 30
54 26
55 41
56 68
57 41
58 21
59 62
60 48
61 53
62 18
63 19
64 64
65 17
66 48
67 33
68 53
69 52
70 57
71 17
72 34
73 56
74 45
75 46
76 60
DEPOT_SECTION
1
-1
EOF