NAME: p02_17
BEST_KNOWN: 0
COMMENT: 0
DIMENSION: 76
CAPACITY: 140
EDGE_WEIGHT_FORMAT: FUNCTION
EDGE_WEIGHT_TYPE: EXACT_2D
NODE_COORD_SECTION
1 0 0
2 50 -38
3 29 2
4 -17 -22
5 27 40
6 25 37
7 -3 28
8 -4 8
9 -35 24
10 38 3
11 -6 -8
12 -6 -30
13 7 -12
14 22 -16
15 -2 16
16 42 25
17 -21 -29
18 50 -16
19 2 37
20 2 30
21 42 -42
22 34 32
23 -50 20
24 -29 23
25 38 -9
26 -33 -36
27 -6 26
28 -18 -42
29 23 -37
30 -42 6
31 31 21
32 36 18
33 -23 31
34 -24 21
35 14 29
36 -16 -49
37 33 24
38 24 27
39 45 -21
40 19 31
41 -12 24
42 -50 21
43 20 -28
44 8 23
45 -23 -31
46 -17 25
47 -29 15
48 5 38
49 12 -1
50 -1 14
51 47 -1
52 43 -13
53 26 -3
54 25 13
55 -12 -22
56 19 16
57 34 -36
58 -3 -12
59 23 -22
60 -37 -11
61 -15 16
62 -43 -18
63 25 -50
64 20 38
65 0 -41
66 39 1
67 -13 -12
68 37 3
69 17 33
70 17 -48
71 -8 -7
72 -24 -42
73 25 29
74 -28 -2
75 46 0
76 41 22
DEMAND_SECTION
1 0
2 70
3 69
4 39
5 28
6 63
7 59
8 40
9 19
10 56
11 61
12 49
13 51
14 28
15 62
16 61
17 62
18 32
19 61
20 66
21 65
22 43
23 47
24 43
25 55
26 23
27 46
28 62
29 40
30 64
31 34
32 42
33 63
34 61
35 50
36 44
37 58
38 33
39 17
40 32
41 58
42 22
43 38
44 59
45 52
46 51
47 25
48 41
49 20
50 65
51 48
52 31
53 30
54 64
55 52
56 55
57 49
58 20
59 54
60 59
61 52
62 42
63 49
64 36
65 49
66 39
67 17
68 36
69 40
70 28
71 38
72 45
73 59
74 39
75 30
76 62
DEPOT_SECTION
1
-1
EOF