NAME: p02_7
BEST_KNOWN: 0
COMMENT: 0
DIMENSION: 76
CAPACITY: 140
EDGE_WEIGHT_FORMAT: FUNCTION
EDGE_WEIGHT_TYPE: EXACT_2D
NODE_COORD_SECTION
1 0 0
2 16 -40
3 1 -22
4 -38 47
5 14 20
6 7 49
7 -5 -35
8 24 -2
9 -26 16
10 6 42
11 -34 15
12 49 9
13 3 -34
14 30 -38
15 12 44
16 -12 -48
17 28 6
18 34 -11
19 -41 17
20 12 -13
21 2 33
22 -39 -43
23 9 3
24 8 15
25 35 -32
26 -37 44
27 25 -33
28 49 -45
29 26 -30
30 4 -23
31 -4 -28
32 20 -34
33 21 -50
34 43 36
35 24 10
36 28 10
37 40 23
38 -4 -16
39 20 -19
40 27 42
41 -25 44
42 -32 -43
43 27 -15
44 -10 -25
45 -2 42
46 -25 -32
47 -34 21
48 -45 21
49 -34 -13
50 -26 -36
51 -20 -32
52 -23 -42
53 -38 -4
54 13 -25
55 -26 -21
56 21 -7
57 -35 38
58 -13 36
59 -13 27
60 -29 34
61 28 30
62 -17 -48
63 49 45
64 28 -37
65 38 -30
66 -45 -1
67 2 38
68 42 -3
69 21 31
70 0 30
71 4 -22
72 -17 6
73 8 -23
74 30 24
75 -32 -48
76 45 38
DEMAND_SECTION
1 0
2 26
3 18
4 64
5 20
6 39
7 39
8 47
9 32
10 60
11 36
12 34
13 46
14 37
15 47
16 63
17 21
18 52
19 28
20 21
21 22
22 44
23 61
24 24
25 37
26 69
27 25
28 49
29 55
30 62
31 40
32 53
33 69
34 21
35 52
36 70
37 33
38 32
39 44
40 36
41 42
42 62
43 70
44 59
45 35
46 29
47 66
48 28
49 33
50 39
51 23
52 45
53 38
54 69
55 45
56 69
57 22
58 18
59 54
60 51
61 54
62 65
63 34
64 65
65 20
66 41
67 68
68 25
69 46
70 45
71 35
72 35
73 23
74 65
75 20
76 50
DEPOT_SECTION
1
-1
EOF