NAME: p02_10
BEST_KNOWN: 0
COMMENT: 0
DIMENSION: 76
CAPACITY: 140
EDGE_WEIGHT_FORMAT: FUNCTION
EDGE_WEIGHT_TYPE: EXACT_2D
NODE_COORD_SECTION
1 0 0
2 -17 -42
3 -48 4
4 23 36
5 15 -46
6 30 -5
7 -33 -7
8 -46 11
9 -1 -49
10 4 -37
11 -8 -24
12 12 -38
13 25 -26
14 14 42
15 19 -34
16 21 -21
17 37 -36
18 14 4
19 -27 29
20 -40 -11
21 41 -44
22 -40 -49
23 -28 -18
24 36 -24
25 10 -46
26 25 39
27 36 -39
28 21 16
29 3 -32
30 -37 -50
31 -32 -32
32 -47 -48
33 -20 -4
34 8 -21
35 11 23
36 43 35
37 43 -6
38 41 20
39 4 -4
40 -8 -46
41 -35 19
42 3 32
43 5 -27
44 15 23
45 14 -11
46 -44 -33
47 -23 22
48 -5 44
49 7 11
50 44 -1
51 -42 5
52 -42 -10
53 2 42
54 39 28
55 42 35
56 -50 -16
57 32 -22
58 50 -44
59 19 -1
60 -16 20
61 -11 -44
62 20 -33
63 -12 -12
64 -27 -2
65 -26 -45
66 -41 -23
67 -28 -12
68 32 16
69 45 -14
70 28 46
71 -32 -29
72 15 48
73 -48 -2
74 -44 48
75 7 40
76 -40 5
DEMAND_SECTION
1 0
2 43
3 57
4 62
5 69
6 33
7 63
8 59
9 35
10 43
11 54
12 66
13 64
14 25
15 44
16 21
17 53
18 23
19 27
20 30
21 48
22 57
23 57
24 58
25 25
26 21
27 56
28 33
29 53
30 39
31 54
32 55
33 54
34 20
35 55
36 51
37 63
38 61
39 38
40 44
41 30
42 25
43 62
44 45
45 69
46 23
47 49
48 30
49 58
50 47
51 34
52 50
53 64
54 61
55 56
56 25
57 35
58 40
59 59
60 53
61 17
62 47
63 35
64 50
65 26
66 35
67 21
68 64
69 42
70 42
71 64
72 57
73 62
74 54
75 53
76 50
DEPOT_SECTION
1
-1
EOF