NAME: p02_6
BEST_KNOWN: 0
COMMENT: 0
DIMENSION: 76
CAPACITY: 140
EDGE_WEIGHT_FORMAT: FUNCTION
EDGE_WEIGHT_TYPE: EXACT_2D
NODE_COORD_SECTION
1 0 0
2 40 49
3 -35 15
4 -19 42
5 32 -26
6 -27 6
7 -33 8
8 44 39
9 50 -8
10 -49 43
11 -10 12
12 7 -7
13 -35 -15
14 -28 -9
15 27 -17
16 0 -35
17 1 46
18 8 -45
19 -27 36
20 -34 12
21 -47 9
22 -3 -35
23 -37 42
24 21 -49
25 9 25
26 26 -21
27 13 14
28 11 32
29 29 22
30 -29 33
31 32 27
32 34 -8
33 41 -31
34 -48 17
35 17 -45
36 -4 -38
37 15 -48
38 39 21
39 -16 8
40 -46 8
41 11 -49
42 -23 21
43 11 5
44 -45 20
45 19 -39
46 44 25
47 17 -29
48 31 -50
49 -18 -46
50 -26 2
51 -46 38
52 -35 42
53 25 34
54 -9 -19
55 42 29
56 -40 -28
57 41 44
58 15 45
59 46 -28
60 30 -3
61 -43 -13
62 -9 -32
63 -45 4
64 -6 32
65 -30 -49
66 -23 1
67 37 16
68 18 -26
69 -23 -34
70 -9 -33
71 -23 -11
72 1 -27
73 -47 6
74 13 -14
75 39 5
76 -48 3
DEMAND_SECTION
1 0
2 53
3 23
4 51
5 55
6 19
7 18
8 36
9 51
10 54
11 28
12 57
13 60
14 63
15 36
16 30
17 52
18 45
19 21
20 53
21 60
22 36
23 59
24 20
25 51
26 32
27 40
28 54
29 58
30 35
31 56
32 68
33 70
34 31
35 22
36 70
37 40
38 44
39 42
40 68
41 24
42 48
43 49
44 56
45 62
46 30
47 28
48 59
49 17
50 64
51 23
52 37
53 59
54 51
55 61
56 56
57 32
58 58
59 36
60 43
61 57
62 26
63 36
64 51
65 23
66 60
67 30
68 30
69 43
70 60
71 67
72 44
73 26
74 56
75 31
76 38
DEPOT_SECTION
1
-1
EOF