NAME: p02_13
BEST_KNOWN: 0
COMMENT: 0
DIMENSION: 76
CAPACITY: 140
EDGE_WEIGHT_FORMAT: FUNCTION
EDGE_WEIGHT_TYPE: EXACT_2D
NODE_COORD_SECTION
1 0 0
2 -9 35
3 20 8
4 34 48
5 -46 34
6 10 -47
7 35 -22
8 45 -40
9 -41 46
10 -18 17
11 -15 8
12 39 -33
13 -10 -34
14 24 7
15 1 -22
16 50 -8
17 32 -26
18 11 -25
19 47 -16
20 6 -17
21 5 50
22 -15 -12
23 -4 7
24 -31 15
25 22 15
26 -48 5
27 30 -10
28 -37 -1
29 47 -15
30 50 8
31 -14 -5
32 28 15
33 -10 35
34 -10 -32
35 -26 30
36 -24 32
37 -36 24
38 24 -17
39 31 -1
40 -18 -15
41 -25 24
42 -26 -23
43 -1 0
44 -49 -18
45 -47 -12
46 -2 -33
47 28 40
48 -40 -14
49 -42 19
50 7 -16
51 -19 9
52 -27 -4
53 -8 29
54 21 16
55 41 -34
56 36 -47
57 -21 -21
58 6 23
59 -8 24
60 -31 32
61 -34 25
62 32 -19
63 -31 -37
64 -13 -45
65 -12 -9
66 2 21
67 -11 -40
68 -47 3
69 -8 -46
70 -4 30
71 -27 18
72 37 -9
73 -36 -25
74 40 42
75 -2 -28
76 -1 -24
DEMAND_SECTION
1 0
2 44
3 68
4 51
5 70
6 37
7 30
8 63
9 51
10 51
11 35
12 18
13 64
14 63
15 66
16 18
17 63
18 35
19 36
20 47
21 54
22 28
23 23
24 60
25 26
26 17
27 25
28 30
29 59
30 49
31 18
32 32
33 46
34 36
35 21
36 42
37 48
38 35
39 66
40 51
41 56
42 51
43 20
44 38
45 29
46 26
47 48
48 35
49 24
50 29
51 28
52 25
53 62
54 67
55 19
56 70
57 37
58 27
59 19
60 37
61 39
62 37
63 51
64 18
65 66
66 42
67 34
68 47
69 43
70 55
71 55
72 64
73 66
74 37
75 26
76 50
DEPOT_SECTION
1
-1
EOF