NAME: p02_26
BEST_KNOWN: 0
COMMENT: 0
DIMENSION: 76
CAPACITY: 140
EDGE_WEIGHT_FORMAT: FUNCTION
EDGE_WEIGHT_TYPE: EXACT_2D
NODE_COORD_SECTION
1 0 0
2 46 24
3 3 -27
4 22 44
5 11 -15
6 -39 -2
7 26 -29
8 -15 6
9 28 0
10 -9 42
11 -21 23
12 -43 26
13 29 -36
14 -40 -16
15 1 -43
16 19 -38
17 26 21
18 47 25
19 47 -8
20 -18 -34
21 31 -4
22 32 40
23 12 25
24 -41 0
25 -22 22
26 8 25
27 -5 -20
28 25 4
29 48 44
30 21 -42
31 10 -38
32 17 -22
33 -29 26
34 -2 -13
35 35 48
36 -50 9
37 -23 1
38 13 -19
39 -2 29
40 -33 -10
41 -34 37
42 19 37
43 39 -8
44 23 -48
45 -39 18
46 -25 -24
47 -6 44
48 -45 -32
49 23 -13
50 -23 -47
51 -5 27
52 -47 -13
53 -30 -20
54 -41 -26
55 -9 -9
56 10 13
57 -47 15
58 49 -22
59 -5 -40
60 13 -33
61 -8 31
62 27 41
63 21 -33
64 -20 49
65 18 47
66 -29 -45
67 -7 -35
68 14 38
69 -40 12
70 7 -7
71 41 36
72 19 11
73 -22 -33
74 -2 1
75 7 -25
76 42 -17
DEMAND_SECTION
1 0
2 49
3 24
4 50
5 63
6 33
7 41
8 65
9 62
10 54
11 70
12 50
13 25
14 55
15 32
16 50
17 41
18 43
19 51
20 56
21 36
22 50
23 17
24 68
25 60
26 28
27 27
28 58
29 25
30 33
31 27
32 21
33 51
34 32
35 36
36 21
37 53
38 39
39 42
40 46
41 23
42 50
43 23
44 62
45 70
46 20
47 61
48 19
49 55
50 26
51 65
52 27
53 25
54 70
55 50
56 70
57 66
58 62
59 56
60 28
61 53
62 31
63 31
64 66
65 35
66 19
67 33
68 43
69 18
70 31
71 25
72 70
73 40
74 38
75 65
76 54
DEPOT_SECTION
1
-1
EOF