NAME: p02_18
BEST_KNOWN: 0
COMMENT: 0
DIMENSION: 76
CAPACITY: 140
EDGE_WEIGHT_FORMAT: FUNCTION
EDGE_WEIGHT_TYPE: EXACT_2D
NODE_COORD_SECTION
1 0 0
2 27 47
3 -5 25
4 41 -35
5 -49 23
6 48 -20
7 35 -35
8 49 24
9 12 8
10 -7 10
11 21 -19
12 9 15
13 13 6
14 -13 8
15 -45 -30
16 36 -19
17 -4 11
18 45 48
19 -49 7
20 27 12
21 -2 32
22 6 8
23 -12 1
24 -42 33
25 25 5
26 -3 0
27 29 -12
28 -14 43
29 -11 -45
30 -16 32
31 37 -29
32 -34 32
33 -18 -47
34 23 -21
35 13 44
36 -6 -49
37 50 3
38 17 -37
39 8 1
40 48 38
41 -50 -48
42 4 -44
43 14 -25
44 24 -46
45 -25 -2
46 25 48
47 -13 -18
48 20 -33
49 -6 7
50 21 28
51 38 -3
52 -1 5
53 -18 -6
54 1 -24
55 -43 28
56 -1 25
57 44 38
58 29 -19
59 49 -15
60 -39 9
61 26 39
62 -7 45
63 -49 -26
64 43 -13
65 12 22
66 15 40
67 12 3
68 30 11
69 45 -19
70 2 33
71 35 -42
72 -41 0
73 13 50
74 -15 -33
75 -3 42
76 17 -45
DEMAND_SECTION
1 0
2 53
3 41
4 55
5 29
6 66
7 61
8 64
9 66
10 28
11 54
12 23
13 37
14 41
15 56
16 49
17 58
18 60
19 47
20 37
21 55
22 56
23 29
24 20
25 23
26 25
27 20
28 35
29 30
30 62
31 54
32 34
33 17
34 42
35 49
36 44
37 51
38 46
39 53
40 57
41 49
42 61
43 50
44 67
45 20
46 52
47 24
48 25
49 58
50 56
51 48
52 23
53 68
54 53
55 68
56 27
57 33
58 43
59 40
60 49
61 41
62 19
63 18
64 42
65 28
66 34
67 50
68 68
69 34
70 35
71 19
72 44
73 28
74 61
75 34
76 29
DEPOT_SECTION
1
-1
EOF