NAME: p02_19
BEST_KNOWN: 0
COMMENT: 0
DIMENSION: 76
CAPACITY: 140
EDGE_WEIGHT_FORMAT: FUNCTION
EDGE_WEIGHT_TYPE: EXACT_2D
NODE_COORD_SECTION
1 0 0
2 -37 -20
3 -40 -47
4 22 44
5 0 -5
6 -4 34
7 16 22
8 -21 47
9 -5 -26
10 25 -44
11 7 -27
12 -8 16
13 -4 43
14 -35 -40
15 -23 -39
16 -11 -37
17 -3 43
18 24 20
19 0 -48
20 -37 -43
21 25 29
22 16 -46
23 0 -48
24 7 47
25 -34 -29
26 17 -42
27 24 45
28 6 -35
29 -7 31
30 -21 32
31 -26 -19
32 20 22
33 -1 36
34 -14 -34
35 50 -42
36 -47 40
37 -43 24
38 2 -33
39 9 -45
40 -47 42
41 -13 -9
42 -11 -45
43 -38 4
44 9 -29
45 -12 -6
46 20 -35
47 -48 -19
48 -44 -29
49 24 26
50 -26 4
51 26 0
52 -1 -31
53 44 49
54 49 -49
55 3 46
56 13 19
57 -34 -49
58 40 -32
59 -30 -7
60 -41 -42
61 35 15
62 -40 -12
63 14 33
64 33 -8
65 29 17
66 33 -29
67 27 47
68 5 -13
69 -22 -7
70 -22 38
71 28 45
72 41 26
73 -10 15
74 -30 49
75 20 39
76 -22 -40
DEMAND_SECTION
1 0
2 18
3 35
4 66
5 60
6 47
7 46
8 24
9 29
10 28
11 40
12 31
13 57
14 20
15 34
16 49
17 64
18 36
19 57
20 19
21 21
22 30
23 50
24 23
25 66
26 37
27 54
28 47
29 23
30 28
31 63
32 36
33 53
34 52
35 20
36 68
37 18
38 23
39 50
40 43
41 41
42 28
43 34
44 21
45 18
46 19
47 26
48 19
49 20
50 39
51 49
52 23
53 48
54 39
55 31
56 21
57 38
58 36
59 69
60 69
61 36
62 62
63 29
64 42
65 20
66 34
67 33
68 43
69 70
70 70
71 23
72 69
73 53
74 44
75 17
76 21
DEPOT_SECTION
1
-1
EOF