NAME: p02_14
BEST_KNOWN: 0
COMMENT: 0
DIMENSION: 76
CAPACITY: 140
EDGE_WEIGHT_FORMAT: FUNCTION
EDGE_WEIGHT_TYPE: EXACT_2D
NODE_COORD_SECTION
1 0 0
2 -23 -21
3 -31 -37
4 -22 -45
5 18 22
6 26 -45
7 15 -8
8 19 33
9 33 16
10 11 19
11 6 25
12 5 32
13 27 5
14 -10 8
15 48 -28
16 16 -32
17 1 -48
18 -47 -7
19 -23 -13
20 -4 25
21 42 35
22 -9 -33
23 49 26
24 22 24
25 -16 23
26 30 49
27 -14 29
28 8 -28
29 -43 -10
30 -37 24
31 43 38
32 13 -24
33 -46 -37
34 -39 45
35 34 5
36 23 -4
37 21 -19
38 -36 31
39 -12 -39
40 22 -19
41 34 -6
42 -11 35
43 -3 34
44 40 47
45 27 -32
46 -21 -25
47 -13 -22
48 -19 8
49 -23 30
50 5 3
51 9 -18
52 44 48
53 45 17
54 -45 23
55 -7 -35
56 -5 -42
57 29 31
58 43 -37
59 33 15
60 29 15
61 2 28
62 -9 45
63 8 40
64 -43 20
65 32 -40
66 -3 11
67 13 -33
68 9 43
69 42 25
70 -42 -8
71 9 -33
72 -25 44
73 42 -7
74 -19 20
75 -39 -7
76 42 24
DEMAND_SECTION
1 0
2 31
3 29
4 30
5 52
6 22
7 53
8 54
9 35
10 61
11 69
12 44
13 50
14 18
15 26
16 48
17 65
18 19
19 56
20 59
21 29
22 58
23 31
24 60
25 22
26 40
27 44
28 58
29 59
30 35
31 24
32 39
33 34
34 26
35 60
36 32
37 17
38 49
39 43
40 59
41 59
42 59
43 36
44 60
45 22
46 58
47 21
48 64
49 57
50 28
51 68
52 64
53 17
54 45
55 19
56 25
57 59
58 70
59 31
60 46
61 45
62 28
63 36
64 21
65 45
66 26
67 28
68 57
69 42
70 67
71 63
72 29
73 48
74 66
75 48
76 24
DEPOT_SECTION
1
-1
EOF