NAME: p02_28
BEST_KNOWN: 0
COMMENT: 0
DIMENSION: 76
CAPACITY: 140
EDGE_WEIGHT_FORMAT: FUNCTION
EDGE_WEIGHT_TYPE: EXACT_2D
NODE_COORD_SECTION
1 0 0
2 -12 -12
3 47 25
4 14 20
5 23 -26
6 -23 30
7 -1 49
8 46 43
9 4 45
10 -41 -25
11 23 -8
12 -15 -8
13 -18 29
14 8 -46
15 24 31
16 -39 -31
17 30 41
18 44 -34
19 -37 -37
20 31 50
21 35 -44
22 -40 47
23 8 -39
24 28 -5
25 -32 21
26 -45 30
27 -6 2
28 26 30
29 19 -43
30 -42 12
31 39 -27
32 4 3
33 20 -23
34 -39 6
35 32 31
36 -9 16
37 24 -48
38 23 -11
39 -31 -21
40 34 -24
41 -21 -28
42 -15 5
43 11 23
44 6 39
45 -33 16
46 18 -19
47 45 23
48 40 -11
49 0 -15
50 -23 -15
51 -49 -38
52 -3 -39
53 24 12
54 37 -36
55 40 18
56 -46 -33
57 5 -2
58 -14 -9
59 -35 46
60 28 -9
61 48 43
62 -24 7
63 22 -35
64 4 -5
65 -31 22
66 30 -45
67 -10 28
68 -19 8
69 -43 4
70 -44 -21
71 15 8
72 19 33
73 -31 -10
74 36 14
75 -34 33
76 30 -16
DEMAND_SECTION
1 0
2 65
3 17
4 50
5 63
6 32
7 68
8 35
9 58
10 36
11 47
12 30
13 46
14 24
15 39
16 70
17 24
18 32
19 25
20 61
21 26
22 33
23 30
24 35
25 28
26 27
27 39
28 18
29 49
30 65
31 67
32 64
33 67
34 36
35 32
36 62
37 56
38 68
39 24
40 27
41 43
42 37
43 31
44 65
45 69
46 50
47 60
48 27
49 34
50 35
51 51
52 20
53 47
54 28
55 41
56 60
57 59
58 56
59 27
60 55
61 22
62 60
63 66
64 62
65 55
66 55
67 69
68 41
69 41
70 53
71 22
72 19
73 17
74 17
75 22
76 66
DEPOT_SECTION
1
-1
EOF