NAME: p02_15
BEST_KNOWN: 0
COMMENT: 0
DIMENSION: 76
CAPACITY: 140
EDGE_WEIGHT_FORMAT: FUNCTION
EDGE_WEIGHT_TYPE: EXACT_2D
NODE_COORD_SECTION
1 0 0
2 -9 10
3 -42 -27
4 -38 -6
5 12 19
6 33 50
7 46 18
8 27 -28
9 -7 -13
10 -21 -21
11 -45 -50
12 19 50
13 -27 14
14 -50 38
15 -28 3
16 -22 4
17 25 -49
18 -34 34
19 -3 -29
20 -43 -16
21 13 -3
22 -22 -14
23 27 -24
24 -33 6
25 37 45
26 10 38
27 -13 9
28 13 25
29 49 -26
30 -16 43
31 -21 -37
32 -6 21
33 33 -27
34 29 39
35 -29 -28
36 -41 5
37 30 3
38 -45 -38
39 -26 -43
40 -26 -16
41 -1 39
42 -30 -11
43 13 41
44 -16 -1
45 -47 -32
46 41 -32
47 -48 -19
48 36 -48
49 36 26
50 -20 -1
51 30 -16
52 -46 -44
53 49 5
54 26 -28
55 -17 -16
56 25 -7
57 34 50
58 45 -21
59 11 19
60 10 28
61 -36 2
62 23 36
63 41 6
64 13 -23
65 31 -21
66 3 -3
67 9 -22
68 42 34
69 44 -3
70 -19 31
71 -32 -24
72 19 -5
73 -8 -6
74 -44 31
75 -20 12
76 -3 11
DEMAND_SECTION
1 0
2 60
3 67
4 20
5 52
6 17
7 66
8 70
9 37
10 62
11 70
12 29
13 27
14 45
15 64
16 49
17 42
18 70
19 21
20 22
21 45
22 66
23 17
24 30
25 52
26 32
27 59
28 64
29 46
30 61
31 52
32 45
33 22
34 45
35 18
36 57
37 63
38 53
39 28
40 38
41 62
42 20
43 63
44 22
45 24
46 60
47 49
48 43
49 24
50 59
51 17
52 56
53 57
54 20
55 58
56 30
57 28
58 26
59 40
60 51
61 70
62 44
63 26
64 23
65 31
66 69
67 54
68 57
69 48
70 67
71 39
72 28
73 36
74 69
75 61
76 26
DEPOT_SECTION
1
-1
EOF