NAME: p02_25
BEST_KNOWN: 0
COMMENT: 0
DIMENSION: 76
CAPACITY: 140
EDGE_WEIGHT_FORMAT: FUNCTION
EDGE_WEIGHT_TYPE: EXACT_2D
NODE_COORD_SECTION
1 0 0
2 -24 -24
3 10 -15
4 -15 -39
5 13 16
6 11 -39
7 -41 -41
8 -2 24
9 -44 -9
10 41 19
11 5 -13
12 -37 -16
13 -18 6
14 -6 -22
15 -11 4
16 5 -28
17 25 44
18 -48 -40
19 27 -22
20 -41 -40
21 44 -6
22 -40 -11
23 35 -29
24 24 -4
25 35 -36
26 -49 -21
27 -42 24
28 -35 -49
29 43 5
30 -6 -8
31 -33 -41
32 -35 16
33 32 -45
34 20 -16
35 -12 50
36 -49 41
37 36 43
38 -7 22
39 -10 -41
40 33 -11
41 43 -37
42 -9 -3
43 4 17
44 -42 18
45 -12 9
46 19 13
47 19 -30
48 28 -50
49 6 -49
50 34 27
51 -30 30
52 23 -35
53 17 37
54 -21 28
55 8 -30
56 -31 -23
57 35 29
58 24 -2
59 -21 -23
60 49 42
61 33 -41
62 -48 36
63 46 -1
64 35 17
65 7 -16
66 38 -50
67 21 -24
68 2 -49
69 3 -22
70 -2 -16
71 -34 43
72 -33 25
73 28 -40
74 44 -6
75 -13 -44
76 42 18
DEMAND_SECTION
1 0
2 37
3 42
4 43
5 21
6 46
7 23
8 51
9 54
10 56
11 43
12 49
13 24
14 42
15 35
16 21
17 28
18 25
19 25
20 59
21 63
22 26
23 48
24 26
25 24
26 58
27 38
28 38
29 20
30 33
31 31
32 38
33 22
34 29
35 54
36 25
37 18
38 47
39 60
40 69
41 68
42 58
43 63
44 20
45 26
46 20
47 66
48 38
49 24
50 58
51 45
52 40
53 64
54 26
55 46
56 28
57 50
58 31
59 67
60 64
61 32
62 24
63 38
64 26
65 24
66 32
67 18
68 27
69 44
70 20
71 63
72 19
73 60
74 32
75 32
76 43
DEPOT_SECTION
1
-1
EOF