NAME: p02_16
BEST_KNOWN: 0
COMMENT: 0
DIMENSION: 76
CAPACITY: 140
EDGE_WEIGHT_FORMAT: FUNCTION
EDGE_WEIGHT_TYPE: EXACT_2D
NODE_COORD_SECTION
1 0 0
2 44 23
3 24 -13
4 -15 -42
5 -23 38
6 44 5
7 20 -20
8 -45 -33
9 12 26
10 18 28
11 -7 -34
12 35 -24
13 -48 38
14 29 -13
15 28 -43
16 42 -44
17 18 -33
18 -15 -16
19 17 -4
20 -16 8
21 -48 -40
22 -14 38
23 -6 -50
24 34 34
25 -32 19
26 -17 -28
27 -17 31
28 1 -33
29 -3 10
30 11 -10
31 -33 13
32 -24 8
33 25 49
34 43 -34
35 -40 49
36 15 -13
37 33 -3
38 -28 -35
39 47 44
40 -50 -25
41 -20 -15
42 -21 -49
43 0 18
44 -31 -28
45 -16 -32
46 34 -5
47 0 31
48 21 -29
49 39 -30
50 -26 -28
51 -1 -36
52 49 50
53 -7 -5
54 -45 -38
55 8 44
56 -17 -22
57 42 26
58 -26 -20
59 -24 -2
60 -46 17
61 -38 -35
62 4 -13
63 36 17
64 -49 29
65 49 -15
66 -10 11
67 38 17
68 -34 42
69 -34 42
70 39 -21
71 -30 49
72 50 -6
73 48 4
74 29 10
75 -39 10
76 -42 -22
DEMAND_SECTION
1 0
2 27
3 26
4 52
5 34
6 48
7 37
8 39
9 68
10 32
11 34
12 51
13 22
14 43
15 69
16 35
17 34
18 67
19 45
20 51
21 51
22 35
23 66
24 54
25 46
26 35
27 22
28 45
29 26
30 41
31 44
32 32
33 45
34 56
35 67
36 46
37 61
38 18
39 64
40 63
41 51
42 25
43 64
44 65
45 25
46 30
47 36
48 60
49 36
50 42
51 40
52 34
53 32
54 25
55 23
56 31
57 34
58 42
59 32
60 17
61 35
62 41
63 21
64 49
65 38
66 50
67 30
68 35
69 22
70 27
71 32
72 23
73 22
74 38
75 44
76 28
DEPOT_SECTION
1
-1
EOF