NAME: p03_3
BEST_KNOWN: 0
COMMENT: 0
DIMENSION: 101
CAPACITY: 200
EDGE_WEIGHT_FORMAT: FUNCTION
EDGE_WEIGHT_TYPE: EXACT_2D
NODE_COORD_SECTION
1 0 0
2 49 -24
3 -23 41
4 48 -24
5 -38 -31
6 -36 -2
7 -21 -1
8 32 6
9 10 5
10 -49 -18
11 28 13
12 48 -22
13 43 32
14 -2 -38
15 32 -49
16 41 -26
17 -29 14
18 2 -47
19 -11 8
20 -5 15
21 -3 -9
22 15 46
23 -44 28
24 -22 15
25 47 14
26 2 -46
27 -4 26
28 29 -35
29 42 41
30 -5 -12
31 19 11
32 27 -11
33 -48 -22
34 -19 -22
35 -41 -18
36 19 15
37 -30 -4
38 -26 49
39 -45 35
40 -48 4
41 -34 -39
42 -13 -47
43 -17 32
44 21 -32
45 22 16
46 23 29
47 10 -47
48 -47 -18
49 18 39
50 -20 -50
51 3 13
52 -44 -25
53 45 49
54 -1 -27
55 -6 33
56 -10 17
57 14 34
58 7 -2
59 -26 29
60 26 -47
61 -32 37
62 -4 -42
63 -27 28
64 26 47
65 -27 0
66 -2 -11
67 -48 -46
68 -41 22
69 -4 -49
70 -27 30
71 26 -29
72 -6 -26
73 -44 -24
74 21 -19
75 43 -6
76 -11 16
77 -37 -35
78 -6 -36
79 46 -33
80 -13 -28
81 0 -20
82 -8 1
83 -9 36
84 -18 12
85 -3 -7
86 -3 6
87 -28 -29
88 22 -10
89 -22 -32
90 -36 -25
91 44 -3
92 4 -27
93 -15 45
94 37 -2
95 23 28
96 -36 -16
97 -19 -25
98 15 5
99 -44 -21
100 -39 35
101 -13 -22
DEMAND_SECTION
1 0
2 49
3 96
4 94
5 82
6 48
7 58
8 26
9 54
10 36
11 82
12 93
13 45
14 81
15 42
16 57
17 93
18 59
19 65
20 63
21 65
22 100
23 76
24 40
25 85
26 31
27 95
28 70
29 59
30 27
31 84
32 88
33 91
34 95
35 49
36 61
37 89
38 71
39 52
40 58
41 83
42 54
43 99
44 63
45 40
46 31
47 76
48 66
49 34
50 58
51 30
52 96
53 29
54 76
55 94
56 89
57 60
58 25
59 64
60 60
61 100
62 64
63 33
64 68
65 31
66 95
67 80
68 91
69 92
70 38
71 76
72 39
73 88
74 85
75 74
76 95
77 52
78 50
79 32
80 50
81 31
82 95
83 94
84 82
85 53
86 66
87 79
88 72
89 28
90 43
91 55
92 92
93 99
94 88
95 98
96 90
97 96
98 51
99 79
100 62
101 79
DEPOT_SECTION
1
-1
EOF