NAME: p03_17
BEST_KNOWN: 0
COMMENT: 0
DIMENSION: 101
CAPACITY: 200
EDGE_WEIGHT_FORMAT: FUNCTION
EDGE_WEIGHT_TYPE: EXACT_2D
NODE_COORD_SECTION
1 0 0
2 47 34
3 -42 1
4 30 -13
5 50 6
6 15 -16
7 37 -4
8 -46 46
9 8 18
10 10 -36
11 16 -48
12 44 -50
13 14 37
14 -20 -15
15 -6 -9
16 -26 -34
17 -26 38
18 -30 -12
19 49 4
20 13 19
21 42 38
22 23 14
23 22 25
24 -41 33
25 3 -43
26 -17 -50
27 5 42
28 -26 -32
29 6 15
30 -26 8
31 -38 34
32 17 -12
33 -14 12
34 47 -13
35 -30 46
36 -14 12
37 5 -21
38 -2 49
39 -22 42
40 -5 39
41 12 31
42 28 40
43 7 22
44 20 41
45 4 4
46 -44 -12
47 -46 -26
48 -3 21
49 -50 -12
50 -22 -8
51 -8 -18
52 -15 -6
53 13 -22
54 20 27
55 -38 47
56 14 -43
57 -15 39
58 -24 29
59 -39 -7
60 9 45
61 10 34
62 -47 -14
63 -21 -50
64 -36 48
65 -8 -28
66 -20 43
67 -16 -25
68 -1 4
69 21 12
70 2 -31
71 -50 49
72 39 32
73 44 41
74 8 -30
75 21 25
76 31 33
77 -49 15
78 -47 -22
79 40 32
80 -10 -34
81 0 -22
82 -44 -42
83 42 50
84 35 38
85 4 -12
86 -31 -47
87 29 -8
88 -41 42
89 3 -17
90 -16 3
91 49 26
92 2 -25
93 -17 17
94 38 -9
95 -18 -14
96 1 -14
97 -26 8
98 -46 -30
99 -28 18
100 -27 -35
101 34 50
DEMAND_SECTION
1 0
2 100
3 71
4 65
5 76
6 26
7 67
8 38
9 26
10 97
11 77
12 81
13 54
14 88
15 78
16 77
17 51
18 92
19 36
20 43
21 61
22 89
23 55
24 52
25 25
26 43
27 79
28 62
29 87
30 98
31 94
32 44
33 59
34 59
35 29
36 94
37 54
38 54
39 89
40 90
41 45
42 25
43 35
44 85
45 89
46 75
47 89
48 74
49 92
50 27
51 83
52 26
53 95
54 77
55 81
56 41
57 50
58 84
59 48
60 48
61 100
62 48
63 82
64 70
65 75
66 47
67 57
68 47
69 47
70 57
71 86
72 87
73 27
74 95
75 95
76 84
77 53
78 27
79 63
80 87
81 66
82 85
83 62
84 98
85 87
86 59
87 83
88 43
89 82
90 51
91 59
92 96
93 97
94 49
95 78
96 67
97 90
98 65
99 96
100 72
101 25
DEPOT_SECTION
1
-1
EOF