NAME: p03_16
BEST_KNOWN: 0
COMMENT: 0
DIMENSION: 101
CAPACITY: 200
EDGE_WEIGHT_FORMAT: FUNCTION
EDGE_WEIGHT_TYPE: EXACT_2D
NODE_COORD_SECTION
1 0 0
2 -7 15
3 -36 33
4 -33 -39
5 -2 11
6 42 -24
7 -19 32
8 13 -40
9 33 -15
10 -17 -1
11 -16 12
12 -21 21
13 -50 -12
14 13 44
15 -34 -46
16 -33 17
17 -1 11
18 20 -33
19 -10 -9
20 -3 -9
21 -22 -12
22 -17 38
23 14 -5
24 15 6
25 32 -7
26 31 2
27 -10 -43
28 -49 -36
29 -17 46
30 26 -37
31 -20 1
32 43 -15
33 -31 37
34 32 -21
35 1 8
36 35 -42
37 3 9
38 21 28
39 -40 -15
40 35 -17
41 -15 -41
42 -26 7
43 3 31
44 -44 -14
45 49 -21
46 42 19
47 -35 5
48 49 25
49 1 19
50 -50 -16
51 -45 14
52 -16 -41
53 44 11
54 -39 -10
55 40 -38
56 38 -48
57 22 50
58 21 -29
59 -42 1
60 17 24
61 -25 -18
62 28 23
63 -10 45
64 9 -42
65 7 -33
66 1 32
67 -22 -33
68 -42 38
69 9 39
70 26 11
71 23 3
72 -4 -19
73 49 12
74 -15 27
75 -26 28
76 -6 -2
77 -30 31
78 39 -12
79 50 29
80 4 27
81 -31 -38
82 -25 32
83 -41 9
84 -28 -39
85 -25 14
86 3 39
87 -44 29
88 -16 6
89 15 16
90 -4 24
91 29 -19
92 -32 8
93 13 -43
94 -40 -3
95 -12 -49
96 -24 -13
97 -36 29
98 -38 -25
99 -48 -48
100 -36 -42
101 -24 -35
DEMAND_SECTION
1 0
2 46
3 73
4 40
5 39
6 79
7 77
8 88
9 96
10 86
11 68
12 26
13 76
14 38
15 74
16 60
17 93
18 79
19 86
20 97
21 31
22 70
23 86
24 46
25 28
26 60
27 100
28 98
29 67
30 94
31 78
32 35
33 28
34 72
35 100
36 94
37 25
38 56
39 45
40 82
41 77
42 74
43 31
44 46
45 84
46 57
47 27
48 31
49 48
50 96
51 59
52 84
53 83
54 93
55 81
56 25
57 72
58 65
59 61
60 60
61 47
62 93
63 50
64 100
65 42
66 94
67 59
68 68
69 95
70 40
71 97
72 99
73 36
74 59
75 33
76 48
77 50
78 84
79 70
80 44
81 78
82 99
83 59
84 86
85 27
86 96
87 78
88 49
89 28
90 75
91 36
92 83
93 83
94 67
95 41
96 79
97 87
98 87
99 50
100 79
101 78
DEPOT_SECTION
1
-1
EOF