NAME: p03_23
BEST_KNOWN: 0
COMMENT: 0
DIMENSION: 101
CAPACITY: 200
EDGE_WEIGHT_FORMAT: FUNCTION
EDGE_WEIGHT_TYPE: EXACT_2D
NODE_COORD_SECTION
1 0 0
2 -45 5
3 -10 -15
4 46 48
5 -43 30
6 -20 -43
7 18 -34
8 41 47
9 35 32
10 5 23
11 -50 14
12 -50 50
13 -4 48
14 -5 -34
15 -19 -48
16 20 -1
17 -11 -49
18 -50 -3
19 25 -22
20 45 -46
21 -48 -29
22 20 -46
23 -46 24
24 -1 10
25 -21 42
26 -17 -25
27 -17 8
28 -28 21
29 36 7
30 3 -19
31 8 -48
32 28 -40
33 22 11
34 -10 12
35 -33 21
36 16 48
37 -12 -20
38 -41 47
39 -44 -46
40 2 19
41 37 -3
42 21 -49
43 -28 19
44 16 -28
45 -5 -13
46 -48 -3
47 -41 17
48 -47 42
49 -37 1
50 -39 -43
51 -24 -9
52 32 -8
53 5 -28
54 25 17
55 48 10
56 20 1
57 7 21
58 47 -23
59 15 -6
60 41 -26
61 -4 -33
62 30 -4
63 31 -38
64 -26 -31
65 -33 15
66 -50 49
67 -23 39
68 16 -11
69 -47 -43
70 30 -17
71 15 39
72 4 21
73 8 36
74 1 -24
75 45 -7
76 20 1
77 34 12
78 30 -4
79 8 34
80 -33 35
81 -41 -20
82 -41 7
83 -49 6
84 1 48
85 22 37
86 -43 16
87 49 14
88 -26 4
89 -23 31
90 6 34
91 10 -5
92 -36 1
93 -13 33
94 35 29
95 -9 -12
96 13 41
97 -49 -8
98 3 -18
99 -26 -45
100 1 -14
101 -28 -44
DEMAND_SECTION
1 0
2 45
3 98
4 60
5 48
6 26
7 62
8 62
9 53
10 86
11 26
12 99
13 52
14 25
15 77
16 26
17 63
18 88
19 51
20 77
21 87
22 95
23 58
24 57
25 26
26 74
27 41
28 91
29 82
30 94
31 85
32 92
33 72
34 53
35 52
36 63
37 93
38 97
39 99
40 71
41 31
42 88
43 74
44 51
45 96
46 61
47 61
48 56
49 41
50 100
51 74
52 85
53 30
54 62
55 68
56 59
57 70
58 36
59 83
60 64
61 86
62 98
63 35
64 62
65 31
66 25
67 33
68 42
69 97
70 88
71 47
72 52
73 63
74 28
75 72
76 67
77 61
78 27
79 32
80 68
81 59
82 55
83 99
84 93
85 47
86 31
87 97
88 31
89 56
90 33
91 90
92 87
93 54
94 52
95 79
96 72
97 60
98 78
99 40
100 75
101 67
DEPOT_SECTION
1
-1
EOF