NAME: p03_29
BEST_KNOWN: 0
COMMENT: 0
DIMENSION: 101
CAPACITY: 200
EDGE_WEIGHT_FORMAT: FUNCTION
EDGE_WEIGHT_TYPE: EXACT_2D
NODE_COORD_SECTION
1 0 0
2 -12 -39
3 -19 21
4 48 -18
5 -21 29
6 -21 34
7 13 2
8 1 -50
9 25 -14
10 19 -1
11 10 -15
12 44 -17
13 -25 -47
14 25 43
15 17 30
16 -22 48
17 -36 -1
18 45 44
19 19 5
20 -35 49
21 28 -7
22 -21 48
23 2 -48
24 38 39
25 15 45
26 43 50
27 -34 -49
28 -22 24
29 -14 16
30 -37 -27
31 5 34
32 48 47
33 42 3
34 18 2
35 47 -1
36 1 -4
37 31 -49
38 -3 28
39 -25 34
40 -36 39
41 36 4
42 -49 8
43 24 -30
44 -17 -9
45 -28 45
46 13 18
47 -18 5
48 15 4
49 41 -33
50 -37 39
51 18 -49
52 -30 11
53 23 -24
54 -6 9
55 -47 2
56 0 -10
57 30 1
58 35 25
59 49 29
60 -44 36
61 -46 -2
62 -40 35
63 -35 4
64 -16 14
65 34 42
66 -40 -12
67 -3 33
68 35 1
69 -33 -24
70 0 -37
71 -11 -25
72 -2 34
73 -40 30
74 20 -18
75 -11 -16
76 13 -19
77 6 47
78 -37 -2
79 -26 17
80 44 20
81 41 28
82 46 17
83 -25 -20
84 41 33
85 20 -5
86 50 16
87 2 31
88 -32 -37
89 26 47
90 13 -10
91 -22 38
92 -32 22
93 -27 -10
94 0 -25
95 -7 28
96 49 23
97 33 32
98 39 -37
99 -41 16
100 12 -25
101 47 25
DEMAND_SECTION
1 0
2 53
3 66
4 51
5 40
6 30
7 91
8 39
9 30
10 75
11 94
12 93
13 100
14 58
15 64
16 50
17 35
18 67
19 99
20 70
21 26
22 85
23 69
24 86
25 36
26 48
27 43
28 43
29 40
30 59
31 34
32 38
33 55
34 53
35 48
36 92
37 36
38 85
39 74
40 85
41 55
42 96
43 82
44 87
45 25
46 100
47 43
48 80
49 96
50 98
51 73
52 90
53 75
54 59
55 71
56 82
57 92
58 48
59 57
60 52
61 95
62 65
63 55
64 77
65 88
66 30
67 74
68 56
69 72
70 45
71 100
72 87
73 90
74 81
75 69
76 54
77 99
78 59
79 60
80 64
81 46
82 40
83 94
84 85
85 88
86 27
87 44
88 46
89 30
90 37
91 80
92 37
93 54
94 96
95 72
96 74
97 58
98 89
99 87
100 29
101 57
DEPOT_SECTION
1
-1
EOF