NAME: p03_13
BEST_KNOWN: 0
COMMENT: 0
DIMENSION: 101
CAPACITY: 200
EDGE_WEIGHT_FORMAT: FUNCTION
EDGE_WEIGHT_TYPE: EXACT_2D
NODE_COORD_SECTION
1 0 0
2 2 12
3 -43 39
4 39 -3
5 -12 -9
6 -27 6
7 44 4
8 17 -9
9 24 -47
10 7 7
11 -29 -35
12 -9 -3
13 8 46
14 -27 49
15 43 -30
16 -44 5
17 -29 -46
18 -45 33
19 -35 48
20 9 -4
21 10 -4
22 -41 -47
23 -32 22
24 41 -5
25 -40 33
26 -2 -8
27 26 -34
28 36 24
29 -8 4
30 2 44
31 -23 -23
32 14 -19
33 10 16
34 13 2
35 34 35
36 -15 49
37 -49 1
38 -42 -15
39 -46 -2
40 -9 3
41 -14 -11
42 -23 -9
43 -26 -22
44 -20 50
45 -9 -44
46 -25 -17
47 12 9
48 -27 4
49 -10 -7
50 27 -10
51 14 -43
52 48 12
53 -48 25
54 11 25
55 41 -15
56 39 1
57 22 12
58 30 29
59 27 -39
60 11 -43
61 -9 49
62 26 -47
63 26 14
64 16 16
65 -15 30
66 3 40
67 -30 31
68 44 15
69 -35 9
70 -48 -16
71 7 -2
72 -6 1
73 -14 0
74 8 38
75 5 45
76 15 -16
77 45 -43
78 -18 -23
79 -44 42
80 23 8
81 -20 26
82 7 38
83 37 -49
84 38 9
85 -41 -14
86 21 -30
87 -17 -9
88 -37 -28
89 -33 32
90 20 -21
91 -50 35
92 -8 -32
93 -24 -23
94 10 40
95 2 -10
96 0 40
97 3 -47
98 2 -12
99 7 13
100 15 -40
101 -30 43
DEMAND_SECTION
1 0
2 30
3 80
4 94
5 56
6 80
7 49
8 95
9 75
10 28
11 68
12 73
13 68
14 71
15 63
16 93
17 91
18 74
19 25
20 76
21 52
22 31
23 87
24 30
25 50
26 85
27 62
28 49
29 92
30 86
31 46
32 81
33 99
34 59
35 38
36 45
37 66
38 83
39 51
40 61
41 57
42 70
43 94
44 52
45 57
46 45
47 50
48 57
49 84
50 37
51 66
52 26
53 68
54 26
55 73
56 81
57 44
58 37
59 66
60 88
61 92
62 60
63 84
64 56
65 88
66 74
67 99
68 52
69 47
70 45
71 46
72 50
73 34
74 69
75 26
76 78
77 79
78 53
79 64
80 72
81 69
82 88
83 86
84 46
85 32
86 67
87 80
88 32
89 38
90 72
91 25
92 63
93 54
94 44
95 33
96 51
97 70
98 74
99 80
100 90
101 34
DEPOT_SECTION
1
-1
EOF