NAME: p03_26
BEST_KNOWN: 0
COMMENT: 0
DIMENSION: 101
CAPACITY: 200
EDGE_WEIGHT_FORMAT: FUNCTION
EDGE_WEIGHT_TYPE: EXACT_2D
NODE_COORD_SECTION
1 0 0
2 -17 -43
3 -23 11
4 -35 -44
5 -47 -36
6 26 -37
7 37 -43
8 18 -21
9 21 36
10 -26 29
11 -46 -18
12 15 -43
13 22 45
14 -45 -43
15 1 22
16 17 -29
17 -31 15
18 -39 -6
19 -43 29
20 27 -16
21 35 19
22 -13 -42
23 -1 -26
24 -33 -23
25 39 -18
26 -48 42
27 28 -18
28 -17 -47
29 -16 -10
30 -20 -47
31 -3 -15
32 -49 26
33 -34 -38
34 -33 -43
35 25 34
36 -28 4
37 -7 -34
38 -41 -47
39 13 -50
40 33 30
41 22 -40
42 -32 -7
43 -16 -23
44 -50 -47
45 7 5
46 -48 -50
47 -3 -46
48 -41 -13
49 34 -22
50 19 -19
51 -21 18
52 27 2
53 -41 -21
54 -20 -22
55 45 -22
56 -23 -36
57 38 37
58 -22 -1
59 -5 39
60 5 -29
61 -31 -9
62 32 -47
63 -10 -5
64 -5 16
65 -7 -38
66 -47 14
67 22 46
68 -26 43
69 -42 7
70 -20 -50
71 29 -32
72 -34 -44
73 -38 5
74 17 -20
75 -4 22
76 49 -25
77 20 14
78 -29 -30
79 -1 -37
80 10 -34
81 -27 -10
82 -1 -50
83 8 4
84 27 46
85 -8 -21
86 32 -2
87 5 21
88 -3 -31
89 -34 0
90 -6 8
91 -44 -35
92 -12 4
93 -38 -8
94 15 0
95 -27 -1
96 16 -43
97 -49 -46
98 28 25
99 27 44
100 -27 -47
101 24 34
DEMAND_SECTION
1 0
2 77
3 50
4 89
5 91
6 41
7 35
8 43
9 35
10 36
11 67
12 27
13 41
14 69
15 78
16 72
17 52
18 57
19 34
20 38
21 40
22 59
23 64
24 37
25 82
26 35
27 98
28 32
29 35
30 59
31 86
32 70
33 70
34 88
35 92
36 46
37 91
38 53
39 29
40 90
41 81
42 65
43 94
44 59
45 40
46 84
47 62
48 54
49 86
50 29
51 27
52 39
53 26
54 63
55 31
56 95
57 61
58 49
59 89
60 45
61 47
62 88
63 28
64 72
65 42
66 100
67 83
68 63
69 42
70 95
71 32
72 34
73 83
74 37
75 38
76 72
77 66
78 53
79 63
80 44
81 64
82 98
83 80
84 63
85 53
86 83
87 31
88 62
89 42
90 51
91 73
92 64
93 52
94 91
95 47
96 62
97 34
98 55
99 36
100 62
101 27
DEPOT_SECTION
1
-1
EOF