NAME: p03_15
BEST_KNOWN: 0
COMMENT: 0
DIMENSION: 101
CAPACITY: 200
EDGE_WEIGHT_FORMAT: FUNCTION
EDGE_WEIGHT_TYPE: EXACT_2D
NODE_COORD_SECTION
1 0 0
2 -50 44
3 -42 7
4 -5 2
5 -27 -35
6 -30 -24
7 -46 28
8 40 23
9 28 -26
10 -44 -41
11 -30 14
12 8 -29
13 17 23
14 10 14
15 34 -42
16 13 1
17 -41 2
18 -31 -5
19 37 18
20 40 -27
21 -14 7
22 -4 -42
23 26 -11
24 -14 -41
25 -37 -26
26 47 26
27 25 -36
28 -48 -29
29 -28 1
30 -16 -17
31 35 -42
32 18 -30
33 10 37
34 48 11
35 -40 36
36 12 -34
37 -37 -4
38 -15 -1
39 5 -17
40 41 -27
41 -35 33
42 50 6
43 -34 22
44 1 19
45 8 -39
46 34 11
47 27 19
48 25 2
49 -45 34
50 40 -4
51 -16 -16
52 -39 22
53 44 18
54 -45 -32
55 17 -20
56 -17 31
57 15 36
58 9 34
59 33 -5
60 -10 36
61 11 7
62 13 31
63 19 -14
64 -26 5
65 16 -7
66 15 -7
67 9 14
68 -37 43
69 -1 -9
70 8 -11
71 -45 19
72 38 11
73 21 -29
74 -50 -38
75 45 26
76 30 -29
77 27 11
78 -7 45
79 -17 -38
80 24 -1
81 -42 -20
82 -15 -44
83 38 -4
84 3 0
85 2 -40
86 -12 -13
87 44 20
88 -15 36
89 40 -28
90 16 14
91 -2 39
92 24 -37
93 -33 -7
94 -39 15
95 -50 -1
96 44 -12
97 -5 21
98 -23 -17
99 49 -41
100 -29 -19
101 -5 0
DEMAND_SECTION
1 0
2 90
3 39
4 56
5 100
6 54
7 68
8 100
9 96
10 77
11 56
12 88
13 92
14 81
15 92
16 32
17 88
18 77
19 90
20 46
21 100
22 66
23 35
24 76
25 97
26 52
27 25
28 26
29 49
30 83
31 57
32 35
33 33
34 71
35 39
36 40
37 60
38 70
39 31
40 47
41 47
42 48
43 42
44 53
45 65
46 84
47 66
48 25
49 88
50 56
51 80
52 54
53 99
54 61
55 55
56 33
57 40
58 99
59 30
60 76
61 85
62 93
63 30
64 75
65 57
66 41
67 62
68 37
69 81
70 61
71 80
72 74
73 37
74 94
75 31
76 84
77 26
78 94
79 32
80 30
81 62
82 94
83 27
84 84
85 42
86 62
87 78
88 99
89 45
90 71
91 67
92 44
93 59
94 87
95 46
96 50
97 50
98 61
99 45
100 96
101 32
DEPOT_SECTION
1
-1
EOF