NAME: p03_10
BEST_KNOWN: 0
COMMENT: 0
DIMENSION: 101
CAPACITY: 200
EDGE_WEIGHT_FORMAT: FUNCTION
EDGE_WEIGHT_TYPE: EXACT_2D
NODE_COORD_SECTION
1 0 0
2 -30 -10
3 -6 -46
4 -32 -22
5 50 -39
6 7 -18
7 -15 -5
8 27 -30
9 -6 -39
10 1 39
11 42 -47
12 -44 34
13 30 -28
14 45 -9
15 -38 -25
16 13 -3
17 -28 23
18 -7 21
19 -25 10
20 -42 -10
21 28 -18
22 12 -44
23 -41 6
24 -2 45
25 13 44
26 -19 -18
27 -42 -42
28 26 6
29 -37 15
30 42 21
31 -24 9
32 21 -47
33 19 -37
34 -19 -38
35 50 -41
36 -13 10
37 -22 -44
38 -42 19
39 -11 -8
40 -31 45
41 11 34
42 46 30
43 -35 -27
44 -48 3
45 43 -31
46 37 38
47 15 17
48 -36 24
49 -14 -22
50 23 -9
51 -34 46
52 27 35
53 38 -6
54 -23 -48
55 32 45
56 7 43
57 12 -6
58 17 8
59 -47 8
60 -36 -48
61 37 49
62 25 -42
63 -46 6
64 36 34
65 27 -7
66 -39 -5
67 35 8
68 14 34
69 1 25
70 -38 -5
71 -4 38
72 -1 -10
73 11 43
74 37 -48
75 12 -47
76 -35 18
77 46 -40
78 26 -18
79 49 13
80 -37 -36
81 39 -50
82 5 -20
83 48 50
84 0 21
85 30 8
86 -34 -11
87 12 36
88 -14 19
89 4 42
90 -41 -29
91 -11 34
92 -44 -11
93 -45 -31
94 49 12
95 -41 -11
96 19 23
97 -40 -46
98 32 -45
99 13 8
100 -5 44
101 -20 -38
DEMAND_SECTION
1 0
2 78
3 38
4 77
5 59
6 54
7 62
8 89
9 48
10 47
11 86
12 49
13 95
14 95
15 63
16 42
17 66
18 36
19 68
20 71
21 84
22 80
23 91
24 100
25 67
26 35
27 47
28 43
29 60
30 51
31 30
32 60
33 48
34 47
35 80
36 90
37 47
38 63
39 77
40 34
41 98
42 93
43 69
44 52
45 51
46 80
47 27
48 60
49 49
50 88
51 64
52 31
53 25
54 50
55 52
56 100
57 82
58 73
59 64
60 54
61 92
62 42
63 67
64 35
65 32
66 89
67 37
68 51
69 76
70 74
71 74
72 39
73 33
74 53
75 43
76 34
77 38
78 84
79 66
80 78
81 39
82 63
83 93
84 76
85 76
86 99
87 99
88 75
89 82
90 95
91 65
92 44
93 38
94 31
95 52
96 77
97 51
98 44
99 69
100 83
101 89
DEPOT_SECTION
1
-1
EOF