NAME: p03_5
BEST_KNOWN: 0
COMMENT: 0
DIMENSION: 101
CAPACITY: 200
EDGE_WEIGHT_FORMAT: FUNCTION
EDGE_WEIGHT_TYPE: EXACT_2D
NODE_COORD_SECTION
1 0 0
2 7 -40
3 -5 -4
4 -27 3
5 48 -12
6 45 33
7 -6 23
8 3 50
9 -7 34
10 -38 45
11 -36 47
12 39 -43
13 -29 4
14 17 30
15 4 -21
16 28 -15
17 -31 44
18 32 24
19 -4 -35
20 -28 -21
21 22 35
22 50 44
23 -20 -33
24 39 -27
25 -29 -12
26 -33 -41
27 27 -13
28 -34 0
29 -49 -45
30 8 22
31 -28 41
32 49 -33
33 0 -27
34 47 -44
35 19 -32
36 -2 -18
37 -1 -31
38 16 -37
39 25 15
40 11 13
41 27 22
42 0 -11
43 17 36
44 -42 39
45 21 49
46 24 28
47 -47 -14
48 -10 32
49 -9 18
50 -12 1
51 14 32
52 -39 2
53 -26 -24
54 20 -48
55 -32 15
56 -4 25
57 -9 12
58 -3 -46
59 -29 27
60 43 46
61 -46 41
62 47 -15
63 16 -31
64 21 -38
65 -21 -39
66 24 28
67 9 -3
68 -36 -43
69 32 40
70 -47 2
71 16 -29
72 -31 27
73 -17 -9
74 35 -40
75 44 48
76 -6 21
77 -36 -26
78 -25 48
79 47 0
80 -5 -12
81 18 10
82 -16 14
83 33 -31
84 16 -22
85 -42 10
86 16 -33
87 -8 -49
88 33 -41
89 -50 -2
90 10 50
91 -11 -1
92 31 -40
93 18 33
94 -29 -36
95 -47 19
96 -20 42
97 -29 48
98 -21 47
99 -25 -14
100 46 18
101 50 -9
DEMAND_SECTION
1 0
2 94
3 99
4 74
5 66
6 34
7 98
8 65
9 87
10 33
11 30
12 55
13 86
14 94
15 98
16 27
17 90
18 60
19 84
20 46
21 35
22 93
23 59
24 44
25 98
26 94
27 83
28 98
29 64
30 86
31 80
32 51
33 33
34 35
35 86
36 87
37 69
38 49
39 84
40 99
41 82
42 73
43 82
44 31
45 43
46 29
47 64
48 85
49 25
50 70
51 45
52 52
53 47
54 71
55 38
56 87
57 70
58 44
59 81
60 99
61 69
62 35
63 60
64 90
65 90
66 81
67 68
68 90
69 77
70 81
71 65
72 42
73 41
74 31
75 95
76 50
77 54
78 56
79 98
80 59
81 84
82 48
83 75
84 57
85 50
86 47
87 90
88 71
89 87
90 36
91 92
92 40
93 77
94 63
95 26
96 50
97 52
98 34
99 60
100 67
101 54
DEPOT_SECTION
1
-1
EOF