NAME: p03_12
BEST_KNOWN: 0
COMMENT: 0
DIMENSION: 101
CAPACITY: 200
EDGE_WEIGHT_FORMAT: FUNCTION
EDGE_WEIGHT_TYPE: EXACT_2D
NODE_COORD_SECTION
1 0 0
2 -19 -18
3 -42 29
4 11 48
5 39 25
6 -10 16
7 22 5
8 -1 38
9 -1 41
10 -20 -40
11 -6 -44
12 24 -44
13 -25 26
14 8 -1
15 37 45
16 36 45
17 -28 -11
18 -32 35
19 34 29
20 -45 -45
21 -22 -5
22 -7 -28
23 -30 6
24 4 -40
25 -40 -21
26 -3 -31
27 49 28
28 -15 -37
29 -28 1
30 28 -11
31 -50 7
32 -21 26
33 1 -36
34 -17 -34
35 -27 10
36 46 46
37 35 25
38 -50 -36
39 25 11
40 27 9
41 -40 44
42 -34 39
43 46 -48
44 -39 24
45 -20 22
46 45 5
47 -45 13
48 38 25
49 -3 -3
50 19 -4
51 22 -18
52 -1 50
53 20 28
54 -14 28
55 -22 -15
56 -17 33
57 -22 -8
58 -1 2
59 -9 9
60 -32 14
61 1 -16
62 40 -29
63 -45 36
64 -44 -21
65 25 -32
66 -6 50
67 -37 -47
68 -12 -28
69 -48 42
70 46 12
71 34 6
72 -9 29
73 -13 31
74 40 -23
75 -45 -36
76 27 -4
77 44 -21
78 -1 -37
79 -13 -29
80 -13 38
81 17 -1
82 -39 -32
83 26 -46
84 -12 20
85 42 -16
86 -44 -42
87 -32 1
88 11 -6
89 -21 19
90 -37 28
91 -37 -1
92 -41 38
93 24 44
94 -31 -10
95 48 36
96 -47 -32
97 48 -23
98 38 -4
99 46 -39
100 49 -37
101 46 -42
DEMAND_SECTION
1 0
2 61
3 94
4 85
5 71
6 44
7 62
8 29
9 53
10 47
11 37
12 43
13 32
14 87
15 49
16 29
17 25
18 47
19 61
20 75
21 58
22 29
23 75
24 96
25 73
26 95
27 77
28 69
29 54
30 65
31 90
32 98
33 90
34 52
35 32
36 45
37 98
38 48
39 55
40 28
41 62
42 30
43 93
44 99
45 74
46 98
47 66
48 54
49 39
50 33
51 99
52 28
53 84
54 86
55 25
56 37
57 86
58 45
59 72
60 72
61 88
62 44
63 31
64 60
65 69
66 74
67 55
68 49
69 28
70 95
71 88
72 63
73 56
74 52
75 66
76 90
77 73
78 53
79 86
80 51
81 43
82 63
83 77
84 99
85 70
86 82
87 67
88 85
89 88
90 50
91 38
92 57
93 29
94 38
95 64
96 60
97 82
98 56
99 42
100 38
101 30
DEPOT_SECTION
1
-1
EOF