NAME: p03_24
BEST_KNOWN: 0
COMMENT: 0
DIMENSION: 101
CAPACITY: 200
EDGE_WEIGHT_FORMAT: FUNCTION
EDGE_WEIGHT_TYPE: EXACT_2D
NODE_COORD_SECTION
1 0 0
2 9 -19
3 -40 23
4 -23 23
5 36 30
6 -31 -8
7 -7 -9
8 -4 12
9 -5 -42
10 30 42
11 -35 -6
12 -26 34
13 -43 36
14 -9 -15
15 49 30
16 -20 -37
17 -31 -42
18 44 -3
19 22 -34
20 17 -37
21 -3 -25
22 -21 32
23 36 15
24 31 -12
25 40 38
26 -16 42
27 37 27
28 -9 -35
29 -28 12
30 -15 18
31 24 29
32 50 15
33 -11 4
34 2 -42
35 -20 13
36 -35 37
37 -21 47
38 -42 44
39 -34 -42
40 49 -41
41 -28 38
42 -33 38
43 49 -13
44 45 32
45 -50 -23
46 33 26
47 9 28
48 -41 29
49 31 32
50 -26 5
51 45 -41
52 -14 -3
53 -16 -17
54 43 -13
55 43 -34
56 3 -38
57 35 36
58 8 -23
59 37 30
60 -32 10
61 -32 2
62 -45 39
63 -27 -19
64 -43 -3
65 10 17
66 -48 50
67 -2 15
68 -48 -46
69 -50 29
70 19 43
71 -15 -6
72 7 -5
73 -17 12
74 35 43
75 -8 7
76 18 35
77 39 -17
78 2 -39
79 11 30
80 -33 18
81 3 48
82 -25 8
83 -1 21
84 10 -11
85 19 26
86 -8 20
87 -12 -39
88 9 45
89 46 -49
90 -43 -18
91 -17 -8
92 41 -11
93 3 5
94 14 8
95 -34 -18
96 -8 3
97 -44 7
98 -33 28
99 31 -41
100 -3 -14
101 19 -47
DEMAND_SECTION
1 0
2 62
3 86
4 100
5 84
6 56
7 79
8 100
9 45
10 62
11 48
12 90
13 58
14 63
15 89
16 43
17 55
18 81
19 62
20 97
21 37
22 37
23 62
24 25
25 93
26 58
27 43
28 71
29 89
30 45
31 61
32 57
33 98
34 27
35 26
36 100
37 60
38 62
39 78
40 57
41 26
42 54
43 88
44 79
45 44
46 52
47 46
48 43
49 62
50 99
51 32
52 30
53 43
54 35
55 75
56 40
57 76
58 33
59 84
60 36
61 74
62 44
63 77
64 80
65 36
66 53
67 69
68 54
69 45
70 25
71 96
72 53
73 100
74 47
75 86
76 53
77 80
78 30
79 79
80 45
81 86
82 40
83 63
84 45
85 30
86 74
87 98
88 37
89 85
90 83
91 44
92 61
93 93
94 70
95 83
96 78
97 68
98 77
99 81
100 96
101 37
DEPOT_SECTION
1
-1
EOF