NAME: p03_20
BEST_KNOWN: 0
COMMENT: 0
DIMENSION: 101
CAPACITY: 200
EDGE_WEIGHT_FORMAT: FUNCTION
EDGE_WEIGHT_TYPE: EXACT_2D
NODE_COORD_SECTION
1 0 0
2 25 -41
3 -29 9
4 27 10
5 50 -32
6 22 -1
7 14 8
8 36 32
9 -36 13
10 -43 23
11 45 2
12 -38 -21
13 6 46
14 -24 -10
15 -3 -23
16 -5 10
17 -27 27
18 40 -39
19 -24 14
20 -1 28
21 -4 15
22 0 -9
23 2 -10
24 15 -37
25 -18 22
26 23 4
27 39 12
28 33 30
29 1 48
30 12 -4
31 -10 -20
32 -3 5
33 -26 -32
34 22 -49
35 -40 8
36 50 10
37 -17 -25
38 -15 -20
39 48 -20
40 15 -4
41 28 22
42 -12 31
43 -48 37
44 1 -3
45 -10 -27
46 -6 -43
47 36 2
48 4 -49
49 -47 -42
50 6 14
51 42 35
52 37 -28
53 17 45
54 1 -44
55 50 1
56 -24 -23
57 -37 13
58 23 -39
59 48 -35
60 -41 50
61 -23 3
62 37 -7
63 -1 34
64 -44 -27
65 -33 20
66 50 -3
67 5 -15
68 -39 15
69 -31 -23
70 10 -46
71 29 -21
72 20 -50
73 35 41
74 2 -15
75 -10 -16
76 45 -31
77 24 -15
78 -33 38
79 37 15
80 -3 44
81 -19 2
82 -40 37
83 -21 -33
84 4 40
85 8 -41
86 36 33
87 -27 -20
88 -15 23
89 49 -28
90 16 37
91 34 47
92 -34 16
93 16 -9
94 -47 39
95 33 5
96 -28 40
97 19 -15
98 20 -23
99 39 43
100 31 9
101 26 26
DEMAND_SECTION
1 0
2 74
3 83
4 53
5 56
6 75
7 42
8 84
9 49
10 93
11 30
12 97
13 76
14 34
15 88
16 83
17 43
18 92
19 33
20 71
21 93
22 70
23 71
24 47
25 99
26 82
27 89
28 31
29 90
30 51
31 29
32 64
33 84
34 59
35 36
36 56
37 82
38 64
39 66
40 81
41 77
42 35
43 98
44 55
45 75
46 28
47 28
48 99
49 92
50 98
51 27
52 72
53 76
54 56
55 25
56 92
57 93
58 26
59 72
60 87
61 78
62 55
63 89
64 85
65 40
66 48
67 80
68 98
69 55
70 70
71 55
72 92
73 69
74 61
75 91
76 50
77 65
78 31
79 29
80 35
81 38
82 79
83 52
84 91
85 49
86 76
87 31
88 27
89 96
90 44
91 83
92 66
93 63
94 100
95 38
96 59
97 57
98 93
99 69
100 51
101 30
DEPOT_SECTION
1
-1
EOF