NAME: p03_4
BEST_KNOWN: 0
COMMENT: 0
DIMENSION: 101
CAPACITY: 200
EDGE_WEIGHT_FORMAT: FUNCTION
EDGE_WEIGHT_TYPE: EXACT_2D
NODE_COORD_SECTION
1 0 0
2 -29 -37
3 6 33
4 32 44
5 42 19
6 -48 18
7 -39 37
8 -33 41
9 -21 21
10 -40 5
11 -7 -11
12 -14 -8
13 31 23
14 -32 21
15 -10 -6
16 5 -5
17 -13 19
18 19 -21
19 20 44
20 41 47
21 27 -39
22 20 -24
23 34 4
24 -29 -18
25 1 -18
26 18 -13
27 -19 -6
28 -44 -20
29 26 23
30 34 0
31 29 -13
32 37 -50
33 -43 18
34 1 7
35 -45 37
36 -47 5
37 36 44
38 -33 -14
39 17 -48
40 -45 -29
41 13 41
42 29 43
43 -34 -36
44 14 23
45 -32 -15
46 0 -6
47 0 -43
48 -3 -27
49 49 39
50 9 -29
51 -45 -8
52 12 -42
53 0 -15
54 10 43
55 48 12
56 5 12
57 35 -14
58 -40 -25
59 -41 5
60 34 -18
61 26 9
62 -26 38
63 -7 25
64 -50 10
65 -45 -50
66 -50 21
67 -25 14
68 7 39
69 -22 -7
70 2 40
71 24 -44
72 25 3
73 -46 22
74 -43 -16
75 -49 48
76 39 -43
77 30 -28
78 -23 -47
79 -34 -24
80 2 -47
81 -26 11
82 12 30
83 -31 -12
84 -16 -37
85 10 -5
86 -3 1
87 -21 -30
88 24 0
89 -45 47
90 -18 -24
91 47 -24
92 43 -9
93 31 -33
94 -37 -2
95 12 17
96 19 39
97 -35 36
98 -28 44
99 40 33
100 -16 8
101 31 10
DEMAND_SECTION
1 0
2 61
3 69
4 76
5 27
6 46
7 44
8 78
9 41
10 69
11 74
12 98
13 37
14 76
15 46
16 29
17 82
18 37
19 50
20 90
21 59
22 80
23 74
24 64
25 90
26 91
27 55
28 68
29 78
30 25
31 33
32 63
33 26
34 90
35 26
36 61
37 74
38 87
39 85
40 61
41 91
42 80
43 44
44 88
45 58
46 45
47 84
48 29
49 94
50 45
51 43
52 35
53 38
54 43
55 62
56 53
57 88
58 30
59 72
60 59
61 78
62 88
63 61
64 71
65 54
66 92
67 44
68 55
69 51
70 52
71 41
72 65
73 28
74 97
75 87
76 93
77 51
78 94
79 41
80 93
81 68
82 87
83 36
84 88
85 69
86 27
87 26
88 50
89 91
90 83
91 26
92 79
93 53
94 38
95 42
96 69
97 58
98 41
99 76
100 58
101 60
DEPOT_SECTION
1
-1
EOF