NAME: p03_30
BEST_KNOWN: 0
COMMENT: 0
DIMENSION: 101
CAPACITY: 200
EDGE_WEIGHT_FORMAT: FUNCTION
EDGE_WEIGHT_TYPE: EXACT_2D
NODE_COORD_SECTION
1 0 0
2 21 -29
3 9 34
4 0 44
5 42 -38
6 -17 -39
7 14 16
8 -4 -13
9 12 18
10 10 -27
11 47 0
12 -43 -4
13 46 -9
14 -26 43
15 0 10
16 18 -28
17 6 48
18 -43 47
19 37 31
20 -16 -39
21 28 41
22 -9 26
23 2 -5
24 47 1
25 35 -45
26 3 -28
27 45 47
28 43 -1
29 -25 7
30 3 -33
31 23 -44
32 7 -25
33 -37 -6
34 -21 6
35 11 -17
36 45 -11
37 42 1
38 49 28
39 -25 15
40 2 33
41 5 -44
42 49 -35
43 -24 6
44 -50 14
45 14 -46
46 -39 16
47 39 49
48 13 -37
49 -25 -50
50 -29 -44
51 26 1
52 22 33
53 -27 13
54 -47 23
55 38 -34
56 -44 28
57 38 16
58 -15 -9
59 -43 -35
60 2 -22
61 -1 1
62 -27 32
63 14 -50
64 34 2
65 -22 -1
66 -24 14
67 22 3
68 44 -36
69 20 47
70 32 -33
71 -15 1
72 40 22
73 47 41
74 -22 -19
75 29 -45
76 -48 48
77 -11 8
78 -19 -43
79 7 -42
80 -18 43
81 -8 22
82 1 29
83 24 -4
84 26 42
85 14 -30
86 41 -41
87 -28 -4
88 12 28
89 -32 2
90 -7 -24
91 -3 -18
92 14 46
93 20 -27
94 -28 -38
95 -25 0
96 8 33
97 20 43
98 14 17
99 2 -12
100 7 -5
101 -47 17
DEMAND_SECTION
1 0
2 74
3 36
4 76
5 26
6 41
7 100
8 88
9 94
10 88
11 68
12 29
13 38
14 89
15 41
16 56
17 70
18 42
19 78
20 65
21 38
22 61
23 96
24 84
25 69
26 61
27 54
28 80
29 54
30 60
31 27
32 42
33 25
34 69
35 42
36 64
37 69
38 40
39 96
40 92
41 92
42 28
43 72
44 86
45 37
46 57
47 81
48 42
49 34
50 63
51 34
52 82
53 68
54 31
55 54
56 82
57 68
58 72
59 97
60 44
61 66
62 40
63 72
64 30
65 39
66 72
67 65
68 68
69 49
70 62
71 62
72 25
73 43
74 43
75 73
76 50
77 31
78 99
79 41
80 25
81 35
82 92
83 61
84 60
85 79
86 41
87 48
88 26
89 35
90 43
91 71
92 80
93 72
94 51
95 36
96 95
97 41
98 81
99 32
100 28
101 38
DEPOT_SECTION
1
-1
EOF