NAME: p03_19
BEST_KNOWN: 0
COMMENT: 0
DIMENSION: 101
CAPACITY: 200
EDGE_WEIGHT_FORMAT: FUNCTION
EDGE_WEIGHT_TYPE: EXACT_2D
NODE_COORD_SECTION
1 0 0
2 -2 -37
3 49 -46
4 47 -29
5 -5 -16
6 -14 31
7 37 -47
8 -38 39
9 -44 35
10 1 -46
11 33 37
12 -6 -23
13 26 -20
14 8 -42
15 14 -39
16 -45 -28
17 -22 42
18 -20 -29
19 -11 -12
20 17 29
21 -35 -26
22 20 -30
23 19 28
24 37 -4
25 14 -31
26 -23 33
27 3 -22
28 -11 35
29 21 2
30 -2 -7
31 -36 -27
32 28 -46
33 23 12
34 -7 -16
35 -33 35
36 -11 -10
37 -19 3
38 -26 -10
39 2 -8
40 22 43
41 -5 -28
42 -19 9
43 -43 19
44 -9 42
45 14 35
46 -21 17
47 30 3
48 -49 9
49 -5 9
50 -44 -34
51 -6 18
52 -22 -11
53 34 -6
54 7 -3
55 -25 -24
56 41 46
57 -50 39
58 23 -9
59 -5 -44
60 -37 13
61 25 14
62 -10 -29
63 -22 21
64 -41 22
65 -19 -2
66 18 46
67 43 15
68 31 5
69 -12 21
70 -33 -35
71 -15 40
72 20 10
73 -30 17
74 -42 -44
75 -6 -28
76 20 30
77 -48 41
78 -23 7
79 -4 -9
80 -10 23
81 7 -10
82 -36 -32
83 -24 47
84 20 7
85 -19 -23
86 22 -49
87 -18 -25
88 30 34
89 -18 14
90 27 2
91 39 30
92 19 -5
93 -2 49
94 -11 -5
95 4 -48
96 38 -50
97 -33 37
98 3 -15
99 8 13
100 -36 -5
101 19 -47
DEMAND_SECTION
1 0
2 91
3 68
4 28
5 67
6 29
7 54
8 95
9 43
10 79
11 49
12 84
13 96
14 91
15 61
16 38
17 91
18 77
19 35
20 54
21 79
22 36
23 52
24 35
25 69
26 65
27 79
28 57
29 84
30 51
31 83
32 43
33 63
34 63
35 49
36 71
37 26
38 48
39 53
40 65
41 40
42 46
43 42
44 40
45 44
46 85
47 27
48 90
49 96
50 50
51 89
52 98
53 33
54 44
55 84
56 78
57 77
58 99
59 47
60 28
61 65
62 53
63 93
64 96
65 98
66 72
67 59
68 57
69 73
70 88
71 85
72 90
73 81
74 93
75 86
76 28
77 66
78 63
79 61
80 36
81 50
82 45
83 64
84 47
85 74
86 80
87 67
88 67
89 79
90 43
91 39
92 38
93 90
94 61
95 100
96 68
97 85
98 33
99 31
100 73
101 88
DEPOT_SECTION
1
-1
EOF