NAME: p03_14
BEST_KNOWN: 0
COMMENT: 0
DIMENSION: 101
CAPACITY: 200
EDGE_WEIGHT_FORMAT: FUNCTION
EDGE_WEIGHT_TYPE: EXACT_2D
NODE_COORD_SECTION
1 0 0
2 -20 -47
3 47 -47
4 5 44
5 -7 3
6 -22 48
7 -36 -2
8 6 6
9 -7 -9
10 11 -37
11 -3 40
12 -33 -6
13 -5 -8
14 -44 -42
15 -37 -34
16 44 -21
17 -22 -36
18 -48 36
19 -10 30
20 42 40
21 36 6
22 42 20
23 27 3
24 -37 11
25 -33 -3
26 -25 -40
27 -35 22
28 -24 29
29 29 -15
30 9 8
31 47 13
32 -8 -1
33 -26 18
34 -22 38
35 -32 10
36 0 47
37 30 -33
38 15 -24
39 -13 -23
40 -10 -44
41 39 -28
42 -47 -31
43 -3 -16
44 38 -30
45 7 -26
46 -48 -41
47 0 46
48 -44 34
49 14 15
50 28 14
51 -38 -1
52 33 34
53 26 36
54 18 -16
55 -39 17
56 -28 3
57 -45 41
58 -26 -50
59 44 -8
60 13 9
61 3 -36
62 47 -35
63 -47 43
64 21 -19
65 -6 33
66 -11 -27
67 34 -38
68 44 -13
69 23 17
70 -18 -23
71 -49 12
72 41 30
73 7 5
74 3 34
75 -27 -50
76 -46 -28
77 24 28
78 26 -23
79 50 49
80 38 -8
81 14 38
82 -5 46
83 39 -47
84 1 29
85 -14 -13
86 11 42
87 11 -48
88 -44 -48
89 -37 23
90 46 48
91 -28 16
92 -29 10
93 -42 -30
94 -6 -2
95 -10 32
96 48 -37
97 -16 -25
98 1 11
99 40 34
100 10 -9
101 -20 44
DEMAND_SECTION
1 0
2 91
3 31
4 91
5 35
6 48
7 73
8 54
9 95
10 71
11 80
12 32
13 27
14 47
15 55
16 97
17 51
18 45
19 36
20 29
21 72
22 41
23 36
24 61
25 75
26 52
27 31
28 95
29 74
30 46
31 92
32 96
33 59
34 53
35 63
36 63
37 41
38 53
39 90
40 39
41 70
42 29
43 74
44 80
45 81
46 99
47 34
48 68
49 33
50 33
51 38
52 82
53 47
54 27
55 38
56 87
57 25
58 52
59 100
60 35
61 37
62 55
63 77
64 37
65 73
66 25
67 65
68 91
69 29
70 66
71 77
72 77
73 67
74 64
75 59
76 75
77 94
78 30
79 51
80 75
81 99
82 59
83 35
84 25
85 27
86 94
87 67
88 85
89 89
90 37
91 82
92 29
93 83
94 26
95 99
96 71
97 33
98 60
99 85
100 97
101 41
DEPOT_SECTION
1
-1
EOF