NAME: p03_7
BEST_KNOWN: 0
COMMENT: 0
DIMENSION: 101
CAPACITY: 200
EDGE_WEIGHT_FORMAT: FUNCTION
EDGE_WEIGHT_TYPE: EXACT_2D
NODE_COORD_SECTION
1 0 0
2 -29 -8
3 -21 14
4 2 -29
5 -4 48
6 32 -49
7 -30 -47
8 -49 15
9 12 -30
10 -42 40
11 15 -13
12 -34 3
13 6 17
14 -5 -4
15 -35 27
16 3 -9
17 48 40
18 -41 -11
19 -31 28
20 -47 -24
21 0 -40
22 -21 42
23 17 35
24 45 -21
25 40 -13
26 -32 49
27 32 -41
28 -18 -49
29 -34 12
30 -43 50
31 32 44
32 -8 -25
33 46 -44
34 -36 36
35 47 5
36 5 11
37 -41 22
38 32 -4
39 11 -15
40 15 47
41 -3 -10
42 -35 -44
43 -38 26
44 14 44
45 -25 -7
46 13 16
47 -48 48
48 4 -15
49 -6 -50
50 17 -42
51 24 5
52 39 -34
53 13 -29
54 -41 47
55 16 39
56 50 -6
57 44 -1
58 -27 33
59 -49 -36
60 6 23
61 -31 -9
62 12 -38
63 -33 17
64 -34 22
65 21 47
66 44 0
67 40 -33
68 36 49
69 -22 -8
70 -18 25
71 -34 -14
72 -21 25
73 -47 10
74 11 6
75 8 -26
76 -46 -28
77 -42 -17
78 -10 24
79 34 -14
80 9 -24
81 -24 17
82 -29 23
83 10 22
84 20 -14
85 -46 -30
86 13 21
87 50 -17
88 32 38
89 -31 -10
90 49 45
91 -16 49
92 10 -8
93 19 24
94 -11 -49
95 -41 -44
96 -48 35
97 -32 7
98 -18 3
99 -18 39
100 -22 -9
101 10 -45
DEMAND_SECTION
1 0
2 69
3 59
4 63
5 79
6 54
7 88
8 49
9 93
10 86
11 65
12 28
13 43
14 30
15 51
16 97
17 90
18 25
19 29
20 29
21 98
22 26
23 53
24 76
25 79
26 96
27 26
28 75
29 71
30 45
31 40
32 82
33 73
34 53
35 97
36 77
37 53
38 34
39 77
40 43
41 52
42 84
43 100
44 33
45 77
46 74
47 29
48 39
49 87
50 28
51 39
52 59
53 66
54 97
55 39
56 85
57 26
58 79
59 56
60 44
61 48
62 90
63 55
64 45
65 32
66 54
67 30
68 96
69 80
70 65
71 46
72 62
73 55
74 65
75 97
76 88
77 99
78 30
79 37
80 65
81 95
82 95
83 77
84 91
85 85
86 54
87 83
88 35
89 89
90 75
91 52
92 74
93 39
94 52
95 99
96 66
97 70
98 82
99 74
100 97
101 94
DEPOT_SECTION
1
-1
EOF