NAME: p03_8
BEST_KNOWN: 0
COMMENT: 0
DIMENSION: 101
CAPACITY: 200
EDGE_WEIGHT_FORMAT: FUNCTION
EDGE_WEIGHT_TYPE: EXACT_2D
NODE_COORD_SECTION
1 0 0
2 -13 -41
3 10 44
4 5 -38
5 -17 -9
6 20 -38
7 43 20
8 -18 14
9 38 -16
10 -21 41
11 -1 -23
12 7 36
13 20 7
14 -1 30
15 15 -8
16 35 -4
17 -10 -39
18 -29 -22
19 -22 -10
20 37 -19
21 -13 33
22 48 39
23 -34 -3
24 -14 29
25 -36 30
26 34 7
27 -38 41
28 -33 34
29 6 -50
30 -4 1
31 -43 50
32 2 2
33 -15 23
34 -46 -37
35 30 44
36 14 23
37 36 -16
38 32 -23
39 -25 13
40 40 -22
41 -42 34
42 39 9
43 -23 -13
44 -46 10
45 -23 23
46 -17 -27
47 -21 -30
48 50 17
49 -31 -15
50 33 -14
51 -10 -43
52 -44 -47
53 -9 31
54 29 -6
55 38 -31
56 22 0
57 16 40
58 -31 18
59 -20 -28
60 -27 -27
61 -40 -21
62 -49 -39
63 13 20
64 5 2
65 -46 -44
66 -19 39
67 19 -1
68 34 -45
69 42 42
70 42 33
71 -28 18
72 37 -10
73 22 -45
74 -22 -37
75 36 -46
76 -12 -12
77 -25 -40
78 -49 -27
79 25 -24
80 32 28
81 36 10
82 -3 41
83 27 37
84 -15 10
85 26 -50
86 -19 20
87 -26 17
88 -24 -8
89 -17 28
90 21 26
91 -25 -8
92 39 24
93 7 31
94 1 9
95 16 8
96 29 49
97 37 33
98 -43 -1
99 -40 -25
100 -29 31
101 -19 -16
DEMAND_SECTION
1 0
2 39
3 67
4 63
5 83
6 93
7 78
8 28
9 31
10 69
11 34
12 45
13 45
14 39
15 48
16 31
17 43
18 86
19 66
20 56
21 30
22 60
23 39
24 79
25 89
26 31
27 75
28 56
29 56
30 92
31 43
32 35
33 87
34 54
35 59
36 83
37 36
38 26
39 97
40 50
41 56
42 42
43 35
44 26
45 76
46 41
47 85
48 44
49 32
50 72
51 87
52 43
53 52
54 90
55 45
56 32
57 94
58 53
59 39
60 89
61 85
62 61
63 56
64 71
65 37
66 42
67 26
68 68
69 48
70 89
71 89
72 89
73 87
74 44
75 26
76 57
77 89
78 55
79 55
80 61
81 59
82 48
83 58
84 27
85 84
86 56
87 31
88 88
89 34
90 100
91 84
92 34
93 50
94 75
95 52
96 53
97 35
98 88
99 66
100 94
101 88
DEPOT_SECTION
1
-1
EOF