NAME: p03_9
BEST_KNOWN: 0
COMMENT: 0
DIMENSION: 101
CAPACITY: 200
EDGE_WEIGHT_FORMAT: FUNCTION
EDGE_WEIGHT_TYPE: EXACT_2D
NODE_COORD_SECTION
1 0 0
2 39 17
3 31 -3
4 27 48
5 30 46
6 -44 24
7 -1 10
8 14 24
9 -32 24
10 -37 -5
11 30 -18
12 22 -43
13 36 -19
14 43 32
15 -17 -50
16 -10 -15
17 -23 -30
18 -49 -30
19 -25 13
20 -33 28
21 41 -41
22 45 -5
23 2 -47
24 -7 12
25 47 29
26 35 -12
27 -12 31
28 -9 38
29 -40 -19
30 36 7
31 -18 -43
32 36 10
33 14 -20
34 -45 4
35 38 -46
36 36 8
37 -12 41
38 -39 -45
39 -14 22
40 20 14
41 13 15
42 38 0
43 4 7
44 -49 -46
45 -28 36
46 22 27
47 -20 4
48 24 -22
49 18 -37
50 -25 32
51 0 44
52 41 -25
53 24 25
54 -25 44
55 14 12
56 -3 16
57 -19 37
58 -22 25
59 -21 -24
60 41 31
61 -29 16
62 -21 36
63 -15 40
64 -12 15
65 -3 -1
66 42 37
67 -32 17
68 48 -15
69 -7 5
70 4 4
71 38 49
72 -36 33
73 -40 -7
74 11 -48
75 -44 -3
76 -10 10
77 17 14
78 -6 -27
79 -23 15
80 12 -16
81 44 18
82 39 -2
83 9 50
84 48 43
85 41 -27
86 18 -3
87 -36 25
88 16 46
89 16 13
90 17 19
91 -21 -5
92 30 -35
93 49 -39
94 -33 -15
95 -44 45
96 -44 -37
97 9 -14
98 45 26
99 8 -27
100 -41 -4
101 -48 -39
DEMAND_SECTION
1 0
2 94
3 69
4 92
5 30
6 93
7 45
8 61
9 56
10 32
11 44
12 86
13 33
14 40
15 65
16 66
17 42
18 27
19 65
20 63
21 25
22 45
23 43
24 60
25 35
26 60
27 33
28 96
29 48
30 87
31 87
32 25
33 25
34 94
35 39
36 78
37 70
38 62
39 49
40 49
41 71
42 33
43 94
44 86
45 73
46 60
47 55
48 52
49 79
50 55
51 85
52 62
53 80
54 100
55 40
56 87
57 35
58 30
59 78
60 43
61 35
62 86
63 42
64 67
65 28
66 43
67 52
68 42
69 28
70 65
71 77
72 55
73 48
74 87
75 97
76 70
77 83
78 37
79 87
80 68
81 81
82 79
83 74
84 42
85 98
86 29
87 57
88 56
89 57
90 94
91 71
92 52
93 41
94 57
95 58
96 78
97 51
98 54
99 32
100 27
101 94
DEPOT_SECTION
1
-1
EOF