NAME: p03_6
BEST_KNOWN: 0
COMMENT: 0
DIMENSION: 101
CAPACITY: 200
EDGE_WEIGHT_FORMAT: FUNCTION
EDGE_WEIGHT_TYPE: EXACT_2D
NODE_COORD_SECTION
1 0 0
2 -13 -16
3 11 1
4 43 31
5 50 -22
6 42 -42
7 35 3
8 12 43
9 24 -20
10 33 3
11 23 8
12 -40 13
13 18 -40
14 -15 45
15 -24 -48
16 12 20
17 -38 23
18 -22 45
19 -21 28
20 11 -16
21 3 14
22 -23 26
23 3 -14
24 28 -5
25 -41 22
26 -38 -48
27 28 -18
28 -18 -31
29 23 11
30 -8 37
31 -12 7
32 -45 -21
33 -24 19
34 -35 -34
35 1 -35
36 -27 23
37 18 20
38 23 32
39 -43 40
40 11 22
41 -42 10
42 29 -38
43 12 1
44 -44 -20
45 -49 0
46 42 -29
47 -44 12
48 -34 49
49 -4 33
50 40 35
51 -6 29
52 50 15
53 -33 4
54 43 42
55 34 22
56 -21 -40
57 28 4
58 -26 5
59 17 28
60 -19 -31
61 -46 32
62 -35 41
63 8 -15
64 22 -32
65 -24 -1
66 -25 29
67 19 -25
68 35 0
69 -19 6
70 47 -15
71 25 -33
72 17 -30
73 -46 -2
74 -6 36
75 40 5
76 -8 -3
77 23 33
78 -2 6
79 -32 19
80 2 -43
81 7 -50
82 12 -3
83 50 -1
84 -32 -33
85 27 4
86 22 39
87 44 -10
88 -47 24
89 10 -42
90 -42 39
91 -4 -29
92 0 24
93 -22 -46
94 -14 -4
95 -37 36
96 37 -50
97 29 -23
98 -29 -19
99 14 -9
100 -16 39
101 -40 37
DEMAND_SECTION
1 0
2 88
3 75
4 33
5 50
6 46
7 64
8 54
9 96
10 68
11 51
12 54
13 28
14 82
15 85
16 59
17 42
18 62
19 88
20 46
21 67
22 61
23 100
24 64
25 61
26 34
27 74
28 86
29 28
30 98
31 74
32 52
33 71
34 41
35 60
36 77
37 66
38 43
39 56
40 47
41 70
42 30
43 26
44 85
45 83
46 84
47 34
48 51
49 47
50 49
51 59
52 65
53 33
54 72
55 59
56 94
57 37
58 75
59 67
60 51
61 87
62 90
63 82
64 71
65 48
66 76
67 47
68 50
69 99
70 92
71 38
72 53
73 32
74 39
75 65
76 83
77 81
78 71
79 51
80 86
81 64
82 57
83 79
84 34
85 99
86 61
87 78
88 25
89 34
90 54
91 64
92 67
93 28
94 96
95 35
96 75
97 58
98 37
99 83
100 82
101 48
DEPOT_SECTION
1
-1
EOF