NAME: p03_27
BEST_KNOWN: 0
COMMENT: 0
DIMENSION: 101
CAPACITY: 200
EDGE_WEIGHT_FORMAT: FUNCTION
EDGE_WEIGHT_TYPE: EXACT_2D
NODE_COORD_SECTION
1 0 0
2 31 -12
3 -35 8
4 2 13
5 -38 -44
6 46 21
7 -7 -36
8 -36 46
9 -34 0
10 31 -29
11 4 49
12 38 4
13 -10 3
14 43 -39
15 -41 46
16 13 -43
17 -23 -48
18 37 40
19 -17 -48
20 -21 -13
21 -21 26
22 -50 7
23 36 -20
24 3 10
25 -40 -33
26 -18 -30
27 1 7
28 9 41
29 45 43
30 -1 45
31 39 47
32 -22 -7
33 -35 22
34 7 -5
35 45 16
36 -43 -16
37 11 -24
38 30 28
39 2 -48
40 46 45
41 -22 20
42 45 12
43 -49 24
44 31 27
45 43 -43
46 -17 -20
47 7 -48
48 -46 49
49 0 49
50 3 29
51 -28 -21
52 -30 13
53 -45 -49
54 -12 39
55 -12 -14
56 6 2
57 37 2
58 -2 47
59 6 -33
60 25 38
61 -14 43
62 -37 -32
63 20 35
64 42 37
65 -27 -2
66 32 49
67 3 33
68 -14 44
69 36 -39
70 -34 -1
71 37 19
72 -4 -6
73 45 3
74 4 -7
75 -33 6
76 -39 38
77 24 -3
78 27 -44
79 -45 48
80 29 -2
81 -3 30
82 -38 38
83 -4 47
84 -2 9
85 13 19
86 18 -42
87 -1 -9
88 30 12
89 25 -41
90 -48 -42
91 33 -17
92 -2 36
93 -11 1
94 -39 27
95 28 -40
96 -46 4
97 1 -23
98 -21 -16
99 23 -15
100 27 14
101 -40 -35
DEMAND_SECTION
1 0
2 59
3 40
4 98
5 72
6 98
7 80
8 56
9 64
10 83
11 81
12 42
13 78
14 29
15 87
16 47
17 71
18 64
19 67
20 96
21 60
22 53
23 69
24 37
25 27
26 38
27 61
28 78
29 40
30 46
31 50
32 51
33 88
34 65
35 52
36 56
37 74
38 92
39 35
40 67
41 31
42 32
43 71
44 39
45 90
46 40
47 70
48 80
49 98
50 54
51 82
52 100
53 77
54 68
55 74
56 93
57 49
58 62
59 46
60 25
61 39
62 67
63 82
64 82
65 36
66 48
67 72
68 28
69 53
70 26
71 54
72 34
73 72
74 47
75 70
76 69
77 31
78 98
79 47
80 67
81 91
82 43
83 54
84 26
85 93
86 31
87 99
88 52
89 52
90 37
91 66
92 59
93 64
94 58
95 87
96 46
97 56
98 63
99 99
100 27
101 62
DEPOT_SECTION
1
-1
EOF