NAME: p03_21
BEST_KNOWN: 0
COMMENT: 0
DIMENSION: 101
CAPACITY: 200
EDGE_WEIGHT_FORMAT: FUNCTION
EDGE_WEIGHT_TYPE: EXACT_2D
NODE_COORD_SECTION
1 0 0
2 21 -7
3 48 -18
4 44 9
5 -25 -47
6 48 5
7 -6 -47
8 -20 -2
9 -30 -8
10 14 -34
11 48 2
12 24 -15
13 -14 15
14 39 35
15 -9 -30
16 -49 16
17 -11 48
18 29 -44
19 18 47
20 5 -41
21 17 14
22 20 24
23 3 46
24 -47 -18
25 2 -45
26 -1 -26
27 26 46
28 38 -2
29 -33 40
30 38 37
31 10 1
32 2 39
33 6 35
34 49 43
35 -7 -10
36 -36 -7
37 -5 40
38 -16 -37
39 49 20
40 -45 -26
41 -34 18
42 -44 20
43 -42 2
44 -46 -25
45 -11 -1
46 35 -24
47 -42 -26
48 -46 -21
49 1 -8
50 -29 36
51 44 19
52 9 0
53 7 38
54 -8 -43
55 47 -3
56 19 28
57 -19 3
58 -50 -21
59 -3 -29
60 50 -8
61 12 -28
62 1 -41
63 44 -8
64 34 -42
65 -48 -30
66 -16 -25
67 41 31
68 26 25
69 -7 8
70 -46 -23
71 50 -7
72 45 -29
73 8 24
74 46 10
75 -24 -41
76 6 -44
77 2 43
78 41 10
79 -30 19
80 13 23
81 10 47
82 8 49
83 -39 32
84 -25 -6
85 23 -39
86 -26 -1
87 13 -31
88 -11 18
89 38 -30
90 38 35
91 18 -29
92 -28 0
93 13 -41
94 46 -17
95 13 24
96 -5 34
97 -23 38
98 17 -7
99 18 38
100 20 50
101 43 -25
DEMAND_SECTION
1 0
2 40
3 77
4 43
5 42
6 84
7 44
8 40
9 40
10 99
11 25
12 80
13 30
14 36
15 100
16 37
17 80
18 50
19 83
20 38
21 26
22 40
23 38
24 43
25 32
26 30
27 91
28 77
29 83
30 73
31 35
32 64
33 52
34 57
35 30
36 31
37 60
38 100
39 90
40 55
41 30
42 50
43 82
44 60
45 27
46 87
47 26
48 93
49 67
50 73
51 47
52 98
53 43
54 43
55 39
56 77
57 28
58 96
59 37
60 69
61 32
62 42
63 31
64 93
65 95
66 89
67 68
68 56
69 57
70 37
71 69
72 98
73 43
74 98
75 52
76 77
77 100
78 48
79 51
80 66
81 50
82 98
83 55
84 26
85 80
86 89
87 74
88 63
89 87
90 27
91 32
92 41
93 58
94 67
95 50
96 29
97 44
98 44
99 28
100 61
101 72
DEPOT_SECTION
1
-1
EOF