NAME: p03_18
BEST_KNOWN: 0
COMMENT: 0
DIMENSION: 101
CAPACITY: 200
EDGE_WEIGHT_FORMAT: FUNCTION
EDGE_WEIGHT_TYPE: EXACT_2D
NODE_COORD_SECTION
1 0 0
2 16 -31
3 -2 25
4 -28 50
5 -19 20
6 -34 21
7 12 25
8 26 38
9 -50 -5
10 45 18
11 8 8
12 -35 15
13 28 10
14 -16 -41
15 46 7
16 -35 50
17 -27 -23
18 -33 28
19 -24 23
20 38 -21
21 -7 30
22 -7 -22
23 -12 -12
24 -33 -27
25 -29 -3
26 38 22
27 23 -27
28 49 44
29 44 42
30 19 -50
31 4 -10
32 -26 -36
33 35 31
34 -32 -44
35 -40 50
36 14 -17
37 13 13
38 -17 -3
39 0 -9
40 -32 -27
41 10 34
42 -42 43
43 48 42
44 23 23
45 35 10
46 3 19
47 -50 3
48 -1 3
49 19 30
50 13 -18
51 40 -5
52 2 -6
53 -32 -47
54 39 38
55 42 44
56 -41 0
57 -43 19
58 -40 5
59 48 23
60 -2 -24
61 4 47
62 24 -2
63 17 37
64 3 6
65 -47 -44
66 -36 27
67 46 -48
68 -45 -41
69 -44 -30
70 -20 39
71 19 -34
72 16 3
73 16 -46
74 -30 -32
75 -5 -41
76 41 18
77 -34 18
78 -11 36
79 50 -12
80 -43 25
81 33 -4
82 19 7
83 -25 -49
84 31 8
85 41 2
86 -46 -48
87 15 37
88 -17 3
89 32 12
90 -33 -7
91 45 -19
92 -31 -30
93 -22 -5
94 -23 49
95 33 -3
96 45 -16
97 -12 48
98 -6 -39
99 -35 -33
100 42 46
101 42 -23
DEMAND_SECTION
1 0
2 29
3 48
4 84
5 42
6 47
7 74
8 66
9 55
10 78
11 90
12 53
13 85
14 84
15 94
16 88
17 74
18 44
19 92
20 57
21 98
22 43
23 68
24 31
25 94
26 28
27 88
28 41
29 80
30 79
31 85
32 75
33 86
34 41
35 35
36 58
37 40
38 72
39 96
40 46
41 57
42 32
43 91
44 61
45 99
46 91
47 83
48 27
49 62
50 100
51 59
52 89
53 86
54 79
55 53
56 67
57 39
58 57
59 41
60 63
61 100
62 34
63 81
64 61
65 85
66 79
67 89
68 75
69 64
70 39
71 25
72 74
73 47
74 86
75 100
76 51
77 66
78 93
79 32
80 83
81 93
82 44
83 49
84 29
85 88
86 34
87 42
88 40
89 66
90 91
91 38
92 35
93 36
94 60
95 53
96 31
97 100
98 58
99 83
100 70
101 90
DEPOT_SECTION
1
-1
EOF