NAME: p03_28
BEST_KNOWN: 0
COMMENT: 0
DIMENSION: 101
CAPACITY: 200
EDGE_WEIGHT_FORMAT: FUNCTION
EDGE_WEIGHT_TYPE: EXACT_2D
NODE_COORD_SECTION
1 0 0
2 -10 43
3 -31 -31
4 6 -31
5 49 14
6 21 46
7 -32 -21
8 -16 -16
9 20 35
10 -38 -10
11 1 34
12 -21 4
13 -43 -45
14 -47 18
15 3 45
16 -20 -14
17 19 -29
18 41 -31
19 -34 -45
20 -16 45
21 2 49
22 -1 -38
23 -3 37
24 -25 -28
25 37 19
26 44 -28
27 -50 -39
28 -6 -40
29 32 -2
30 -31 -2
31 -34 -49
32 27 -31
33 15 34
34 -14 -11
35 21 -34
36 9 -43
37 24 18
38 15 -19
39 -42 -33
40 46 5
41 -23 35
42 32 33
43 -14 -27
44 41 6
45 31 28
46 -17 37
47 -6 -21
48 29 -32
49 -17 43
50 -40 -16
51 -38 -39
52 -22 15
53 -14 33
54 3 30
55 -20 -15
56 -36 -14
57 0 4
58 -4 2
59 -43 21
60 45 -43
61 -40 41
62 -47 22
63 28 30
64 33 -12
65 -11 -23
66 -39 -40
67 4 -26
68 -6 39
69 -44 19
70 -28 12
71 44 41
72 16 31
73 -33 -49
74 27 2
75 16 -49
76 36 -17
77 17 -50
78 -26 -5
79 -38 46
80 13 -36
81 -2 35
82 -22 -23
83 -3 -18
84 -28 -3
85 23 -13
86 -50 -39
87 49 -38
88 -12 -24
89 -4 6
90 -6 -13
91 5 -39
92 49 34
93 -25 5
94 22 -7
95 -35 -43
96 12 -44
97 -33 34
98 -46 29
99 41 17
100 -30 35
101 -22 -27
DEMAND_SECTION
1 0
2 55
3 97
4 66
5 78
6 34
7 90
8 51
9 59
10 85
11 93
12 58
13 88
14 87
15 48
16 70
17 42
18 31
19 38
20 67
21 55
22 44
23 26
24 29
25 73
26 26
27 83
28 53
29 98
30 95
31 48
32 54
33 89
34 51
35 93
36 59
37 42
38 61
39 80
40 94
41 26
42 88
43 83
44 51
45 85
46 33
47 34
48 90
49 46
50 40
51 53
52 56
53 98
54 88
55 78
56 35
57 39
58 64
59 35
60 59
61 45
62 79
63 90
64 81
65 83
66 34
67 90
68 100
69 50
70 85
71 32
72 85
73 67
74 58
75 41
76 69
77 63
78 54
79 61
80 25
81 68
82 87
83 85
84 98
85 79
86 83
87 68
88 89
89 47
90 67
91 51
92 100
93 53
94 25
95 83
96 70
97 26
98 48
99 29
100 92
101 86
DEPOT_SECTION
1
-1
EOF