NAME: p03_2
BEST_KNOWN: 0
COMMENT: 0
DIMENSION: 101
CAPACITY: 200
EDGE_WEIGHT_FORMAT: FUNCTION
EDGE_WEIGHT_TYPE: EXACT_2D
NODE_COORD_SECTION
1 0 0
2 22 11
3 37 -1
4 -30 -4
5 -38 -2
6 42 48
7 -13 0
8 23 -28
9 38 -41
10 -25 21
11 -37 -47
12 40 -22
13 21 -35
14 -48 -7
15 -5 -7
16 50 -24
17 5 -50
18 20 -9
19 13 -33
20 -2 34
21 -15 -39
22 -48 -22
23 -42 -14
24 19 -2
25 0 -5
26 10 44
27 1 27
28 -12 42
29 20 -50
30 -48 10
31 -13 37
32 -41 -10
33 -50 -37
34 22 -16
35 13 -37
36 7 -37
37 -38 -41
38 38 -21
39 -47 -26
40 24 -3
41 14 9
42 31 16
43 1 -15
44 32 -38
45 21 -22
46 43 19
47 -11 -2
48 28 35
49 -27 13
50 0 -44
51 33 -8
52 37 18
53 21 14
54 38 21
55 -44 44
56 -12 -4
57 -15 -48
58 -44 -7
59 46 -11
60 -19 -47
61 -45 50
62 -6 46
63 -28 39
64 10 7
65 30 -8
66 -49 -20
67 -28 24
68 13 19
69 -41 21
70 28 -50
71 17 45
72 28 -8
73 5 -28
74 -35 27
75 -39 -28
76 -41 31
77 -6 21
78 44 35
79 -26 7
80 -25 42
81 -6 2
82 44 38
83 38 12
84 -35 9
85 -41 47
86 -28 2
87 -44 -47
88 9 -35
89 19 11
90 41 35
91 -4 -13
92 49 -40
93 19 2
94 50 7
95 -11 -26
96 13 19
97 19 -4
98 -47 33
99 47 27
100 -24 46
101 14 29
DEMAND_SECTION
1 0
2 27
3 66
4 49
5 63
6 81
7 59
8 43
9 47
10 87
11 54
12 68
13 65
14 56
15 74
16 79
17 65
18 29
19 32
20 82
21 25
22 50
23 78
24 38
25 58
26 81
27 100
28 63
29 74
30 63
31 52
32 35
33 66
34 78
35 57
36 26
37 33
38 77
39 42
40 25
41 91
42 26
43 89
44 37
45 45
46 73
47 89
48 83
49 98
50 93
51 84
52 94
53 71
54 79
55 37
56 71
57 34
58 94
59 72
60 63
61 68
62 75
63 34
64 60
65 55
66 50
67 31
68 57
69 64
70 51
71 95
72 33
73 68
74 81
75 77
76 87
77 79
78 60
79 38
80 87
81 60
82 95
83 59
84 47
85 64
86 98
87 83
88 64
89 69
90 96
91 79
92 43
93 61
94 94
95 30
96 50
97 69
98 53
99 42
100 78
101 74
DEPOT_SECTION
1
-1
EOF