NAME: p03_1
BEST_KNOWN: 0
COMMENT: 0
DIMENSION: 101
CAPACITY: 200
EDGE_WEIGHT_FORMAT: FUNCTION
EDGE_WEIGHT_TYPE: EXACT_2D
NODE_COORD_SECTION
1 0 0
2 -23 -22
3 45 -23
4 19 -16
5 -46 16
6 46 46
7 -46 -47
8 -17 32
9 25 -18
10 13 -6
11 37 -5
12 37 -45
13 -37 -23
14 25 -5
15 -14 -40
16 44 4
17 28 -23
18 -20 -15
19 -19 -22
20 -35 16
21 30 41
22 35 -46
23 25 -41
24 3 41
25 -24 10
26 6 34
27 -23 -38
28 13 35
29 43 18
30 5 -45
31 -10 -24
32 -17 49
33 -22 -14
34 1 11
35 -21 -14
36 -15 -46
37 36 3
38 1 -20
39 -5 -39
40 -4 6
41 -47 -41
42 -49 8
43 -42 -16
44 -46 49
45 40 -22
46 -6 -11
47 3 26
48 8 -11
49 -49 -22
50 40 25
51 -27 4
52 29 -15
53 19 0
54 0 22
55 24 -9
56 -46 19
57 -18 10
58 -4 3
59 -25 8
60 -21 26
61 3 23
62 19 -26
63 -7 21
64 28 34
65 25 -25
66 32 50
67 -10 0
68 40 22
69 10 -10
70 -42 43
71 -20 23
72 9 15
73 -25 -4
74 -25 -3
75 -9 -25
76 -33 29
77 -12 -27
78 7 23
79 48 -8
80 10 30
81 46 -41
82 -15 32
83 -42 20
84 25 -24
85 24 13
86 2 -17
87 -6 39
88 -32 -8
89 26 46
90 0 -5
91 -38 44
92 24 8
93 -29 -15
94 -21 -26
95 12 39
96 46 23
97 6 26
98 27 -9
99 45 -25
100 8 46
101 -47 27
DEMAND_SECTION
1 0
2 26
3 33
4 69
5 82
6 54
7 41
8 76
9 30
10 51
11 48
12 89
13 66
14 70
15 34
16 51
17 75
18 29
19 86
20 73
21 94
22 64
23 28
24 52
25 58
26 87
27 71
28 47
29 63
30 25
31 95
32 33
33 80
34 50
35 80
36 47
37 69
38 69
39 56
40 44
41 60
42 61
43 85
44 62
45 84
46 93
47 53
48 46
49 72
50 94
51 75
52 93
53 26
54 55
55 83
56 79
57 72
58 80
59 26
60 83
61 50
62 40
63 93
64 35
65 58
66 56
67 44
68 40
69 91
70 78
71 74
72 53
73 40
74 51
75 40
76 61
77 86
78 87
79 57
80 61
81 89
82 31
83 46
84 65
85 50
86 36
87 57
88 58
89 41
90 68
91 53
92 42
93 35
94 86
95 66
96 49
97 62
98 72
99 43
100 35
101 26
DEPOT_SECTION
1
-1
EOF