NAME: p03_25
BEST_KNOWN: 0
COMMENT: 0
DIMENSION: 101
CAPACITY: 200
EDGE_WEIGHT_FORMAT: FUNCTION
EDGE_WEIGHT_TYPE: EXACT_2D
NODE_COORD_SECTION
1 0 0
2 -44 24
3 -18 18
4 35 -29
5 35 25
6 -16 -47
7 -15 42
8 -4 -11
9 1 42
10 -37 -20
11 -37 40
12 -9 26
13 -46 -48
14 -48 -5
15 3 44
16 35 -30
17 -50 -8
18 -32 11
19 -26 6
20 -28 -50
21 -1 49
22 -16 35
23 4 -9
24 25 19
25 -9 -41
26 -9 45
27 -36 29
28 -7 -10
29 -27 -21
30 -8 -35
31 -16 -43
32 -34 0
33 38 31
34 -45 3
35 46 -2
36 -12 -19
37 -47 50
38 -8 42
39 -29 -3
40 -8 -47
41 -22 -27
42 4 -15
43 -29 -34
44 -1 -43
45 -5 13
46 47 -33
47 42 47
48 -1 -48
49 -18 -50
50 -49 20
51 -27 29
52 25 -47
53 -44 -18
54 -14 -42
55 -49 -6
56 -7 9
57 32 -19
58 -20 19
59 -45 -11
60 50 -25
61 -49 -36
62 2 20
63 22 -10
64 -23 46
65 38 -30
66 39 -17
67 16 33
68 -31 -41
69 -46 -6
70 42 -1
71 27 -22
72 -37 36
73 2 -7
74 23 13
75 -26 0
76 -10 17
77 16 -29
78 -2 4
79 -11 45
80 19 -35
81 -38 40
82 13 30
83 -20 34
84 -15 -13
85 28 49
86 -19 -3
87 -41 -4
88 40 -41
89 19 -10
90 -17 -45
91 -34 39
92 -46 3
93 -44 10
94 1 40
95 31 -24
96 -6 15
97 -26 -38
98 -13 26
99 -48 -48
100 35 -3
101 32 -5
DEMAND_SECTION
1 0
2 96
3 47
4 70
5 92
6 71
7 95
8 73
9 75
10 73
11 60
12 68
13 65
14 90
15 88
16 46
17 48
18 38
19 82
20 40
21 93
22 71
23 48
24 72
25 94
26 27
27 88
28 42
29 86
30 62
31 80
32 80
33 58
34 75
35 43
36 33
37 65
38 48
39 26
40 42
41 84
42 83
43 40
44 97
45 54
46 42
47 42
48 39
49 96
50 30
51 55
52 32
53 40
54 35
55 42
56 40
57 74
58 92
59 54
60 25
61 80
62 27
63 73
64 87
65 30
66 63
67 27
68 39
69 64
70 56
71 95
72 55
73 33
74 70
75 44
76 44
77 61
78 55
79 48
80 30
81 29
82 59
83 36
84 70
85 65
86 86
87 64
88 49
89 85
90 64
91 82
92 50
93 69
94 79
95 50
96 32
97 80
98 84
99 87
100 58
101 71
DEPOT_SECTION
1
-1
EOF