NAME: p03_11
BEST_KNOWN: 0
COMMENT: 0
DIMENSION: 101
CAPACITY: 200
EDGE_WEIGHT_FORMAT: FUNCTION
EDGE_WEIGHT_TYPE: EXACT_2D
NODE_COORD_SECTION
1 0 0
2 -15 21
3 14 -18
4 44 42
5 -50 -7
6 -45 7
7 28 -25
8 14 36
9 -29 49
10 -21 25
11 0 -19
12 24 -39
13 -14 -37
14 2 42
15 11 4
16 43 -49
17 38 -35
18 48 16
19 -20 27
20 38 -45
21 -31 31
22 -32 -36
23 -31 -31
24 36 -39
25 44 29
26 -33 40
27 42 -20
28 -42 21
29 -24 43
30 39 39
31 -22 18
32 -29 -23
33 -43 -9
34 -8 -50
35 25 -19
36 -23 43
37 16 47
38 14 22
39 -18 43
40 -1 -31
41 -21 25
42 24 17
43 29 -45
44 -39 -24
45 30 25
46 10 -34
47 37 34
48 30 19
49 9 42
50 31 -37
51 -42 -3
52 48 -26
53 -3 27
54 20 -5
55 39 -4
56 -23 32
57 6 10
58 24 42
59 -24 -11
60 22 -28
61 -23 -47
62 -47 -32
63 -37 -31
64 30 39
65 24 37
66 -48 46
67 16 -14
68 28 -5
69 -43 -5
70 37 35
71 -10 -22
72 20 -11
73 -38 -48
74 17 -27
75 -10 -36
76 5 -11
77 -43 -35
78 -8 48
79 4 -10
80 -38 -30
81 -30 47
82 20 18
83 11 25
84 -50 18
85 -47 -47
86 14 -41
87 15 -6
88 -14 9
89 -36 21
90 -7 11
91 43 34
92 40 -17
93 -4 44
94 31 -43
95 22 -39
96 -19 -31
97 -35 -29
98 -11 42
99 -34 -11
100 -29 -37
101 28 40
DEMAND_SECTION
1 0
2 31
3 45
4 88
5 44
6 89
7 86
8 39
9 83
10 75
11 49
12 83
13 86
14 72
15 90
16 88
17 56
18 74
19 51
20 77
21 85
22 32
23 65
24 97
25 70
26 42
27 46
28 40
29 83
30 83
31 65
32 30
33 87
34 43
35 67
36 87
37 64
38 68
39 89
40 89
41 100
42 82
43 60
44 85
45 98
46 34
47 97
48 82
49 42
50 90
51 57
52 65
53 79
54 90
55 42
56 71
57 51
58 92
59 73
60 78
61 97
62 100
63 83
64 66
65 77
66 70
67 81
68 77
69 32
70 55
71 59
72 93
73 92
74 32
75 69
76 77
77 69
78 26
79 65
80 65
81 85
82 90
83 90
84 45
85 50
86 52
87 74
88 76
89 27
90 32
91 78
92 72
93 36
94 83
95 78
96 88
97 40
98 81
99 76
100 86
101 68
DEPOT_SECTION
1
-1
EOF