NAME: p04_11
BEST_KNOWN: 0
COMMENT: 0
DIMENSION: 151
CAPACITY: 200
EDGE_WEIGHT_FORMAT: FUNCTION
EDGE_WEIGHT_TYPE: EXACT_2D
NODE_COORD_SECTION
1 0 0
2 -22 -26
3 -42 45
4 -14 46
5 -32 -11
6 20 43
7 19 -37
8 8 -12
9 -38 -49
10 -33 -17
11 48 -41
12 41 9
13 30 44
14 -50 -12
15 -48 34
16 20 -4
17 26 -42
18 4 -17
19 -10 16
20 -31 7
21 25 -12
22 1 49
23 31 33
24 0 -39
25 46 -35
26 10 36
27 23 41
28 -44 -37
29 7 -41
30 18 27
31 12 -28
32 14 34
33 48 19
34 -46 -30
35 32 -36
36 18 -41
37 45 -43
38 49 -41
39 -21 14
40 9 -23
41 -2 13
42 -14 -3
43 -11 48
44 48 32
45 -29 26
46 45 33
47 -6 30
48 -47 -39
49 3 -3
50 -39 -21
51 20 5
52 47 15
53 4 -22
54 -43 23
55 7 37
56 17 17
57 34 45
58 21 9
59 -29 11
60 -20 -29
61 16 34
62 -25 -44
63 -40 3
64 2 40
65 -29 8
66 23 -4
67 -11 43
68 -20 -45
69 -48 7
70 41 -33
71 29 -16
72 46 -30
73 26 27
74 -14 -34
75 -36 -50
76 3 6
77 42 46
78 -26 25
79 32 -25
80 3 -21
81 -14 19
82 36 5
83 -45 -19
84 42 4
85 -39 -20
86 -36 49
87 -50 49
88 -34 -39
89 20 -1
90 -18 -25
91 30 -16
92 -43 -5
93 3 50
94 -43 8
95 -22 -50
96 40 20
97 3 7
98 39 -39
99 -23 48
100 31 42
101 8 23
102 4 0
103 -11 -9
104 4 9
105 34 45
106 25 -12
107 8 28
108 16 20
109 40 15
110 36 22
111 35 3
112 -16 28
113 -41 50
114 -25 -1
115 -29 8
116 17 8
117 26 -25
118 -45 3
119 -26 -21
120 20 16
121 -6 38
122 20 -46
123 -25 5
124 18 -8
125 -38 -26
126 41 3
127 50 -27
128 -45 49
129 -47 19
130 -19 41
131 34 -8
132 -50 29
133 33 -10
134 45 -13
135 14 14
136 27 2
137 -25 9
138 -16 -16
139 -14 -3
140 22 -49
141 4 5
142 -2 36
143 -6 38
144 -35 -34
145 18 36
146 -6 37
147 5 -47
148 50 -28
149 -25 -7
150 2 32
151 -46 41
DEMAND_SECTION
1 0
2 25
3 90
4 36
5 50
6 91
7 40
8 88
9 81
10 73
11 86
12 49
13 67
14 49
15 50
16 79
17 63
18 26
19 69
20 85
21 65
22 72
23 73
24 36
25 83
26 31
27 41
28 46
29 56
30 51
31 30
32 42
33 50
34 97
35 28
36 52
37 97
38 98
39 28
40 34
41 35
42 63
43 50
44 63
45 34
46 59
47 77
48 72
49 29
50 33
51 99
52 58
53 31
54 86
55 87
56 31
57 90
58 78
59 70
60 87
61 81
62 55
63 56
64 34
65 34
66 26
67 51
68 31
69 100
70 45
71 42
72 89
73 50
74 31
75 27
76 30
77 91
78 25
79 88
80 96
81 63
82 34
83 84
84 60
85 52
86 79
87 49
88 55
89 45
90 88
91 98
92 81
93 80
94 75
95 82
96 69
97 26
98 55
99 41
100 34
101 76
102 26
103 36
104 83
105 42
106 96
107 99
108 33
109 35
110 55
111 41
112 67
113 84
114 91
115 70
116 76
117 98
118 67
119 53
120 59
121 47
122 100
123 30
124 100
125 100
126 42
127 85
128 82
129 97
130 53
131 69
132 91
133 71
134 53
135 80
136 50
137 98
138 85
139 77
140 73
141 96
142 50
143 81
144 86
145 98
146 37
147 61
148 33
149 27
150 62
151 26
DEPOT_SECTION
1
-1
EOF