NAME: p04_3
BEST_KNOWN: 0
COMMENT: 0
DIMENSION: 151
CAPACITY: 200
EDGE_WEIGHT_FORMAT: FUNCTION
EDGE_WEIGHT_TYPE: EXACT_2D
NODE_COORD_SECTION
1 0 0
2 -2 34
3 43 8
4 11 14
5 -22 -23
6 -25 38
7 -13 42
8 -41 -36
9 -12 -30
10 -2 37
11 9 -1
12 -45 -11
13 -41 -7
14 9 -43
15 -42 -42
16 48 -42
17 46 22
18 19 16
19 -37 26
20 12 14
21 33 44
22 43 -40
23 35 -19
24 19 -8
25 -16 34
26 24 -46
27 -2 -24
28 -30 38
29 -18 -49
30 -37 28
31 -2 31
32 23 13
33 -20 -34
34 -19 32
35 50 -21
36 -27 1
37 20 -7
38 -9 50
39 -25 -36
40 -30 -24
41 -42 7
42 -21 -10
43 48 41
44 -15 23
45 -24 22
46 11 21
47 -33 -28
48 -20 -30
49 -20 -39
50 -34 50
51 42 11
52 43 -36
53 -43 18
54 24 -21
55 -21 -41
56 43 17
57 6 -47
58 -1 -17
59 -25 39
60 38 25
61 -35 -1
62 34 -28
63 -44 -32
64 28 -17
65 -49 30
66 38 27
67 7 7
68 -25 -32
69 16 35
70 -41 -46
71 15 -50
72 -38 3
73 49 27
74 -40 -34
75 -20 -47
76 19 15
77 -36 -27
78 34 -9
79 -10 12
80 1 -24
81 37 48
82 28 16
83 -37 11
84 46 39
85 -4 -6
86 -44 -39
87 -1 -50
88 50 45
89 27 -27
90 20 4
91 43 3
92 -7 -42
93 46 15
94 -35 9
95 35 19
96 29 -4
97 -6 10
98 -11 23
99 -34 -13
100 -48 -26
101 -47 22
102 18 -31
103 39 36
104 5 26
105 -8 -50
106 -43 -35
107 25 -15
108 38 14
109 -2 -9
110 28 27
111 18 20
112 -8 -37
113 -39 9
114 -29 19
115 -29 -27
116 -36 42
117 17 24
118 35 46
119 -4 -13
120 -50 -30
121 50 -13
122 -17 13
123 40 -43
124 46 20
125 -17 21
126 29 16
127 -42 -45
128 -50 15
129 -16 -13
130 24 -20
131 28 40
132 -11 -37
133 41 -12
134 37 33
135 -29 -4
136 18 -11
137 3 4
138 39 -31
139 45 46
140 41 25
141 46 -35
142 27 7
143 25 -19
144 29 7
145 47 18
146 -3 11
147 33 4
148 3 -10
149 18 -43
150 -11 -48
151 40 -45
DEMAND_SECTION
1 0
2 25
3 98
4 52
5 52
6 74
7 88
8 71
9 83
10 48
11 34
12 92
13 71
14 36
15 94
16 35
17 57
18 59
19 54
20 75
21 57
22 97
23 93
24 64
25 27
26 94
27 96
28 65
29 85
30 28
31 73
32 56
33 52
34 85
35 43
36 64
37 29
38 35
39 96
40 97
41 79
42 58
43 62
44 32
45 40
46 52
47 52
48 26
49 48
50 32
51 61
52 27
53 28
54 96
55 29
56 85
57 48
58 46
59 44
60 40
61 82
62 40
63 97
64 93
65 89
66 32
67 29
68 96
69 46
70 26
71 36
72 75
73 56
74 33
75 56
76 58
77 43
78 85
79 60
80 53
81 58
82 90
83 85
84 26
85 26
86 31
87 71
88 30
89 30
90 29
91 96
92 85
93 27
94 99
95 89
96 36
97 61
98 81
99 28
100 43
101 94
102 68
103 92
104 97
105 96
106 55
107 74
108 57
109 34
110 40
111 88
112 97
113 79
114 51
115 84
116 77
117 56
118 67
119 74
120 68
121 39
122 39
123 30
124 94
125 40
126 85
127 67
128 41
129 83
130 75
131 39
132 33
133 92
134 38
135 89
136 40
137 75
138 74
139 46
140 59
141 52
142 74
143 65
144 64
145 72
146 94
147 34
148 46
149 70
150 46
151 48
DEPOT_SECTION
1
-1
EOF