NAME: p04_16
BEST_KNOWN: 0
COMMENT: 0
DIMENSION: 151
CAPACITY: 200
EDGE_WEIGHT_FORMAT: FUNCTION
EDGE_WEIGHT_TYPE: EXACT_2D
NODE_COORD_SECTION
1 0 0
2 -7 9
3 32 -26
4 14 -23
5 5 -28
6 8 -6
7 29 -23
8 -30 -14
9 -18 -15
10 -7 7
11 5 -43
12 -9 -14
13 46 24
14 -17 -15
15 -24 41
16 -14 -32
17 38 -24
18 22 6
19 -39 -1
20 17 5
21 31 -1
22 -6 18
23 11 -16
24 -1 47
25 -17 -15
26 7 37
27 19 -11
28 29 27
29 27 -13
30 -38 -39
31 44 -22
32 -12 -40
33 10 26
34 -45 -14
35 -17 20
36 8 -37
37 -20 -26
38 19 -20
39 47 29
40 1 -49
41 17 49
42 -30 38
43 28 -48
44 -29 -33
45 -32 3
46 42 -37
47 23 -11
48 23 -32
49 29 -16
50 -32 24
51 36 -17
52 49 -28
53 -46 10
54 -49 -20
55 -46 -13
56 23 -20
57 36 -10
58 -49 -39
59 45 3
60 -42 2
61 47 -22
62 24 27
63 -12 -4
64 41 -4
65 49 9
66 -25 7
67 -27 -31
68 20 -34
69 9 21
70 27 -17
71 -2 25
72 -20 1
73 5 -11
74 -41 18
75 -33 17
76 41 -48
77 -9 -40
78 -43 32
79 21 1
80 42 -31
81 47 25
82 40 32
83 -15 -49
84 26 8
85 -41 -27
86 -19 -8
87 34 49
88 -46 -46
89 -5 30
90 29 7
91 27 -6
92 35 36
93 21 -39
94 -13 -18
95 -48 29
96 38 31
97 34 30
98 -19 18
99 12 29
100 -45 2
101 -46 -2
102 -26 37
103 -50 -48
104 12 44
105 50 -41
106 31 -10
107 9 0
108 -45 -41
109 -28 44
110 -38 20
111 -23 23
112 18 17
113 -13 -43
114 -2 40
115 39 -18
116 2 -23
117 47 10
118 -37 -18
119 16 -26
120 -38 27
121 23 49
122 35 -30
123 -31 -24
124 37 21
125 -11 -49
126 7 19
127 -43 -49
128 -31 40
129 -48 -4
130 42 18
131 -27 -2
132 -42 1
133 -50 21
134 -42 20
135 28 24
136 -12 -43
137 -24 28
138 35 26
139 -21 13
140 -20 -40
141 46 22
142 -42 32
143 -46 16
144 29 -18
145 -2 49
146 40 11
147 2 21
148 15 24
149 50 -6
150 -29 -11
151 12 -11
DEMAND_SECTION
1 0
2 53
3 51
4 89
5 90
6 85
7 90
8 59
9 65
10 93
11 43
12 39
13 64
14 98
15 94
16 63
17 98
18 94
19 33
20 91
21 49
22 66
23 72
24 79
25 60
26 85
27 44
28 35
29 93
30 51
31 75
32 25
33 76
34 82
35 66
36 61
37 35
38 97
39 38
40 95
41 72
42 75
43 50
44 39
45 44
46 27
47 38
48 82
49 48
50 33
51 49
52 97
53 56
54 52
55 52
56 60
57 31
58 61
59 73
60 28
61 51
62 80
63 57
64 27
65 63
66 100
67 32
68 85
69 73
70 38
71 62
72 90
73 49
74 75
75 41
76 93
77 43
78 51
79 79
80 88
81 68
82 67
83 39
84 89
85 86
86 71
87 69
88 37
89 85
90 51
91 68
92 90
93 29
94 28
95 48
96 61
97 94
98 100
99 83
100 50
101 61
102 79
103 81
104 47
105 56
106 51
107 80
108 59
109 64
110 60
111 32
112 68
113 29
114 94
115 73
116 37
117 90
118 37
119 42
120 31
121 63
122 87
123 27
124 42
125 73
126 35
127 99
128 95
129 72
130 79
131 76
132 63
133 87
134 49
135 88
136 30
137 43
138 85
139 67
140 48
141 75
142 80
143 74
144 51
145 80
146 34
147 36
148 88
149 63
150 41
151 88
DEPOT_SECTION
1
-1
EOF