NAME: p04_18
BEST_KNOWN: 0
COMMENT: 0
DIMENSION: 151
CAPACITY: 200
EDGE_WEIGHT_FORMAT: FUNCTION
EDGE_WEIGHT_TYPE: EXACT_2D
NODE_COORD_SECTION
1 0 0
2 -21 44
3 33 1
4 -8 45
5 2 -28
6 40 -33
7 8 16
8 37 31
9 -36 -46
10 26 10
11 33 -50
12 -20 5
13 -4 -23
14 50 -16
15 18 4
16 -22 16
17 13 -49
18 -13 6
19 -1 49
20 15 -29
21 -43 35
22 46 -45
23 7 -19
24 -39 38
25 -18 -48
26 44 46
27 -37 -12
28 15 27
29 9 -4
30 20 13
31 12 12
32 22 39
33 -2 -49
34 42 37
35 -50 43
36 -17 26
37 34 45
38 23 3
39 -48 -12
40 1 -21
41 -4 -28
42 -29 30
43 -36 -43
44 22 -19
45 45 2
46 41 -46
47 -20 -31
48 17 -14
49 -33 -17
50 6 -30
51 30 -22
52 20 16
53 -19 13
54 4 25
55 -34 16
56 -19 43
57 -28 9
58 -13 11
59 -29 -49
60 27 30
61 41 2
62 1 30
63 -46 16
64 -11 -10
65 1 -38
66 -9 18
67 -13 7
68 -19 28
69 21 -14
70 -43 -26
71 -48 6
72 -17 -36
73 17 -36
74 -37 -43
75 27 -14
76 -5 -19
77 30 -36
78 -43 -31
79 25 -20
80 -50 -33
81 -7 -4
82 -35 38
83 -25 32
84 18 46
85 43 47
86 -49 -37
87 12 39
88 -10 29
89 32 -24
90 36 15
91 -26 -27
92 -47 -50
93 13 -43
94 -18 -36
95 -10 25
96 -22 -16
97 3 -42
98 -31 -19
99 20 26
100 46 46
101 -36 13
102 -36 -42
103 47 -50
104 -32 38
105 46 44
106 -49 16
107 -15 39
108 -46 -43
109 28 31
110 -30 -9
111 40 19
112 28 -34
113 -19 31
114 -29 -47
115 -7 -6
116 -13 1
117 -45 32
118 1 26
119 -23 -41
120 -16 -28
121 14 -38
122 -30 4
123 -29 -44
124 -45 50
125 -13 -12
126 47 19
127 16 -19
128 -29 -40
129 -24 -34
130 12 -39
131 -1 1
132 5 1
133 -44 40
134 28 46
135 -35 -13
136 -11 -7
137 -12 -5
138 -36 -31
139 0 -12
140 -30 31
141 11 20
142 35 21
143 -7 -36
144 -31 -37
145 18 39
146 -12 -46
147 50 19
148 -24 -34
149 -25 46
150 -13 28
151 40 5
DEMAND_SECTION
1 0
2 81
3 46
4 43
5 47
6 36
7 32
8 81
9 89
10 100
11 89
12 99
13 62
14 76
15 54
16 61
17 88
18 25
19 95
20 45
21 64
22 31
23 75
24 64
25 74
26 59
27 44
28 53
29 62
30 68
31 58
32 50
33 85
34 79
35 53
36 67
37 45
38 57
39 63
40 81
41 27
42 97
43 91
44 28
45 70
46 64
47 76
48 88
49 100
50 69
51 59
52 98
53 47
54 41
55 69
56 56
57 51
58 83
59 47
60 100
61 87
62 66
63 54
64 65
65 64
66 39
67 79
68 82
69 48
70 61
71 38
72 63
73 44
74 66
75 58
76 30
77 100
78 92
79 94
80 45
81 95
82 63
83 99
84 73
85 51
86 58
87 39
88 38
89 89
90 88
91 98
92 93
93 58
94 76
95 99
96 73
97 93
98 88
99 47
100 91
101 57
102 55
103 80
104 69
105 27
106 50
107 34
108 81
109 47
110 92
111 56
112 33
113 64
114 54
115 39
116 54
117 66
118 32
119 43
120 76
121 92
122 38
123 88
124 51
125 35
126 62
127 74
128 32
129 70
130 100
131 44
132 70
133 47
134 88
135 45
136 56
137 38
138 76
139 73
140 51
141 69
142 26
143 67
144 71
145 60
146 46
147 41
148 74
149 80
150 31
151 30
DEPOT_SECTION
1
-1
EOF