NAME: p04_24
BEST_KNOWN: 0
COMMENT: 0
DIMENSION: 151
CAPACITY: 200
EDGE_WEIGHT_FORMAT: FUNCTION
EDGE_WEIGHT_TYPE: EXACT_2D
NODE_COORD_SECTION
1 0 0
2 -49 -18
3 -25 -37
4 -43 3
5 6 32
6 -21 -1
7 27 20
8 -7 45
9 17 -21
10 39 -5
11 -17 -19
12 -21 -6
13 16 36
14 8 8
15 25 9
16 -7 37
17 -37 11
18 37 -47
19 -45 -12
20 40 -2
21 41 -48
22 -32 1
23 5 50
24 42 -10
25 46 -34
26 -4 -21
27 -8 14
28 49 -33
29 -29 -50
30 -18 8
31 16 -31
32 7 -22
33 26 8
34 -24 -13
35 7 2
36 -38 32
37 -31 -30
38 11 -50
39 23 40
40 29 3
41 37 -35
42 -37 2
43 23 43
44 -19 -24
45 -14 -17
46 27 -19
47 23 21
48 49 15
49 -37 35
50 -13 -19
51 -4 21
52 -43 -20
53 47 3
54 -24 -23
55 -17 -27
56 6 33
57 -34 -40
58 -10 -4
59 40 24
60 26 22
61 -40 5
62 3 50
63 -45 -34
64 27 7
65 -3 28
66 15 -50
67 -28 20
68 47 22
69 10 42
70 24 -21
71 49 -41
72 -49 35
73 -41 39
74 -45 38
75 23 23
76 24 8
77 14 47
78 -2 -47
79 -1 46
80 16 -19
81 42 -46
82 19 -41
83 30 -22
84 -34 -33
85 -24 -44
86 11 -18
87 -31 -30
88 46 49
89 14 -33
90 -9 -30
91 19 -23
92 15 -44
93 39 44
94 29 -23
95 -23 -44
96 -16 -22
97 -21 -18
98 31 -20
99 -1 38
100 -38 15
101 -1 -19
102 -47 -22
103 10 -48
104 5 -10
105 21 -4
106 18 18
107 -4 -46
108 -20 -22
109 37 43
110 -4 -17
111 33 -46
112 -17 12
113 37 4
114 -30 -33
115 -7 -17
116 29 -27
117 -16 12
118 -17 40
119 -39 -42
120 -26 -23
121 2 -6
122 5 48
123 -5 -36
124 34 17
125 32 35
126 46 30
127 -29 25
128 31 16
129 -19 20
130 -13 -34
131 28 -16
132 31 -45
133 34 -19
134 0 24
135 27 37
136 -18 -16
137 -34 28
138 25 -45
139 27 43
140 37 -45
141 46 -11
142 12 -24
143 8 -31
144 -21 -18
145 8 32
146 -10 11
147 4 47
148 4 43
149 22 -3
150 -42 -42
151 -41 33
DEMAND_SECTION
1 0
2 79
3 87
4 93
5 53
6 36
7 50
8 69
9 87
10 93
11 56
12 75
13 92
14 77
15 80
16 60
17 57
18 70
19 55
20 82
21 34
22 30
23 41
24 88
25 36
26 73
27 35
28 91
29 28
30 46
31 32
32 35
33 58
34 59
35 48
36 37
37 69
38 26
39 82
40 98
41 42
42 69
43 43
44 37
45 39
46 49
47 73
48 86
49 25
50 80
51 39
52 38
53 46
54 40
55 96
56 76
57 33
58 86
59 29
60 86
61 53
62 31
63 88
64 36
65 94
66 75
67 52
68 69
69 60
70 89
71 92
72 57
73 43
74 96
75 86
76 90
77 53
78 81
79 77
80 26
81 47
82 42
83 87
84 51
85 81
86 76
87 45
88 54
89 57
90 58
91 85
92 94
93 53
94 61
95 66
96 58
97 62
98 44
99 83
100 41
101 72
102 45
103 70
104 85
105 62
106 67
107 56
108 52
109 33
110 54
111 30
112 69
113 74
114 55
115 64
116 96
117 76
118 41
119 31
120 54
121 71
122 93
123 75
124 90
125 27
126 97
127 64
128 64
129 41
130 72
131 93
132 36
133 79
134 43
135 72
136 78
137 50
138 71
139 93
140 48
141 79
142 58
143 71
144 98
145 91
146 54
147 35
148 64
149 59
150 40
151 68
DEPOT_SECTION
1
-1
EOF