NAME: p04_25
BEST_KNOWN: 0
COMMENT: 0
DIMENSION: 151
CAPACITY: 200
EDGE_WEIGHT_FORMAT: FUNCTION
EDGE_WEIGHT_TYPE: EXACT_2D
NODE_COORD_SECTION
1 0 0
2 -3 2
3 28 -26
4 -20 -39
5 39 0
6 4 -24
7 -20 37
8 25 -45
9 36 3
10 2 3
11 -29 48
12 -24 47
13 37 28
14 4 27
15 9 -33
16 39 29
17 12 19
18 1 17
19 -24 -34
20 25 17
21 35 44
22 31 -17
23 -7 12
24 -29 35
25 -21 30
26 9 41
27 -29 15
28 -41 45
29 15 19
30 -21 22
31 0 47
32 32 35
33 -19 -47
34 34 30
35 -32 41
36 -12 49
37 -11 44
38 -31 1
39 36 -45
40 -29 15
41 10 -5
42 -31 -31
43 39 37
44 6 -28
45 -48 43
46 -43 33
47 -39 4
48 -31 -8
49 1 8
50 -25 -30
51 -19 18
52 -40 -9
53 16 6
54 -46 45
55 -24 15
56 -45 50
57 -33 17
58 40 -42
59 13 -5
60 37 29
61 -23 50
62 -25 -14
63 27 -31
64 -6 1
65 6 -10
66 -11 45
67 -40 10
68 -9 43
69 18 39
70 -35 45
71 -34 5
72 -5 31
73 4 31
74 33 -21
75 46 -16
76 -31 -21
77 29 3
78 -30 -18
79 8 -34
80 -48 -48
81 15 -20
82 -14 23
83 -18 21
84 -47 -16
85 8 31
86 43 10
87 -24 38
88 31 12
89 -30 -37
90 -34 0
91 -26 37
92 47 23
93 10 1
94 -36 -50
95 -38 -5
96 16 -16
97 -46 -15
98 31 40
99 41 43
100 43 28
101 38 -22
102 7 -8
103 50 10
104 32 35
105 -30 -11
106 5 50
107 -7 11
108 -5 -9
109 45 48
110 -45 -43
111 14 25
112 29 17
113 31 -31
114 -15 -32
115 -35 40
116 13 1
117 19 6
118 -37 -3
119 9 -25
120 37 5
121 -3 6
122 32 1
123 -47 3
124 -8 3
125 23 24
126 -47 36
127 48 45
128 -18 2
129 5 27
130 48 -27
131 17 11
132 -4 -9
133 4 38
134 -13 33
135 36 28
136 -16 -19
137 15 -28
138 10 21
139 7 24
140 -32 -32
141 -49 33
142 38 45
143 -15 0
144 26 17
145 49 -39
146 -3 34
147 10 -32
148 -34 -2
149 12 29
150 21 -5
151 25 38
DEMAND_SECTION
1 0
2 48
3 82
4 59
5 37
6 89
7 88
8 96
9 99
10 47
11 36
12 70
13 82
14 50
15 72
16 26
17 28
18 64
19 71
20 91
21 64
22 81
23 96
24 99
25 84
26 92
27 85
28 59
29 38
30 31
31 58
32 39
33 67
34 49
35 58
36 30
37 60
38 25
39 58
40 82
41 77
42 33
43 80
44 86
45 68
46 100
47 26
48 57
49 94
50 86
51 76
52 65
53 65
54 49
55 96
56 45
57 44
58 47
59 30
60 26
61 78
62 95
63 45
64 65
65 48
66 93
67 66
68 49
69 93
70 42
71 74
72 97
73 93
74 40
75 59
76 93
77 56
78 35
79 89
80 100
81 82
82 66
83 45
84 89
85 45
86 49
87 45
88 35
89 80
90 25
91 60
92 66
93 65
94 90
95 90
96 25
97 55
98 68
99 84
100 79
101 30
102 51
103 54
104 81
105 49
106 74
107 36
108 97
109 71
110 66
111 45
112 51
113 57
114 97
115 35
116 58
117 35
118 34
119 40
120 36
121 34
122 63
123 37
124 63
125 40
126 54
127 27
128 84
129 60
130 87
131 89
132 88
133 28
134 66
135 99
136 99
137 47
138 28
139 31
140 58
141 32
142 35
143 79
144 45
145 90
146 80
147 56
148 99
149 30
150 58
151 29
DEPOT_SECTION
1
-1
EOF