NAME: p04_20
BEST_KNOWN: 0
COMMENT: 0
DIMENSION: 151
CAPACITY: 200
EDGE_WEIGHT_FORMAT: FUNCTION
EDGE_WEIGHT_TYPE: EXACT_2D
NODE_COORD_SECTION
1 0 0
2 42 -28
3 48 0
4 11 10
5 -39 14
6 -1 -4
7 4 -15
8 1 17
9 20 50
10 -4 -27
11 44 -22
12 47 -38
13 42 -25
14 -23 36
15 13 -31
16 42 1
17 -24 -27
18 -17 44
19 -2 50
20 -4 20
21 26 42
22 45 -14
23 -15 -9
24 -47 38
25 46 17
26 -42 -24
27 18 -49
28 -19 20
29 -29 28
30 -13 30
31 -33 -50
32 -47 28
33 -33 34
34 49 -29
35 26 -48
36 -42 26
37 42 36
38 27 39
39 29 33
40 13 35
41 13 -46
42 -38 27
43 23 -31
44 2 42
45 -1 13
46 26 19
47 8 -33
48 -16 43
49 -4 -2
50 -3 18
51 46 39
52 -35 10
53 -17 34
54 7 32
55 -41 19
56 -41 23
57 33 24
58 -19 32
59 37 -38
60 -45 24
61 17 -7
62 44 -31
63 12 4
64 27 -16
65 11 28
66 22 29
67 -23 3
68 -27 13
69 2 -37
70 -10 -43
71 31 -33
72 14 20
73 -19 -9
74 -29 -13
75 -24 -44
76 17 26
77 27 35
78 -21 40
79 -4 -43
80 26 -33
81 -25 27
82 43 -20
83 29 23
84 -7 -26
85 26 46
86 35 -35
87 18 36
88 -42 -20
89 18 11
90 -18 43
91 -38 18
92 -41 -2
93 -28 19
94 -41 13
95 2 16
96 -16 -12
97 31 -12
98 46 -6
99 -11 -27
100 -33 6
101 -25 -22
102 21 0
103 -15 48
104 -31 12
105 44 -32
106 -49 26
107 17 -21
108 17 17
109 18 -2
110 -32 36
111 6 -50
112 2 12
113 -25 20
114 12 9
115 -11 -12
116 42 38
117 23 23
118 -43 39
119 27 -30
120 -49 -40
121 -24 21
122 12 -31
123 18 34
124 -5 35
125 40 47
126 30 -19
127 42 37
128 -44 -2
129 23 -7
130 -26 39
131 -50 24
132 -49 1
133 -22 4
134 17 22
135 -19 5
136 -25 26
137 -2 39
138 -27 12
139 3 21
140 -10 -25
141 -36 22
142 -33 -23
143 -36 -32
144 9 14
145 42 -7
146 -43 17
147 -17 -8
148 -48 -19
149 28 14
150 -11 28
151 44 14
DEMAND_SECTION
1 0
2 56
3 76
4 92
5 77
6 67
7 71
8 33
9 63
10 67
11 89
12 30
13 67
14 67
15 89
16 81
17 100
18 97
19 66
20 88
21 87
22 97
23 67
24 55
25 99
26 73
27 84
28 69
29 72
30 80
31 27
32 30
33 56
34 82
35 45
36 52
37 71
38 51
39 45
40 95
41 100
42 27
43 28
44 52
45 43
46 44
47 98
48 78
49 27
50 36
51 45
52 94
53 66
54 37
55 61
56 87
57 59
58 77
59 70
60 61
61 33
62 65
63 70
64 95
65 92
66 32
67 56
68 100
69 57
70 89
71 45
72 58
73 61
74 29
75 51
76 29
77 31
78 77
79 97
80 97
81 91
82 93
83 43
84 53
85 92
86 82
87 58
88 49
89 90
90 48
91 83
92 96
93 65
94 32
95 53
96 51
97 33
98 59
99 65
100 33
101 72
102 29
103 71
104 42
105 38
106 75
107 33
108 41
109 50
110 25
111 29
112 100
113 63
114 98
115 83
116 43
117 66
118 100
119 100
120 56
121 44
122 41
123 98
124 60
125 54
126 71
127 46
128 89
129 67
130 75
131 33
132 48
133 78
134 61
135 30
136 60
137 98
138 69
139 89
140 43
141 33
142 52
143 99
144 41
145 78
146 41
147 68
148 62
149 53
150 79
151 84
DEPOT_SECTION
1
-1
EOF