NAME: p04_5
BEST_KNOWN: 0
COMMENT: 0
DIMENSION: 151
CAPACITY: 200
EDGE_WEIGHT_FORMAT: FUNCTION
EDGE_WEIGHT_TYPE: EXACT_2D
NODE_COORD_SECTION
1 0 0
2 -36 48
3 -10 -39
4 12 5
5 -29 32
6 -41 -33
7 38 16
8 31 -41
9 -11 -47
10 34 -48
11 -10 3
12 -37 8
13 -6 39
14 -24 -43
15 34 42
16 18 -3
17 -45 29
18 44 44
19 -50 27
20 31 -50
21 0 -31
22 14 -43
23 -37 -10
24 -10 34
25 2 35
26 -43 -10
27 16 40
28 -9 41
29 -49 -40
30 34 26
31 -1 -25
32 -50 -9
33 17 30
34 33 -19
35 -12 -1
36 14 -34
37 -50 -43
38 -2 -44
39 9 -7
40 -33 -32
41 39 -26
42 -15 -31
43 25 25
44 20 11
45 37 4
46 -29 -32
47 27 -28
48 11 5
49 -23 17
50 19 -15
51 50 -36
52 -5 -35
53 -5 3
54 -35 1
55 -11 37
56 49 -39
57 -40 6
58 5 30
59 20 -43
60 -23 -4
61 -17 49
62 -3 46
63 25 -15
64 31 -20
65 -8 -25
66 31 29
67 39 27
68 -11 -44
69 5 -19
70 -50 14
71 18 45
72 -25 25
73 35 17
74 30 -24
75 29 -9
76 -26 22
77 -38 -42
78 -13 -4
79 -22 46
80 -2 15
81 9 -29
82 35 -18
83 -29 27
84 34 18
85 -16 28
86 1 23
87 -24 27
88 -2 -11
89 20 14
90 -36 13
91 42 -30
92 17 -29
93 -11 -8
94 35 23
95 -6 12
96 -35 3
97 40 19
98 -30 -29
99 37 -34
100 -11 -47
101 -11 49
102 -16 13
103 44 5
104 34 10
105 -49 -9
106 12 30
107 16 38
108 -2 -18
109 4 -2
110 23 8
111 50 34
112 24 9
113 -27 -48
114 18 -30
115 0 50
116 24 -5
117 8 7
118 12 17
119 -22 -3
120 -20 2
121 -18 16
122 -28 -26
123 26 23
124 11 0
125 19 -9
126 -27 -10
127 -1 41
128 -31 -7
129 36 -27
130 4 47
131 48 -22
132 40 6
133 2 -7
134 -45 21
135 -20 -33
136 15 -12
137 -36 26
138 43 50
139 -34 -30
140 40 36
141 11 -10
142 -49 -22
143 -13 -18
144 44 -5
145 -44 28
146 -39 -8
147 2 -40
148 0 -27
149 -37 -12
150 3 -5
151 -5 17
DEMAND_SECTION
1 0
2 46
3 85
4 37
5 44
6 32
7 33
8 50
9 27
10 52
11 65
12 30
13 79
14 82
15 25
16 97
17 65
18 87
19 90
20 29
21 40
22 92
23 31
24 28
25 29
26 36
27 71
28 45
29 61
30 88
31 82
32 96
33 80
34 61
35 39
36 72
37 81
38 28
39 100
40 97
41 51
42 73
43 89
44 82
45 52
46 85
47 100
48 51
49 91
50 38
51 62
52 25
53 79
54 92
55 43
56 60
57 38
58 43
59 29
60 92
61 26
62 93
63 92
64 52
65 38
66 75
67 75
68 85
69 62
70 33
71 93
72 52
73 54
74 56
75 30
76 98
77 71
78 75
79 34
80 97
81 29
82 93
83 60
84 25
85 95
86 46
87 91
88 40
89 90
90 32
91 77
92 88
93 81
94 96
95 41
96 67
97 91
98 70
99 60
100 72
101 77
102 55
103 83
104 66
105 96
106 75
107 94
108 53
109 44
110 30
111 74
112 66
113 65
114 85
115 27
116 95
117 59
118 91
119 50
120 93
121 59
122 64
123 36
124 55
125 57
126 30
127 32
128 97
129 92
130 72
131 62
132 58
133 35
134 33
135 59
136 50
137 80
138 87
139 88
140 30
141 53
142 33
143 41
144 29
145 33
146 49
147 54
148 42
149 44
150 29
151 87
DEPOT_SECTION
1
-1
EOF