NAME: p04_22
BEST_KNOWN: 0
COMMENT: 0
DIMENSION: 151
CAPACITY: 200
EDGE_WEIGHT_FORMAT: FUNCTION
EDGE_WEIGHT_TYPE: EXACT_2D
NODE_COORD_SECTION
1 0 0
2 -17 6
3 47 26
4 15 47
5 -37 -50
6 17 -29
7 2 40
8 -22 -29
9 -32 -48
10 38 -12
11 43 -25
12 9 -10
13 48 44
14 -43 44
15 -2 -35
16 6 43
17 -39 1
18 44 -32
19 -6 25
20 -47 28
21 -47 39
22 -16 25
23 -26 27
24 22 -20
25 -42 -23
26 -21 -18
27 4 50
28 17 -1
29 -9 13
30 6 28
31 10 3
32 -29 -19
33 3 -37
34 -36 50
35 -25 6
36 30 -15
37 44 31
38 3 46
39 19 -45
40 27 21
41 -29 -8
42 27 -44
43 21 4
44 32 49
45 -31 -8
46 39 -41
47 -41 26
48 46 -24
49 -42 -18
50 -11 -50
51 29 -2
52 26 43
53 0 -3
54 4 -16
55 30 41
56 -49 -22
57 7 -36
58 -43 -43
59 -7 22
60 38 8
61 11 22
62 29 -4
63 10 44
64 45 -47
65 19 48
66 -10 -47
67 40 12
68 38 -37
69 -30 -17
70 9 -14
71 -19 20
72 30 36
73 -11 3
74 21 26
75 -35 46
76 48 -30
77 30 -15
78 32 22
79 -39 15
80 -24 21
81 24 33
82 -14 13
83 -23 4
84 18 -13
85 -33 -4
86 9 8
87 -26 -8
88 -9 30
89 22 -42
90 14 34
91 10 30
92 -17 -8
93 -17 10
94 -28 -49
95 31 -45
96 -49 -32
97 -37 29
98 -15 -47
99 45 0
100 39 -10
101 45 40
102 46 -34
103 -31 34
104 7 -49
105 39 43
106 -37 34
107 -39 18
108 34 -38
109 46 -37
110 -24 -34
111 -44 -36
112 4 -18
113 3 -20
114 27 -48
115 24 -12
116 32 14
117 47 7
118 -44 25
119 -18 46
120 -37 -14
121 -24 -41
122 -29 24
123 -4 -35
124 -8 -18
125 -42 13
126 29 -2
127 49 -30
128 -48 -6
129 -27 -50
130 14 -18
131 -5 -42
132 -5 6
133 -33 -4
134 46 -21
135 5 10
136 -50 -20
137 -49 -39
138 20 -8
139 -25 -29
140 5 4
141 -20 9
142 2 3
143 47 -14
144 45 2
145 14 19
146 -3 -47
147 -48 -34
148 38 20
149 8 -23
150 -11 29
151 -16 48
DEMAND_SECTION
1 0
2 25
3 47
4 48
5 100
6 60
7 58
8 34
9 43
10 99
11 55
12 63
13 62
14 62
15 94
16 36
17 47
18 90
19 59
20 68
21 39
22 87
23 80
24 89
25 60
26 57
27 52
28 93
29 61
30 26
31 29
32 64
33 74
34 99
35 42
36 88
37 100
38 77
39 53
40 95
41 86
42 26
43 81
44 28
45 92
46 28
47 49
48 87
49 86
50 72
51 61
52 39
53 86
54 70
55 89
56 27
57 76
58 87
59 74
60 90
61 53
62 91
63 88
64 60
65 83
66 65
67 55
68 100
69 76
70 60
71 86
72 95
73 49
74 76
75 42
76 74
77 46
78 71
79 49
80 85
81 57
82 75
83 79
84 75
85 100
86 72
87 51
88 57
89 31
90 98
91 77
92 93
93 94
94 87
95 47
96 81
97 31
98 57
99 51
100 30
101 52
102 51
103 86
104 77
105 50
106 54
107 47
108 86
109 93
110 87
111 87
112 64
113 60
114 38
115 38
116 25
117 46
118 60
119 29
120 49
121 27
122 78
123 28
124 76
125 34
126 37
127 44
128 34
129 93
130 34
131 60
132 44
133 28
134 40
135 53
136 84
137 34
138 95
139 89
140 30
141 71
142 78
143 51
144 92
145 60
146 90
147 31
148 49
149 68
150 67
151 96
DEPOT_SECTION
1
-1
EOF