NAME: p04_28
BEST_KNOWN: 0
COMMENT: 0
DIMENSION: 151
CAPACITY: 200
EDGE_WEIGHT_FORMAT: FUNCTION
EDGE_WEIGHT_TYPE: EXACT_2D
NODE_COORD_SECTION
1 0 0
2 -23 8
3 -21 -11
4 20 -31
5 -40 -7
6 34 31
7 -37 30
8 29 -36
9 -27 -32
10 -35 -24
11 49 11
12 11 -2
13 -48 -33
14 28 7
15 23 -47
16 -48 16
17 26 31
18 0 15
19 -30 30
20 30 48
21 -33 25
22 -13 7
23 -44 43
24 -35 -1
25 -46 -20
26 -19 36
27 34 38
28 15 44
29 -49 42
30 -49 -17
31 30 -35
32 29 4
33 1 2
34 -21 -15
35 13 -18
36 -41 -14
37 -15 31
38 23 30
39 -16 -25
40 12 28
41 19 20
42 22 22
43 35 10
44 6 -24
45 -27 -7
46 33 48
47 -50 18
48 -18 -2
49 44 2
50 -31 40
51 3 -47
52 -23 -7
53 42 15
54 -29 37
55 -48 3
56 -35 -50
57 -42 -38
58 -29 4
59 47 -44
60 5 -27
61 1 -28
62 -21 16
63 23 -15
64 -34 -43
65 -27 -1
66 5 13
67 7 -42
68 44 -7
69 10 -45
70 -33 -26
71 14 -30
72 -28 -26
73 -27 39
74 6 -11
75 -1 19
76 21 -36
77 11 31
78 13 31
79 32 -25
80 23 22
81 36 35
82 35 -4
83 -39 -6
84 43 44
85 34 33
86 -24 -29
87 33 4
88 33 -9
89 -43 43
90 -45 -25
91 41 43
92 -8 49
93 24 33
94 -49 -38
95 31 -3
96 11 -15
97 12 -36
98 -10 10
99 44 17
100 6 -35
101 48 23
102 26 -38
103 -3 2
104 -37 21
105 9 -40
106 11 0
107 14 -26
108 -7 -22
109 -33 36
110 44 35
111 15 31
112 34 -28
113 -2 -5
114 49 -8
115 -27 -45
116 -31 15
117 -8 -13
118 4 -31
119 27 -8
120 -2 -12
121 -29 40
122 16 -2
123 30 11
124 -32 48
125 -9 -17
126 8 4
127 25 -14
128 31 -6
129 47 -48
130 20 -43
131 39 -44
132 8 -16
133 8 10
134 -32 7
135 21 45
136 -10 13
137 12 -45
138 26 -15
139 15 47
140 27 -41
141 50 29
142 -42 3
143 -46 25
144 36 -48
145 -37 -36
146 22 -47
147 7 -25
148 15 -35
149 -40 50
150 -46 35
151 17 -16
DEMAND_SECTION
1 0
2 97
3 87
4 60
5 70
6 53
7 58
8 97
9 39
10 49
11 87
12 30
13 25
14 41
15 85
16 56
17 74
18 57
19 38
20 76
21 80
22 83
23 37
24 31
25 52
26 67
27 55
28 69
29 41
30 72
31 83
32 70
33 29
34 50
35 97
36 27
37 98
38 67
39 32
40 30
41 96
42 84
43 39
44 76
45 29
46 67
47 29
48 39
49 81
50 95
51 67
52 93
53 94
54 85
55 45
56 27
57 87
58 25
59 76
60 92
61 30
62 86
63 65
64 66
65 92
66 41
67 71
68 36
69 48
70 83
71 69
72 100
73 86
74 38
75 34
76 29
77 50
78 87
79 56
80 99
81 38
82 63
83 48
84 100
85 83
86 77
87 60
88 77
89 69
90 30
91 81
92 83
93 31
94 100
95 34
96 53
97 26
98 37
99 65
100 94
101 70
102 61
103 86
104 50
105 55
106 91
107 61
108 59
109 88
110 32
111 93
112 55
113 77
114 61
115 100
116 28
117 88
118 42
119 55
120 45
121 85
122 33
123 98
124 69
125 65
126 33
127 85
128 33
129 96
130 28
131 97
132 25
133 92
134 93
135 99
136 46
137 27
138 68
139 61
140 46
141 46
142 54
143 57
144 49
145 54
146 43
147 43
148 91
149 68
150 85
151 58
DEPOT_SECTION
1
-1
EOF