NAME: p04_12
BEST_KNOWN: 0
COMMENT: 0
DIMENSION: 151
CAPACITY: 200
EDGE_WEIGHT_FORMAT: FUNCTION
EDGE_WEIGHT_TYPE: EXACT_2D
NODE_COORD_SECTION
1 0 0
2 40 13
3 22 42
4 31 -30
5 -26 -13
6 28 30
7 -6 24
8 -45 15
9 2 37
10 -41 19
11 24 -2
12 2 -17
13 -21 3
14 17 -30
15 -47 -30
16 -31 -21
17 12 43
18 -14 38
19 -43 -24
20 -35 -24
21 5 -8
22 3 -15
23 7 -16
24 10 -15
25 -23 12
26 -9 -5
27 -5 -4
28 26 41
29 -21 4
30 -17 31
31 33 -23
32 48 -23
33 -22 -11
34 -18 18
35 -13 5
36 -2 -12
37 13 26
38 24 39
39 -46 26
40 -47 49
41 25 8
42 14 -28
43 20 24
44 -47 34
45 -22 13
46 10 -4
47 49 -16
48 12 -8
49 -17 -34
50 30 -35
51 -7 -34
52 12 40
53 -36 -28
54 -46 50
55 -1 12
56 3 49
57 -31 -10
58 31 -44
59 -21 42
60 28 9
61 33 3
62 -48 -14
63 -48 -5
64 17 28
65 -42 -20
66 3 -36
67 7 -38
68 -25 -1
69 -35 9
70 43 2
71 36 38
72 48 -39
73 -17 -9
74 0 29
75 4 -7
76 46 1
77 49 -31
78 27 22
79 22 27
80 -12 49
81 48 -14
82 -21 -29
83 7 -5
84 -24 -5
85 -28 37
86 14 -4
87 43 33
88 -19 -12
89 40 17
90 50 -46
91 49 -31
92 -39 -31
93 28 -2
94 43 -36
95 -16 8
96 -3 42
97 28 13
98 -14 -11
99 20 -11
100 5 26
101 17 37
102 -10 18
103 40 -16
104 16 34
105 -31 -23
106 8 34
107 -31 -38
108 24 40
109 -46 16
110 45 -10
111 -18 4
112 -28 -13
113 46 -10
114 44 46
115 11 -9
116 -11 9
117 -28 47
118 -9 -15
119 -33 -26
120 39 -17
121 30 10
122 -38 -15
123 21 -35
124 50 -2
125 -39 4
126 0 14
127 -13 48
128 -41 -33
129 11 3
130 32 -44
131 14 -41
132 34 38
133 23 13
134 4 40
135 21 -40
136 16 6
137 -12 -43
138 -35 24
139 -40 -28
140 35 -38
141 -8 -29
142 -18 -43
143 46 -50
144 38 33
145 -23 -12
146 26 6
147 -45 23
148 -8 -20
149 -42 7
150 21 35
151 -7 22
DEMAND_SECTION
1 0
2 36
3 27
4 66
5 37
6 44
7 54
8 94
9 43
10 46
11 32
12 39
13 99
14 69
15 95
16 77
17 96
18 36
19 62
20 60
21 64
22 34
23 63
24 96
25 46
26 25
27 46
28 26
29 94
30 33
31 90
32 52
33 56
34 26
35 56
36 98
37 38
38 42
39 44
40 64
41 63
42 32
43 88
44 96
45 55
46 74
47 97
48 37
49 40
50 82
51 97
52 95
53 84
54 81
55 32
56 42
57 26
58 64
59 66
60 64
61 30
62 35
63 72
64 64
65 80
66 47
67 48
68 37
69 98
70 43
71 71
72 97
73 52
74 32
75 34
76 48
77 81
78 71
79 88
80 78
81 88
82 79
83 38
84 63
85 50
86 81
87 70
88 47
89 27
90 58
91 87
92 45
93 62
94 88
95 51
96 91
97 71
98 90
99 53
100 38
101 41
102 78
103 29
104 58
105 75
106 55
107 88
108 31
109 96
110 73
111 95
112 54
113 67
114 57
115 45
116 48
117 30
118 63
119 50
120 60
121 79
122 26
123 94
124 91
125 41
126 87
127 77
128 76
129 73
130 48
131 52
132 39
133 33
134 91
135 25
136 86
137 38
138 44
139 62
140 59
141 61
142 74
143 59
144 35
145 51
146 67
147 96
148 26
149 39
150 67
151 87
DEPOT_SECTION
1
-1
EOF