NAME: p04_26
BEST_KNOWN: 0
COMMENT: 0
DIMENSION: 151
CAPACITY: 200
EDGE_WEIGHT_FORMAT: FUNCTION
EDGE_WEIGHT_TYPE: EXACT_2D
NODE_COORD_SECTION
1 0 0
2 -32 -12
3 29 21
4 -3 33
5 24 -4
6 -12 9
7 -26 -9
8 -7 26
9 -10 50
10 -43 -32
11 46 -26
12 37 45
13 -38 6
14 -7 -48
15 -23 -14
16 -42 30
17 -42 37
18 -28 5
19 5 -49
20 -28 42
21 -35 -40
22 1 47
23 46 46
24 33 -8
25 -14 39
26 15 41
27 -9 38
28 25 27
29 -28 37
30 46 -40
31 48 24
32 -37 40
33 -34 -15
34 24 16
35 -34 25
36 -46 1
37 -28 44
38 -6 -31
39 45 15
40 -12 -36
41 38 37
42 -45 23
43 26 -2
44 -36 41
45 -49 33
46 -39 23
47 24 -29
48 34 -11
49 50 40
50 -44 -6
51 15 18
52 7 5
53 -27 24
54 8 32
55 38 8
56 23 31
57 -35 49
58 42 -15
59 39 -23
60 32 15
61 44 -40
62 -24 22
63 -20 16
64 -46 3
65 43 -32
66 -32 -42
67 31 -16
68 -16 -12
69 -26 -3
70 7 4
71 39 44
72 -25 -33
73 35 -30
74 -45 -7
75 -31 25
76 25 -46
77 16 18
78 -11 47
79 18 -43
80 -11 44
81 24 4
82 -25 13
83 -14 -37
84 -8 -28
85 -5 4
86 7 -16
87 -42 -27
88 -15 -4
89 -38 -9
90 -23 36
91 -15 19
92 -31 28
93 -48 19
94 -42 18
95 30 -5
96 1 -17
97 -3 -4
98 3 -13
99 34 20
100 -44 -11
101 -43 -14
102 29 -27
103 32 -21
104 22 -47
105 32 -38
106 -49 -44
107 -9 -44
108 31 -1
109 41 -45
110 50 -11
111 -35 -45
112 -17 3
113 -46 -30
114 -26 50
115 12 48
116 -7 -14
117 -39 45
118 19 -41
119 49 -38
120 -3 -25
121 -31 25
122 26 40
123 -30 -36
124 4 -20
125 -1 35
126 -9 -16
127 -16 -33
128 36 -20
129 0 33
130 -6 -49
131 -14 -44
132 -20 36
133 -43 -15
134 -33 13
135 -27 41
136 16 -23
137 18 4
138 5 -13
139 -33 -48
140 -10 -45
141 50 -24
142 -27 37
143 29 -34
144 50 21
145 37 -35
146 16 -20
147 -8 35
148 -36 35
149 -21 -21
150 -29 32
151 11 -18
DEMAND_SECTION
1 0
2 42
3 40
4 50
5 67
6 58
7 28
8 56
9 27
10 74
11 96
12 33
13 45
14 46
15 98
16 32
17 36
18 72
19 56
20 27
21 38
22 29
23 76
24 44
25 76
26 68
27 87
28 29
29 92
30 93
31 61
32 90
33 45
34 72
35 64
36 28
37 62
38 93
39 46
40 84
41 65
42 62
43 35
44 27
45 81
46 27
47 63
48 68
49 93
50 67
51 87
52 83
53 76
54 76
55 68
56 71
57 47
58 65
59 60
60 42
61 90
62 31
63 85
64 92
65 45
66 34
67 97
68 74
69 27
70 34
71 66
72 74
73 25
74 96
75 46
76 78
77 93
78 32
79 33
80 67
81 29
82 57
83 83
84 62
85 91
86 38
87 62
88 34
89 86
90 63
91 48
92 56
93 78
94 59
95 27
96 29
97 61
98 32
99 55
100 37
101 86
102 79
103 85
104 99
105 45
106 80
107 86
108 49
109 78
110 94
111 27
112 45
113 26
114 33
115 96
116 88
117 40
118 57
119 62
120 83
121 35
122 93
123 77
124 88
125 70
126 43
127 64
128 54
129 34
130 82
131 58
132 73
133 32
134 98
135 94
136 74
137 82
138 56
139 60
140 74
141 52
142 36
143 30
144 49
145 76
146 51
147 93
148 32
149 69
150 71
151 83
DEPOT_SECTION
1
-1
EOF