NAME: p04_1
BEST_KNOWN: 0
COMMENT: 0
DIMENSION: 151
CAPACITY: 200
EDGE_WEIGHT_FORMAT: FUNCTION
EDGE_WEIGHT_TYPE: EXACT_2D
NODE_COORD_SECTION
1 0 0
2 13 -1
3 20 14
4 22 -29
5 -27 -22
6 5 39
7 20 -2
8 -17 45
9 28 -8
10 -22 5
11 -10 7
12 43 48
13 11 -42
14 -49 39
15 -3 48
16 -26 -44
17 -37 -18
18 -45 -21
19 0 9
20 4 21
21 10 49
22 -20 -14
23 2 -31
24 -26 -3
25 -27 -40
26 -32 23
27 10 -10
28 44 -9
29 -21 31
30 7 -4
31 18 36
32 -46 22
33 -18 -45
34 -39 20
35 10 32
36 33 -45
37 48 -35
38 26 -31
39 -18 -24
40 5 36
41 45 12
42 -12 -3
43 14 -27
44 2 -27
45 -30 13
46 11 -3
47 -20 -14
48 29 49
49 -44 45
50 -34 -19
51 -45 -26
52 50 27
53 4 46
54 -42 -24
55 -18 -43
56 39 -48
57 29 0
58 -43 31
59 -1 1
60 -27 21
61 -32 -21
62 -15 -33
63 16 -19
64 -46 -22
65 2 -36
66 19 50
67 36 31
68 30 -24
69 -30 -28
70 -37 17
71 15 26
72 23 -7
73 -42 -21
74 49 15
75 -15 -30
76 18 -2
77 44 -7
78 7 -22
79 38 44
80 21 4
81 -27 -50
82 46 -5
83 -44 -10
84 27 -48
85 28 -45
86 -30 -26
87 43 30
88 32 31
89 35 23
90 27 8
91 -12 18
92 42 34
93 45 -40
94 9 46
95 -24 -1
96 -9 50
97 -7 47
98 11 43
99 5 -7
100 20 -28
101 -24 -13
102 21 24
103 -13 34
104 35 16
105 -47 -1
106 8 39
107 38 35
108 15 -22
109 -19 46
110 -41 28
111 -6 -2
112 -44 36
113 -23 7
114 -33 13
115 -1 13
116 -31 48
117 -32 11
118 -35 15
119 -31 -11
120 22 -16
121 6 49
122 -37 20
123 -14 29
124 40 29
125 -46 -24
126 32 -11
127 -15 37
128 16 9
129 -9 20
130 43 -46
131 15 30
132 47 38
133 -26 -37
134 37 22
135 4 -29
136 -22 9
137 21 -7
138 25 -7
139 -13 -23
140 2 -40
141 48 20
142 -12 -23
143 -34 -32
144 -27 48
145 -50 -21
146 13 0
147 48 49
148 -9 34
149 -15 -46
150 43 -18
151 -45 -25
DEMAND_SECTION
1 0
2 71
3 60
4 27
5 64
6 53
7 58
8 34
9 31
10 57
11 58
12 59
13 65
14 68
15 66
16 37
17 32
18 82
19 86
20 90
21 89
22 91
23 39
24 30
25 94
26 53
27 75
28 42
29 57
30 44
31 99
32 33
33 94
34 89
35 86
36 91
37 33
38 64
39 32
40 95
41 78
42 31
43 47
44 92
45 44
46 93
47 55
48 48
49 79
50 100
51 60
52 46
53 100
54 56
55 72
56 30
57 42
58 87
59 98
60 47
61 80
62 96
63 33
64 57
65 81
66 40
67 97
68 48
69 90
70 70
71 66
72 75
73 89
74 94
75 94
76 82
77 96
78 51
79 68
80 45
81 62
82 46
83 40
84 93
85 85
86 100
87 50
88 52
89 68
90 76
91 68
92 29
93 27
94 67
95 92
96 29
97 97
98 33
99 45
100 31
101 41
102 35
103 97
104 50
105 49
106 49
107 73
108 27
109 84
110 45
111 92
112 91
113 75
114 65
115 58
116 62
117 37
118 34
119 59
120 69
121 35
122 27
123 93
124 78
125 50
126 42
127 54
128 65
129 28
130 79
131 51
132 74
133 76
134 50
135 65
136 75
137 99
138 68
139 45
140 71
141 33
142 87
143 71
144 35
145 100
146 86
147 90
148 32
149 88
150 67
151 92
DEPOT_SECTION
1
-1
EOF