NAME: p04_14
BEST_KNOWN: 0
COMMENT: 0
DIMENSION: 151
CAPACITY: 200
EDGE_WEIGHT_FORMAT: FUNCTION
EDGE_WEIGHT_TYPE: EXACT_2D
NODE_COORD_SECTION
1 0 0
2 -35 -46
3 26 37
4 -5 22
5 16 -27
6 37 -38
7 4 6
8 15 47
9 38 14
10 20 -26
11 7 -46
12 -30 -1
13 -32 -8
14 48 33
15 8 2
16 26 -47
17 -21 -25
18 47 17
19 46 -45
20 15 -14
21 -37 44
22 38 11
23 35 48
24 22 30
25 -28 -45
26 46 33
27 -29 -35
28 -50 -40
29 2 45
30 10 -33
31 -29 -6
32 -18 40
33 15 -28
34 30 -15
35 21 -41
36 47 34
37 49 14
38 -21 -27
39 29 9
40 -47 -20
41 -9 31
42 31 18
43 -45 -18
44 -50 3
45 43 32
46 -50 -24
47 -18 24
48 44 16
49 23 -29
50 -32 0
51 -30 -5
52 -40 -32
53 44 33
54 35 35
55 39 -41
56 -45 21
57 -24 -7
58 -44 -31
59 42 -15
60 -26 -45
61 26 0
62 14 -29
63 21 -8
64 23 -3
65 -49 41
66 27 -12
67 18 -50
68 0 -12
69 -47 -23
70 0 10
71 21 1
72 23 -38
73 -15 36
74 -32 21
75 39 47
76 -16 17
77 5 -43
78 19 -3
79 13 -23
80 -3 32
81 50 36
82 -18 -31
83 -48 -17
84 -11 -1
85 -38 25
86 22 -36
87 37 -25
88 3 38
89 33 5
90 -8 -45
91 -42 32
92 -46 -19
93 -43 -4
94 31 -11
95 16 3
96 29 -28
97 33 36
98 45 -40
99 -10 37
100 -11 19
101 13 14
102 -6 -16
103 -48 -33
104 -21 -23
105 22 23
106 4 -28
107 9 21
108 -4 33
109 47 34
110 -35 22
111 2 -38
112 -34 18
113 -48 -25
114 -12 -26
115 30 1
116 -10 6
117 -14 10
118 0 -18
119 23 -19
120 20 -21
121 -3 19
122 3 -36
123 30 21
124 31 -36
125 29 31
126 0 -49
127 27 10
128 -20 -2
129 20 44
130 12 46
131 -27 45
132 -22 22
133 12 4
134 -1 18
135 -26 -10
136 -25 -18
137 -23 -13
138 -39 -49
139 18 49
140 20 19
141 -47 37
142 8 -47
143 7 -30
144 33 21
145 10 14
146 -31 22
147 22 0
148 -11 29
149 -40 -15
150 20 -19
151 -47 -20
DEMAND_SECTION
1 0
2 72
3 96
4 89
5 90
6 32
7 65
8 33
9 67
10 41
11 84
12 50
13 68
14 55
15 67
16 27
17 64
18 68
19 92
20 94
21 94
22 38
23 34
24 49
25 60
26 61
27 74
28 47
29 49
30 91
31 27
32 51
33 41
34 30
35 73
36 54
37 41
38 63
39 81
40 99
41 68
42 95
43 40
44 70
45 85
46 100
47 96
48 74
49 50
50 26
51 58
52 36
53 87
54 58
55 99
56 46
57 66
58 62
59 67
60 65
61 26
62 89
63 60
64 74
65 49
66 76
67 45
68 39
69 94
70 56
71 74
72 51
73 61
74 90
75 70
76 57
77 35
78 27
79 29
80 49
81 55
82 41
83 35
84 61
85 71
86 97
87 76
88 58
89 68
90 60
91 81
92 59
93 83
94 31
95 72
96 56
97 34
98 63
99 90
100 72
101 48
102 54
103 63
104 62
105 26
106 88
107 79
108 80
109 60
110 38
111 32
112 56
113 71
114 60
115 44
116 89
117 60
118 47
119 78
120 37
121 55
122 47
123 78
124 58
125 99
126 60
127 37
128 69
129 99
130 48
131 47
132 27
133 54
134 43
135 70
136 69
137 46
138 84
139 87
140 38
141 39
142 38
143 74
144 96
145 34
146 76
147 56
148 97
149 66
150 40
151 54
DEPOT_SECTION
1
-1
EOF