NAME: p04_15
BEST_KNOWN: 0
COMMENT: 0
DIMENSION: 151
CAPACITY: 200
EDGE_WEIGHT_FORMAT: FUNCTION
EDGE_WEIGHT_TYPE: EXACT_2D
NODE_COORD_SECTION
1 0 0
2 4 49
3 -32 -48
4 -1 17
5 -5 -30
6 43 36
7 12 -48
8 46 -31
9 -39 45
10 26 34
11 38 -40
12 11 11
13 19 44
14 11 19
15 -27 -45
16 -2 28
17 -24 -36
18 29 -9
19 50 31
20 -44 38
21 -27 -31
22 6 45
23 15 -30
24 26 45
25 34 50
26 -22 1
27 29 -42
28 8 0
29 -17 46
30 -27 50
31 23 13
32 25 49
33 4 9
34 -50 -30
35 -1 -1
36 -7 12
37 -28 10
38 45 43
39 24 10
40 37 -28
41 6 -7
42 -7 32
43 3 -28
44 -28 14
45 16 11
46 -2 16
47 8 4
48 24 27
49 48 40
50 -33 -25
51 -16 -31
52 -14 43
53 -22 32
54 -23 23
55 -11 -45
56 -40 30
57 9 40
58 37 20
59 26 37
60 -32 -50
61 34 13
62 -50 -26
63 46 26
64 -17 -33
65 35 -2
66 -37 -29
67 -40 26
68 -14 -18
69 -38 -26
70 9 6
71 44 18
72 44 -29
73 42 -19
74 -24 24
75 38 0
76 -24 -49
77 25 -50
78 -1 41
79 -34 -39
80 -25 -21
81 15 11
82 20 -22
83 40 24
84 26 -28
85 11 7
86 46 -46
87 30 -11
88 29 49
89 44 13
90 -18 28
91 3 -48
92 -39 -3
93 -38 -24
94 -27 -14
95 -2 -37
96 -28 -46
97 5 -8
98 1 37
99 48 29
100 -46 -39
101 45 -35
102 -45 45
103 -19 30
104 -36 5
105 -39 -5
106 -10 6
107 -6 -20
108 -32 -6
109 -4 -44
110 40 33
111 -2 -24
112 -18 37
113 43 11
114 -9 -31
115 23 -6
116 -27 43
117 -18 -29
118 48 45
119 -50 -30
120 -16 -18
121 -43 40
122 29 -32
123 1 25
124 -19 35
125 40 5
126 1 -10
127 16 -25
128 29 19
129 -5 -6
130 20 5
131 30 15
132 31 -7
133 -23 -31
134 -20 30
135 13 -50
136 -46 24
137 12 18
138 47 -40
139 5 -13
140 -42 34
141 -19 -6
142 16 -15
143 15 13
144 -34 -49
145 -15 5
146 5 -18
147 38 7
148 13 -16
149 40 -20
150 -32 20
151 -20 40
DEMAND_SECTION
1 0
2 92
3 73
4 50
5 59
6 66
7 33
8 41
9 73
10 63
11 57
12 28
13 80
14 87
15 25
16 62
17 92
18 71
19 96
20 38
21 85
22 75
23 42
24 99
25 25
26 91
27 37
28 78
29 34
30 29
31 90
32 45
33 66
34 42
35 82
36 98
37 51
38 99
39 93
40 77
41 34
42 100
43 47
44 51
45 81
46 75
47 71
48 87
49 37
50 89
51 40
52 69
53 36
54 76
55 72
56 58
57 66
58 95
59 35
60 90
61 26
62 87
63 68
64 53
65 59
66 70
67 71
68 68
69 89
70 80
71 61
72 46
73 99
74 59
75 72
76 85
77 38
78 63
79 29
80 74
81 75
82 31
83 68
84 68
85 57
86 75
87 58
88 65
89 99
90 42
91 88
92 90
93 59
94 67
95 31
96 65
97 71
98 88
99 78
100 71
101 77
102 94
103 83
104 30
105 87
106 80
107 40
108 56
109 70
110 57
111 96
112 89
113 41
114 35
115 100
116 32
117 88
118 64
119 57
120 37
121 67
122 84
123 52
124 29
125 84
126 32
127 63
128 72
129 71
130 62
131 91
132 71
133 72
134 100
135 76
136 91
137 47
138 40
139 65
140 29
141 95
142 71
143 60
144 98
145 44
146 50
147 61
148 79
149 69
150 84
151 47
DEPOT_SECTION
1
-1
EOF