NAME: p04_6
BEST_KNOWN: 0
COMMENT: 0
DIMENSION: 151
CAPACITY: 200
EDGE_WEIGHT_FORMAT: FUNCTION
EDGE_WEIGHT_TYPE: EXACT_2D
NODE_COORD_SECTION
1 0 0
2 -2 -11
3 13 42
4 19 -26
5 -6 -28
6 -20 11
7 10 -43
8 11 -21
9 -27 44
10 6 9
11 -50 0
12 28 14
13 -3 5
14 21 -43
15 10 -46
16 -16 26
17 17 6
18 -3 -49
19 -28 41
20 -10 47
21 48 38
22 7 -11
23 -25 48
24 28 -50
25 -28 50
26 9 37
27 -19 -8
28 17 48
29 23 -28
30 -27 -29
31 -41 -7
32 44 45
33 -6 -17
34 31 -31
35 38 -22
36 -13 48
37 -15 25
38 44 0
39 -36 5
40 -12 7
41 -10 29
42 40 37
43 -29 43
44 11 -25
45 -47 -45
46 9 -47
47 -24 -9
48 23 -22
49 35 7
50 17 20
51 -29 -41
52 32 -35
53 -30 -34
54 43 -30
55 24 46
56 18 21
57 -33 -1
58 23 -20
59 11 21
60 35 36
61 -50 17
62 -18 2
63 25 44
64 46 23
65 41 -3
66 26 -27
67 45 43
68 14 1
69 -23 38
70 27 49
71 24 -11
72 -42 50
73 32 7
74 -33 -6
75 -14 2
76 -43 -22
77 -35 -31
78 -48 -16
79 17 -46
80 33 48
81 -4 2
82 39 49
83 -26 28
84 -24 -13
85 47 -18
86 50 43
87 49 8
88 3 43
89 37 -32
90 -17 -18
91 5 28
92 18 -20
93 46 -23
94 -50 -3
95 -36 -41
96 -3 -40
97 37 -2
98 -25 -14
99 2 -48
100 -7 -26
101 -18 -19
102 19 -21
103 -2 -30
104 37 37
105 -29 -48
106 -39 3
107 9 44
108 37 -50
109 29 23
110 47 -2
111 -49 9
112 4 -22
113 -11 -12
114 -46 8
115 -2 42
116 0 37
117 41 4
118 46 -37
119 10 29
120 -43 -36
121 28 41
122 -22 -24
123 1 -23
124 -27 14
125 14 48
126 -39 20
127 30 36
128 50 -15
129 -18 -5
130 38 -43
131 -20 -20
132 -10 -27
133 28 -14
134 -17 28
135 -2 -41
136 -37 15
137 -40 -45
138 -4 8
139 46 45
140 -22 -34
141 -3 -48
142 47 -33
143 14 5
144 26 23
145 8 -9
146 -32 25
147 -25 16
148 -18 -46
149 44 13
150 -10 -8
151 24 -27
DEMAND_SECTION
1 0
2 55
3 51
4 92
5 32
6 48
7 38
8 81
9 59
10 99
11 50
12 46
13 70
14 32
15 82
16 56
17 43
18 83
19 98
20 33
21 78
22 32
23 66
24 89
25 30
26 63
27 51
28 87
29 50
30 45
31 28
32 28
33 70
34 76
35 48
36 87
37 43
38 66
39 40
40 73
41 45
42 78
43 89
44 82
45 76
46 31
47 57
48 79
49 60
50 85
51 66
52 52
53 52
54 48
55 69
56 52
57 65
58 61
59 25
60 44
61 95
62 71
63 49
64 47
65 25
66 26
67 80
68 78
69 37
70 95
71 47
72 62
73 25
74 99
75 98
76 75
77 56
78 56
79 44
80 77
81 43
82 58
83 83
84 54
85 66
86 80
87 84
88 57
89 82
90 60
91 85
92 56
93 69
94 83
95 60
96 46
97 51
98 98
99 100
100 47
101 41
102 97
103 55
104 43
105 78
106 59
107 99
108 62
109 34
110 64
111 86
112 57
113 55
114 34
115 39
116 72
117 36
118 75
119 58
120 99
121 64
122 37
123 56
124 43
125 34
126 78
127 60
128 41
129 27
130 93
131 79
132 77
133 32
134 100
135 54
136 89
137 92
138 56
139 55
140 90
141 28
142 72
143 86
144 41
145 62
146 57
147 49
148 71
149 53
150 100
151 91
DEPOT_SECTION
1
-1
EOF