NAME: p04_10
BEST_KNOWN: 0
COMMENT: 0
DIMENSION: 151
CAPACITY: 200
EDGE_WEIGHT_FORMAT: FUNCTION
EDGE_WEIGHT_TYPE: EXACT_2D
NODE_COORD_SECTION
1 0 0
2 39 -5
3 20 -10
4 47 -17
5 34 28
6 38 16
7 -2 -48
8 1 -15
9 22 40
10 -1 -47
11 -16 -45
12 40 -36
13 48 -12
14 -11 40
15 38 46
16 -12 19
17 -49 -39
18 9 15
19 10 35
20 -1 -24
21 35 -19
22 20 -43
23 15 -2
24 13 3
25 38 50
26 24 -15
27 32 28
28 26 -42
29 -48 -35
30 23 -42
31 -45 -12
32 19 -43
33 -23 24
34 27 10
35 25 -18
36 1 1
37 -24 -23
38 -26 44
39 -17 18
40 5 -4
41 -31 -14
42 11 -6
43 36 1
44 37 -14
45 -30 3
46 30 49
47 2 -35
48 13 36
49 -7 -6
50 46 25
51 -34 -25
52 -12 -31
53 -48 -37
54 -43 -21
55 26 4
56 21 -47
57 44 25
58 12 -18
59 -6 -28
60 49 18
61 -11 -42
62 1 -31
63 17 26
64 -9 43
65 -13 3
66 6 -8
67 -31 26
68 5 -13
69 2 -41
70 -28 -18
71 15 35
72 -46 5
73 -13 24
74 -42 -39
75 40 -30
76 8 -35
77 28 -24
78 -14 -48
79 -39 -9
80 -38 28
81 35 13
82 -34 28
83 -33 47
84 -30 24
85 -16 15
86 28 -5
87 8 13
88 -5 36
89 10 -14
90 -41 -29
91 -45 -2
92 -8 -33
93 26 -10
94 -31 -5
95 -18 41
96 -29 37
97 -39 -35
98 -3 -24
99 24 36
100 -8 33
101 -4 36
102 -38 -27
103 -3 -13
104 47 -14
105 36 -20
106 32 -45
107 -8 3
108 -42 -40
109 -37 -21
110 20 -35
111 40 -19
112 -16 -30
113 -7 -7
114 30 38
115 14 -7
116 -22 -18
117 24 -9
118 9 -48
119 -5 -25
120 -21 42
121 -22 31
122 43 12
123 7 -17
124 -21 -41
125 2 -16
126 6 -22
127 -35 36
128 33 41
129 25 49
130 7 10
131 -50 13
132 -41 34
133 7 22
134 1 -40
135 41 -1
136 35 33
137 -43 21
138 12 37
139 6 -34
140 -38 12
141 -6 44
142 16 -43
143 46 -26
144 28 30
145 -12 24
146 -40 -5
147 -10 8
148 -30 1
149 49 -17
150 18 17
151 35 -5
DEMAND_SECTION
1 0
2 77
3 32
4 92
5 55
6 39
7 66
8 55
9 87
10 64
11 93
12 99
13 68
14 40
15 70
16 69
17 93
18 61
19 74
20 26
21 56
22 33
23 84
24 58
25 88
26 99
27 66
28 99
29 43
30 37
31 56
32 99
33 55
34 30
35 78
36 58
37 97
38 36
39 92
40 48
41 91
42 89
43 76
44 87
45 28
46 67
47 31
48 66
49 55
50 53
51 66
52 39
53 77
54 89
55 65
56 72
57 49
58 53
59 35
60 82
61 56
62 67
63 91
64 70
65 69
66 96
67 98
68 79
69 56
70 42
71 82
72 43
73 30
74 99
75 57
76 52
77 48
78 33
79 77
80 67
81 80
82 31
83 52
84 95
85 55
86 69
87 37
88 38
89 48
90 97
91 42
92 90
93 66
94 41
95 42
96 94
97 98
98 59
99 35
100 70
101 71
102 66
103 59
104 28
105 50
106 80
107 63
108 29
109 85
110 94
111 79
112 54
113 56
114 61
115 32
116 27
117 41
118 73
119 49
120 91
121 76
122 36
123 83
124 32
125 94
126 62
127 39
128 41
129 57
130 76
131 98
132 61
133 92
134 70
135 95
136 97
137 48
138 35
139 33
140 68
141 98
142 82
143 36
144 67
145 75
146 97
147 97
148 40
149 45
150 48
151 48
DEPOT_SECTION
1
-1
EOF