NAME: p04_23
BEST_KNOWN: 0
COMMENT: 0
DIMENSION: 151
CAPACITY: 200
EDGE_WEIGHT_FORMAT: FUNCTION
EDGE_WEIGHT_TYPE: EXACT_2D
NODE_COORD_SECTION
1 0 0
2 28 -27
3 -31 -36
4 6 42
5 50 -38
6 14 -12
7 -46 -2
8 26 3
9 17 35
10 22 -2
11 -46 -3
12 -40 -14
13 39 -16
14 19 -41
15 -20 23
16 -15 11
17 34 -28
18 11 38
19 33 12
20 -39 -18
21 -19 17
22 -32 -50
23 13 26
24 41 42
25 -21 -32
26 4 -14
27 31 -8
28 -32 -19
29 30 39
30 40 26
31 -14 -39
32 50 -38
33 -12 -47
34 6 -4
35 47 16
36 -31 9
37 8 -47
38 41 48
39 -46 -28
40 27 -14
41 19 39
42 3 45
43 -8 28
44 47 5
45 41 38
46 46 -28
47 6 30
48 -16 -33
49 -30 -16
50 11 37
51 18 47
52 0 18
53 0 -46
54 -20 8
55 17 -1
56 -38 -18
57 -33 -45
58 -13 -17
59 18 22
60 13 -39
61 30 35
62 -26 -24
63 46 -1
64 -45 49
65 -22 -36
66 44 -21
67 39 -37
68 -18 -4
69 -38 9
70 -40 -30
71 8 34
72 -31 -35
73 18 -49
74 48 10
75 18 -26
76 22 17
77 -43 42
78 40 -9
79 -11 -41
80 -30 9
81 -38 49
82 13 2
83 17 -2
84 8 -3
85 -21 -35
86 -39 37
87 39 22
88 -9 -35
89 35 -26
90 18 -21
91 -4 -7
92 -50 24
93 39 25
94 -37 -26
95 -9 37
96 3 -50
97 -10 6
98 21 -14
99 -50 -12
100 -50 29
101 21 35
102 30 50
103 26 -16
104 10 -5
105 -6 47
106 -26 10
107 29 12
108 -29 42
109 -39 -43
110 47 -35
111 36 15
112 12 -28
113 20 42
114 -20 -49
115 3 -20
116 -36 4
117 -14 -10
118 42 -2
119 16 2
120 -15 -42
121 45 25
122 -26 12
123 -11 20
124 -37 -33
125 -43 40
126 -48 -21
127 -50 4
128 29 -35
129 -5 -48
130 -45 47
131 34 -34
132 -19 31
133 27 35
134 45 26
135 37 39
136 16 14
137 45 -27
138 -16 -45
139 28 -6
140 -50 29
141 39 -9
142 -11 36
143 -10 -23
144 5 33
145 14 1
146 30 -31
147 10 10
148 -8 38
149 1 40
150 48 20
151 -21 26
DEMAND_SECTION
1 0
2 53
3 49
4 60
5 36
6 69
7 47
8 77
9 98
10 58
11 94
12 90
13 70
14 42
15 52
16 93
17 41
18 96
19 30
20 94
21 95
22 86
23 51
24 34
25 71
26 92
27 99
28 83
29 86
30 49
31 99
32 70
33 89
34 31
35 62
36 25
37 27
38 73
39 95
40 29
41 69
42 79
43 38
44 35
45 37
46 87
47 88
48 28
49 59
50 72
51 43
52 95
53 83
54 65
55 77
56 79
57 55
58 92
59 87
60 26
61 84
62 79
63 58
64 99
65 48
66 35
67 31
68 57
69 88
70 39
71 31
72 29
73 50
74 96
75 59
76 28
77 46
78 40
79 67
80 32
81 54
82 74
83 72
84 53
85 78
86 50
87 58
88 62
89 44
90 51
91 93
92 88
93 99
94 25
95 56
96 73
97 29
98 64
99 29
100 26
101 51
102 86
103 85
104 42
105 49
106 95
107 90
108 60
109 70
110 80
111 61
112 30
113 91
114 68
115 51
116 33
117 92
118 29
119 87
120 77
121 73
122 67
123 97
124 55
125 40
126 67
127 74
128 91
129 84
130 74
131 73
132 45
133 88
134 75
135 78
136 97
137 87
138 33
139 91
140 74
141 68
142 80
143 30
144 95
145 65
146 37
147 41
148 26
149 94
150 27
151 54
DEPOT_SECTION
1
-1
EOF