NAME: p04_2
BEST_KNOWN: 0
COMMENT: 0
DIMENSION: 151
CAPACITY: 200
EDGE_WEIGHT_FORMAT: FUNCTION
EDGE_WEIGHT_TYPE: EXACT_2D
NODE_COORD_SECTION
1 0 0
2 -19 10
3 19 49
4 18 37
5 47 -5
6 37 -27
7 0 -23
8 38 -40
9 36 -43
10 31 -6
11 27 42
12 46 -21
13 -27 -32
14 -20 31
15 8 -35
16 22 -1
17 -35 -19
18 44 -21
19 -14 -33
20 -30 34
21 -7 30
22 -13 47
23 -46 27
24 1 38
25 35 -38
26 28 -5
27 38 10
28 10 -31
29 -37 31
30 41 -7
31 41 21
32 2 -6
33 30 -12
34 -24 43
35 -46 -36
36 -16 -28
37 34 -5
38 -48 -18
39 -13 38
40 -15 -15
41 27 -22
42 -39 -31
43 4 19
44 -7 45
45 0 4
46 -28 15
47 25 -44
48 -6 20
49 4 -31
50 -6 10
51 -38 10
52 44 -2
53 40 17
54 -35 32
55 31 5
56 -21 26
57 -38 5
58 -37 31
59 -24 -23
60 39 -49
61 -34 -3
62 -6 -42
63 -15 15
64 -38 -21
65 -15 -17
66 -3 -46
67 -40 35
68 -35 23
69 26 2
70 -47 -49
71 -32 18
72 -36 28
73 33 -46
74 22 12
75 1 -5
76 -36 -3
77 -18 -15
78 -12 8
79 46 37
80 15 -2
81 -21 -45
82 -36 31
83 -40 -26
84 19 -12
85 -24 -35
86 -32 18
87 2 36
88 -6 -12
89 -28 -49
90 40 38
91 32 4
92 -49 29
93 23 15
94 19 -39
95 32 37
96 -1 13
97 -49 -48
98 -21 -37
99 -10 47
100 49 35
101 24 -38
102 -42 35
103 22 -20
104 -27 0
105 -44 -15
106 -38 -23
107 -50 41
108 7 -36
109 -38 -37
110 14 39
111 2 31
112 -36 15
113 24 -35
114 46 34
115 -38 8
116 13 -36
117 48 12
118 -20 18
119 7 45
120 20 -50
121 28 13
122 5 -43
123 -41 -5
124 -8 -35
125 40 36
126 39 22
127 38 15
128 7 12
129 36 -14
130 -48 42
131 -44 -49
132 24 -16
133 -23 37
134 35 -8
135 -6 4
136 36 48
137 -31 15
138 -49 49
139 -12 28
140 42 -19
141 -48 -26
142 -50 1
143 -31 -48
144 -6 -15
145 13 37
146 -36 -41
147 5 30
148 -28 19
149 -46 -33
150 10 -49
151 33 34
DEMAND_SECTION
1 0
2 43
3 91
4 99
5 56
6 82
7 95
8 52
9 60
10 32
11 59
12 87
13 34
14 93
15 58
16 54
17 26
18 48
19 41
20 32
21 80
22 96
23 50
24 87
25 72
26 79
27 98
28 74
29 32
30 48
31 40
32 26
33 33
34 62
35 59
36 57
37 82
38 79
39 77
40 35
41 82
42 39
43 40
44 84
45 83
46 56
47 50
48 77
49 63
50 36
51 82
52 97
53 50
54 51
55 35
56 38
57 48
58 85
59 53
60 41
61 54
62 39
63 53
64 98
65 29
66 61
67 98
68 63
69 90
70 43
71 35
72 34
73 83
74 88
75 63
76 77
77 44
78 80
79 63
80 98
81 51
82 94
83 52
84 40
85 73
86 38
87 84
88 96
89 57
90 70
91 49
92 51
93 66
94 94
95 92
96 87
97 36
98 31
99 43
100 77
101 38
102 89
103 55
104 27
105 91
106 92
107 28
108 25
109 31
110 65
111 71
112 57
113 77
114 64
115 84
116 39
117 70
118 78
119 85
120 47
121 86
122 78
123 57
124 100
125 89
126 53
127 33
128 96
129 67
130 86
131 73
132 90
133 40
134 49
135 95
136 30
137 41
138 98
139 45
140 43
141 43
142 80
143 94
144 84
145 86
146 51
147 56
148 94
149 28
150 80
151 27
DEPOT_SECTION
1
-1
EOF