NAME: p04_19
BEST_KNOWN: 0
COMMENT: 0
DIMENSION: 151
CAPACITY: 200
EDGE_WEIGHT_FORMAT: FUNCTION
EDGE_WEIGHT_TYPE: EXACT_2D
NODE_COORD_SECTION
1 0 0
2 -26 49
3 -23 -44
4 -12 24
5 38 -33
6 32 32
7 -46 13
8 -34 4
9 34 29
10 3 19
11 30 9
12 -38 -11
13 16 -46
14 -32 -41
15 -31 34
16 11 45
17 19 -42
18 -50 24
19 -7 -2
20 -14 13
21 -41 -45
22 -37 -10
23 5 40
24 -44 38
25 -39 -14
26 -1 -42
27 9 -26
28 -40 -16
29 -1 -12
30 34 -38
31 -2 -17
32 18 16
33 -36 19
34 -27 -28
35 -41 27
36 14 -15
37 5 -19
38 32 7
39 -38 29
40 38 36
41 20 -32
42 3 5
43 6 -21
44 8 -21
45 13 -1
46 12 31
47 -13 48
48 -9 -7
49 -25 23
50 43 2
51 -46 -21
52 50 18
53 35 9
54 -34 -9
55 39 1
56 -32 -41
57 -24 -19
58 -24 4
59 49 22
60 7 14
61 -27 -41
62 -18 -5
63 10 18
64 25 27
65 20 25
66 8 49
67 -6 38
68 39 -11
69 -11 -27
70 -8 -17
71 -37 -15
72 13 -2
73 29 -5
74 34 -31
75 17 33
76 28 -47
77 24 -49
78 -35 19
79 26 14
80 -25 9
81 8 -9
82 17 -24
83 -49 -37
84 34 38
85 -49 -39
86 11 31
87 47 -14
88 20 -3
89 -8 38
90 -11 -30
91 19 41
92 38 46
93 -4 20
94 -1 4
95 18 8
96 -37 19
97 50 -17
98 -41 -30
99 -22 17
100 -43 -47
101 -28 -37
102 -34 -14
103 -43 -40
104 22 -10
105 -43 -44
106 -49 13
107 19 -31
108 6 -45
109 -42 22
110 -46 38
111 21 7
112 -31 -18
113 40 23
114 -38 9
115 32 38
116 -45 50
117 -42 20
118 -20 -43
119 43 -1
120 -6 -7
121 44 30
122 -2 12
123 47 14
124 49 15
125 -15 -40
126 19 30
127 -36 -14
128 41 -4
129 3 -35
130 -37 10
131 -6 -22
132 28 9
133 42 -25
134 36 -19
135 17 41
136 50 -22
137 19 -13
138 30 -42
139 -27 21
140 -7 -23
141 -15 0
142 -26 36
143 29 28
144 41 20
145 -27 8
146 -23 -6
147 34 40
148 43 19
149 47 34
150 -11 -4
151 -41 14
DEMAND_SECTION
1 0
2 26
3 26
4 77
5 35
6 39
7 59
8 72
9 63
10 95
11 55
12 48
13 87
14 99
15 42
16 68
17 87
18 38
19 98
20 34
21 26
22 98
23 42
24 54
25 76
26 54
27 30
28 27
29 56
30 91
31 87
32 64
33 60
34 66
35 73
36 57
37 48
38 88
39 29
40 47
41 40
42 54
43 53
44 33
45 54
46 34
47 77
48 65
49 88
50 38
51 94
52 97
53 41
54 27
55 87
56 83
57 40
58 66
59 45
60 77
61 36
62 80
63 84
64 32
65 52
66 26
67 54
68 50
69 43
70 76
71 81
72 87
73 48
74 41
75 54
76 95
77 98
78 61
79 94
80 68
81 37
82 25
83 93
84 52
85 56
86 75
87 73
88 33
89 27
90 66
91 43
92 30
93 99
94 28
95 62
96 93
97 63
98 45
99 68
100 76
101 35
102 51
103 79
104 31
105 44
106 47
107 49
108 95
109 36
110 65
111 49
112 95
113 65
114 99
115 51
116 28
117 86
118 26
119 56
120 83
121 38
122 33
123 55
124 44
125 32
126 25
127 61
128 44
129 49
130 82
131 49
132 80
133 55
134 43
135 72
136 45
137 56
138 100
139 28
140 39
141 89
142 36
143 63
144 77
145 31
146 79
147 39
148 59
149 71
150 56
151 77
DEPOT_SECTION
1
-1
EOF