NAME: p04_7
BEST_KNOWN: 0
COMMENT: 0
DIMENSION: 151
CAPACITY: 200
EDGE_WEIGHT_FORMAT: FUNCTION
EDGE_WEIGHT_TYPE: EXACT_2D
NODE_COORD_SECTION
1 0 0
2 -42 -44
3 -35 -18
4 -26 34
5 2 39
6 31 27
7 26 32
8 49 -44
9 -40 41
10 28 -35
11 -45 40
12 -8 -10
13 2 -37
14 29 2
15 41 18
16 -27 38
17 -1 50
18 11 -46
19 -49 22
20 45 -36
21 -34 23
22 6 -30
23 41 -6
24 31 -12
25 -47 -25
26 47 11
27 42 48
28 26 -35
29 -38 36
30 43 15
31 35 39
32 -41 45
33 -40 16
34 -6 32
35 46 17
36 38 22
37 39 17
38 -1 44
39 43 30
40 -2 -26
41 1 35
42 22 -21
43 -21 23
44 -15 5
45 -23 -45
46 44 13
47 15 -20
48 33 0
49 -34 -31
50 10 -14
51 41 -29
52 22 -41
53 -24 43
54 -24 -16
55 7 24
56 0 -2
57 9 -8
58 2 -34
59 46 44
60 42 -40
61 36 -4
62 -30 -14
63 -35 -13
64 -47 40
65 8 -16
66 40 31
67 -47 10
68 -8 -11
69 24 -39
70 11 8
71 -5 -20
72 -22 -43
73 -20 49
74 48 -39
75 30 -3
76 3 43
77 -46 10
78 -38 24
79 -11 4
80 -37 -48
81 0 -34
82 5 -48
83 17 -13
84 -22 -16
85 17 -21
86 -32 15
87 33 3
88 -11 32
89 -41 11
90 31 -45
91 -27 -13
92 25 35
93 0 -44
94 1 13
95 -31 14
96 32 -3
97 -8 -7
98 -6 28
99 -47 39
100 -2 50
101 43 4
102 2 -37
103 -33 38
104 7 -42
105 12 -7
106 32 -35
107 19 16
108 -6 34
109 47 11
110 -35 -20
111 49 -37
112 -30 42
113 43 22
114 -17 40
115 20 -47
116 -10 -17
117 -12 34
118 -37 -3
119 35 -41
120 8 31
121 22 -13
122 -39 14
123 29 32
124 38 -43
125 -9 38
126 -2 15
127 -44 -1
128 -48 -39
129 37 -17
130 44 14
131 -16 40
132 38 4
133 35 17
134 -46 -12
135 -42 -36
136 30 10
137 -41 48
138 16 5
139 16 32
140 9 -6
141 32 -19
142 -16 -32
143 -17 2
144 -46 5
145 6 -48
146 21 44
147 12 10
148 -33 -9
149 4 -45
150 -26 39
151 44 32
DEMAND_SECTION
1 0
2 98
3 66
4 32
5 90
6 59
7 27
8 96
9 96
10 55
11 26
12 82
13 33
14 97
15 55
16 98
17 48
18 27
19 86
20 63
21 33
22 79
23 89
24 53
25 58
26 88
27 63
28 100
29 62
30 33
31 58
32 93
33 30
34 49
35 45
36 83
37 96
38 33
39 96
40 28
41 49
42 52
43 82
44 92
45 100
46 34
47 54
48 29
49 79
50 94
51 32
52 52
53 38
54 69
55 89
56 49
57 95
58 28
59 80
60 49
61 37
62 25
63 79
64 91
65 67
66 53
67 83
68 32
69 61
70 27
71 92
72 56
73 82
74 29
75 67
76 45
77 41
78 26
79 97
80 36
81 28
82 54
83 47
84 74
85 30
86 29
87 86
88 50
89 98
90 93
91 52
92 28
93 54
94 73
95 50
96 67
97 32
98 39
99 59
100 94
101 85
102 55
103 97
104 60
105 55
106 58
107 89
108 64
109 55
110 89
111 82
112 52
113 33
114 45
115 78
116 62
117 42
118 94
119 70
120 87
121 56
122 80
123 72
124 53
125 100
126 61
127 78
128 28
129 96
130 27
131 41
132 35
133 54
134 82
135 62
136 84
137 99
138 66
139 86
140 55
141 100
142 67
143 47
144 76
145 63
146 41
147 85
148 56
149 34
150 31
151 100
DEPOT_SECTION
1
-1
EOF