NAME: p04_8
BEST_KNOWN: 0
COMMENT: 0
DIMENSION: 151
CAPACITY: 200
EDGE_WEIGHT_FORMAT: FUNCTION
EDGE_WEIGHT_TYPE: EXACT_2D
NODE_COORD_SECTION
1 0 0
2 -9 -27
3 13 7
4 8 -49
5 1 -12
6 42 38
7 -15 19
8 -3 28
9 -27 24
10 38 -50
11 13 -19
12 8 -19
13 -37 10
14 -16 -12
15 36 14
16 31 -49
17 -12 -3
18 -13 -46
19 -24 4
20 -14 -4
21 9 -40
22 -16 -46
23 23 -11
24 -17 -30
25 -20 -46
26 -9 45
27 33 -34
28 -10 30
29 43 30
30 -15 29
31 -42 -3
32 -36 -26
33 -44 -49
34 -5 -9
35 -26 -48
36 40 -7
37 40 48
38 -8 -31
39 -9 -49
40 -40 -4
41 27 -15
42 -8 -36
43 -22 -46
44 26 -39
45 -11 5
46 -13 -33
47 2 26
48 5 -40
49 30 -38
50 4 -22
51 31 38
52 -36 -15
53 50 11
54 4 5
55 -14 49
56 16 44
57 46 50
58 -37 -43
59 17 -49
60 1 -15
61 40 -34
62 30 16
63 17 4
64 -33 7
65 -40 -15
66 28 -16
67 -11 -44
68 48 13
69 -37 -21
70 -18 29
71 -5 34
72 14 19
73 27 -19
74 46 35
75 46 -22
76 -36 32
77 -29 -28
78 16 -26
79 -49 -19
80 -22 33
81 21 0
82 44 -30
83 21 40
84 15 45
85 -30 0
86 38 25
87 49 42
88 -45 26
89 -11 -50
90 -34 -44
91 31 8
92 40 -2
93 7 2
94 14 -3
95 3 19
96 -11 40
97 -20 -19
98 -43 27
99 -20 -36
100 -25 43
101 -36 47
102 -4 -7
103 -39 44
104 33 47
105 31 3
106 -4 38
107 41 -22
108 17 11
109 -29 -40
110 -1 -13
111 47 19
112 -43 -27
113 -34 49
114 2 38
115 35 27
116 -21 6
117 2 -12
118 25 12
119 27 -30
120 -31 -18
121 -36 34
122 -26 11
123 6 -32
124 18 -27
125 4 1
126 -40 30
127 -21 -35
128 -5 22
129 20 47
130 47 0
131 44 -10
132 6 37
133 44 49
134 -4 -14
135 27 -49
136 -3 -35
137 3 21
138 -18 -36
139 -32 9
140 -21 35
141 17 -4
142 -13 -36
143 37 23
144 -22 -26
145 -31 45
146 -2 -12
147 -25 37
148 38 -43
149 16 -44
150 -33 14
151 -36 -15
DEMAND_SECTION
1 0
2 87
3 82
4 90
5 37
6 28
7 77
8 77
9 67
10 57
11 46
12 87
13 58
14 49
15 92
16 86
17 44
18 52
19 89
20 28
21 72
22 58
23 82
24 31
25 43
26 25
27 65
28 54
29 92
30 55
31 53
32 55
33 27
34 52
35 60
36 93
37 37
38 72
39 41
40 73
41 51
42 96
43 72
44 54
45 41
46 77
47 98
48 54
49 83
50 78
51 34
52 51
53 67
54 99
55 60
56 99
57 60
58 96
59 34
60 98
61 83
62 70
63 77
64 79
65 25
66 30
67 82
68 34
69 37
70 36
71 69
72 62
73 35
74 58
75 66
76 93
77 95
78 38
79 89
80 43
81 68
82 78
83 46
84 36
85 98
86 71
87 38
88 87
89 52
90 48
91 27
92 86
93 95
94 69
95 50
96 35
97 90
98 31
99 98
100 51
101 33
102 42
103 66
104 82
105 83
106 98
107 26
108 42
109 83
110 85
111 35
112 77
113 79
114 94
115 44
116 93
117 37
118 98
119 86
120 70
121 77
122 52
123 27
124 56
125 74
126 58
127 100
128 82
129 91
130 28
131 55
132 100
133 51
134 87
135 34
136 50
137 28
138 31
139 97
140 72
141 73
142 85
143 59
144 84
145 90
146 58
147 77
148 27
149 59
150 69
151 76
DEPOT_SECTION
1
-1
EOF