NAME: p04_29
BEST_KNOWN: 0
COMMENT: 0
DIMENSION: 151
CAPACITY: 200
EDGE_WEIGHT_FORMAT: FUNCTION
EDGE_WEIGHT_TYPE: EXACT_2D
NODE_COORD_SECTION
1 0 0
2 -44 -49
3 -16 30
4 -36 19
5 -28 -28
6 -19 -5
7 27 -28
8 -19 -20
9 41 -48
10 45 -13
11 -11 -47
12 24 34
13 18 14
14 -16 36
15 -3 12
16 -30 -40
17 -8 16
18 -27 -25
19 16 -45
20 0 17
21 13 35
22 15 3
23 0 -50
24 43 -20
25 -15 -13
26 -43 45
27 29 -40
28 26 14
29 -25 39
30 -39 -21
31 -17 4
32 10 -45
33 40 -29
34 43 12
35 -18 -18
36 27 44
37 28 -6
38 19 29
39 34 1
40 45 -43
41 -12 -40
42 22 41
43 -7 20
44 -9 41
45 -21 -8
46 -30 37
47 32 -41
48 -1 -21
49 4 11
50 36 -8
51 41 -25
52 11 -17
53 -3 -29
54 12 -49
55 7 -48
56 -37 -39
57 11 25
58 42 36
59 18 -4
60 -46 8
61 3 0
62 -48 -3
63 44 -30
64 -48 -17
65 -10 -23
66 16 39
67 -47 12
68 -41 28
69 -37 47
70 -32 12
71 43 -30
72 44 6
73 -11 -11
74 -34 37
75 -48 22
76 -50 -32
77 -42 27
78 26 -37
79 27 43
80 2 40
81 30 -38
82 37 27
83 -24 47
84 45 21
85 15 19
86 -9 -20
87 -21 42
88 -22 -21
89 -19 6
90 -15 36
91 -2 -1
92 41 11
93 46 32
94 -24 36
95 13 44
96 27 9
97 2 18
98 39 35
99 -9 -42
100 -47 14
101 -4 26
102 -12 3
103 16 -16
104 -11 43
105 43 -16
106 16 10
107 27 21
108 -11 43
109 -10 -20
110 -15 8
111 -39 -26
112 46 15
113 27 -11
114 -34 -29
115 50 39
116 -45 41
117 -43 -43
118 -43 -20
119 -45 -3
120 3 -28
121 -50 -3
122 -40 -30
123 -7 5
124 -33 -20
125 22 37
126 -18 21
127 34 -27
128 4 -49
129 -15 -4
130 -20 -48
131 -27 -23
132 4 41
133 -1 47
134 1 28
135 29 -28
136 -24 1
137 -41 4
138 48 23
139 21 -14
140 10 -6
141 4 -3
142 -28 35
143 -3 -5
144 37 11
145 -11 -45
146 -43 49
147 38 10
148 6 -49
149 20 -25
150 -3 -34
151 7 -40
DEMAND_SECTION
1 0
2 74
3 52
4 33
5 41
6 60
7 79
8 94
9 87
10 50
11 69
12 94
13 93
14 70
15 72
16 63
17 67
18 27
19 91
20 41
21 85
22 53
23 28
24 37
25 82
26 66
27 78
28 96
29 97
30 98
31 74
32 82
33 97
34 82
35 25
36 51
37 30
38 77
39 86
40 61
41 95
42 63
43 96
44 27
45 73
46 91
47 92
48 92
49 82
50 91
51 51
52 93
53 82
54 74
55 93
56 76
57 87
58 35
59 87
60 89
61 87
62 68
63 68
64 43
65 71
66 74
67 77
68 66
69 93
70 73
71 49
72 50
73 52
74 41
75 100
76 59
77 83
78 32
79 56
80 65
81 58
82 39
83 60
84 79
85 37
86 69
87 77
88 75
89 30
90 33
91 78
92 73
93 73
94 32
95 89
96 50
97 47
98 53
99 90
100 73
101 55
102 55
103 45
104 69
105 72
106 34
107 60
108 70
109 64
110 96
111 56
112 92
113 47
114 49
115 84
116 98
117 35
118 84
119 53
120 43
121 60
122 62
123 84
124 73
125 30
126 44
127 97
128 72
129 72
130 78
131 26
132 80
133 68
134 74
135 59
136 42
137 97
138 35
139 35
140 94
141 91
142 52
143 29
144 85
145 27
146 55
147 50
148 83
149 58
150 65
151 68
DEPOT_SECTION
1
-1
EOF