NAME: p04_27
BEST_KNOWN: 0
COMMENT: 0
DIMENSION: 151
CAPACITY: 200
EDGE_WEIGHT_FORMAT: FUNCTION
EDGE_WEIGHT_TYPE: EXACT_2D
NODE_COORD_SECTION
1 0 0
2 -37 42
3 -12 -49
4 -16 40
5 48 -29
6 -17 23
7 -16 -34
8 -15 13
9 -15 7
10 2 30
11 -15 46
12 -35 30
13 -37 -34
14 47 -24
15 -40 13
16 27 18
17 18 7
18 30 16
19 4 -28
20 29 35
21 47 15
22 -27 -6
23 -23 26
24 -6 15
25 -46 10
26 3 -35
27 -31 -35
28 -43 22
29 27 49
30 32 -42
31 0 -16
32 5 44
33 -43 -48
34 -10 9
35 19 40
36 45 -14
37 -13 3
38 23 -22
39 -7 31
40 -28 -50
41 39 -27
42 48 -19
43 -8 -11
44 -33 -16
45 12 -46
46 48 25
47 -33 -17
48 46 -46
49 -9 -8
50 -40 1
51 28 -23
52 -32 -43
53 -18 -12
54 26 27
55 49 -30
56 -12 -25
57 -2 3
58 -46 0
59 8 -38
60 23 7
61 48 -24
62 -33 -31
63 37 16
64 -19 34
65 -49 39
66 -5 -23
67 41 -11
68 19 -34
69 -18 -24
70 38 -25
71 8 -46
72 -23 -43
73 -40 -10
74 -13 -48
75 41 -28
76 43 15
77 -43 9
78 -5 -46
79 30 -11
80 23 -39
81 -31 -40
82 -5 17
83 -48 34
84 -43 -50
85 39 47
86 -39 36
87 -14 0
88 14 36
89 -2 -33
90 50 29
91 -25 23
92 11 7
93 12 -25
94 45 -41
95 14 25
96 -6 9
97 -4 3
98 48 -9
99 -14 -47
100 -35 12
101 -35 -23
102 17 -45
103 43 -43
104 -25 -41
105 14 -11
106 45 10
107 48 -40
108 -1 -2
109 -17 -17
110 -21 30
111 -46 31
112 -9 0
113 17 -38
114 -6 -45
115 4 2
116 25 4
117 18 37
118 16 1
119 -30 28
120 5 -23
121 43 -39
122 -36 -5
123 -21 -8
124 -42 -46
125 8 32
126 4 12
127 -43 -25
128 45 11
129 -25 -9
130 6 24
131 31 4
132 -16 -42
133 10 45
134 -47 19
135 5 3
136 -38 -34
137 28 -4
138 -42 45
139 -30 30
140 -49 -12
141 -41 24
142 -39 -45
143 -8 41
144 -41 -41
145 -29 22
146 29 1
147 -33 -3
148 50 -42
149 -1 45
150 -46 26
151 -49 -11
DEMAND_SECTION
1 0
2 59
3 63
4 53
5 63
6 30
7 40
8 52
9 65
10 74
11 80
12 77
13 91
14 81
15 56
16 60
17 87
18 85
19 87
20 47
21 51
22 67
23 76
24 60
25 91
26 97
27 37
28 93
29 38
30 26
31 68
32 48
33 27
34 39
35 99
36 74
37 40
38 29
39 40
40 39
41 43
42 93
43 42
44 27
45 36
46 51
47 53
48 100
49 34
50 59
51 40
52 53
53 90
54 88
55 38
56 27
57 45
58 92
59 95
60 63
61 92
62 37
63 33
64 96
65 43
66 54
67 37
68 79
69 61
70 89
71 38
72 39
73 27
74 89
75 45
76 97
77 95
78 46
79 63
80 73
81 48
82 79
83 94
84 92
85 52
86 77
87 25
88 72
89 34
90 71
91 76
92 73
93 84
94 44
95 69
96 84
97 51
98 36
99 48
100 45
101 96
102 71
103 81
104 63
105 39
106 43
107 66
108 87
109 67
110 62
111 88
112 80
113 68
114 61
115 65
116 35
117 28
118 51
119 38
120 81
121 81
122 98
123 48
124 44
125 79
126 83
127 59
128 88
129 55
130 63
131 57
132 27
133 91
134 52
135 88
136 31
137 73
138 71
139 87
140 88
141 58
142 79
143 38
144 65
145 94
146 50
147 45
148 51
149 26
150 33
151 86
DEPOT_SECTION
1
-1
EOF