NAME: p04_13
BEST_KNOWN: 0
COMMENT: 0
DIMENSION: 151
CAPACITY: 200
EDGE_WEIGHT_FORMAT: FUNCTION
EDGE_WEIGHT_TYPE: EXACT_2D
NODE_COORD_SECTION
1 0 0
2 36 20
3 20 0
4 -21 38
5 11 7
6 -26 3
7 23 36
8 -29 -15
9 -3 -3
10 -2 16
11 19 26
12 7 29
13 -23 44
14 33 40
15 -3 33
16 -3 26
17 9 -4
18 -13 45
19 -29 -38
20 -21 -41
21 -21 -12
22 -25 14
23 20 24
24 9 25
25 -25 34
26 -22 8
27 22 0
28 -40 43
29 42 27
30 -48 -14
31 36 -49
32 -37 39
33 19 33
34 32 33
35 26 -16
36 0 0
37 37 -30
38 20 -49
39 30 -20
40 38 -9
41 -6 -14
42 24 -31
43 -23 -33
44 4 49
45 -9 -40
46 37 -3
47 50 -42
48 48 -5
49 50 -36
50 48 -12
51 -41 43
52 16 47
53 -39 -18
54 25 -50
55 -16 23
56 34 -28
57 8 -49
58 -22 26
59 28 -19
60 -39 42
61 12 -3
62 -39 -31
63 44 43
64 39 -32
65 24 33
66 40 2
67 -47 -28
68 -38 17
69 46 -4
70 -18 49
71 -5 18
72 -23 25
73 11 22
74 -19 26
75 28 37
76 -19 -8
77 -10 -38
78 15 -36
79 36 48
80 -11 40
81 46 -2
82 14 -9
83 -19 17
84 34 40
85 -50 -26
86 5 -6
87 -27 25
88 39 -33
89 6 34
90 13 -16
91 -25 -30
92 27 44
93 -13 26
94 10 -8
95 -38 8
96 17 -15
97 21 -19
98 -35 -33
99 29 20
100 -34 32
101 48 15
102 -40 28
103 45 26
104 -43 23
105 -14 -28
106 45 -44
107 5 -28
108 3 -22
109 -17 21
110 -16 -1
111 -14 -19
112 43 -49
113 22 -9
114 9 28
115 26 -22
116 -46 30
117 -24 -34
118 -4 -8
119 19 -18
120 8 16
121 33 39
122 44 -38
123 21 -5
124 10 -13
125 7 5
126 -7 -30
127 16 5
128 -18 -19
129 31 9
130 2 34
131 49 -29
132 15 23
133 32 -13
134 -19 -22
135 -23 29
136 21 -44
137 -13 -37
138 -34 0
139 -38 47
140 -4 -11
141 -46 14
142 19 -7
143 -22 50
144 14 -21
145 -13 -46
146 14 -26
147 34 23
148 6 40
149 -38 13
150 -44 -36
151 -50 12
DEMAND_SECTION
1 0
2 27
3 85
4 95
5 58
6 79
7 88
8 100
9 71
10 43
11 36
12 90
13 30
14 64
15 92
16 62
17 64
18 63
19 51
20 87
21 96
22 80
23 50
24 76
25 86
26 89
27 65
28 41
29 79
30 29
31 75
32 58
33 48
34 65
35 77
36 94
37 80
38 54
39 45
40 31
41 54
42 37
43 34
44 69
45 46
46 81
47 94
48 56
49 49
50 79
51 88
52 56
53 78
54 40
55 60
56 28
57 61
58 39
59 47
60 77
61 66
62 42
63 30
64 31
65 62
66 87
67 98
68 62
69 96
70 84
71 25
72 28
73 100
74 89
75 75
76 25
77 94
78 60
79 67
80 71
81 77
82 68
83 48
84 41
85 91
86 56
87 91
88 100
89 63
90 87
91 67
92 80
93 27
94 37
95 28
96 65
97 40
98 87
99 46
100 70
101 35
102 60
103 60
104 91
105 64
106 42
107 88
108 81
109 60
110 29
111 80
112 71
113 81
114 60
115 79
116 95
117 48
118 48
119 28
120 61
121 38
122 60
123 51
124 54
125 56
126 73
127 59
128 71
129 46
130 49
131 41
132 97
133 33
134 25
135 56
136 98
137 42
138 86
139 100
140 69
141 35
142 29
143 57
144 49
145 89
146 37
147 61
148 35
149 33
150 83
151 87
DEPOT_SECTION
1
-1
EOF