NAME: p04_4
BEST_KNOWN: 0
COMMENT: 0
DIMENSION: 151
CAPACITY: 200
EDGE_WEIGHT_FORMAT: FUNCTION
EDGE_WEIGHT_TYPE: EXACT_2D
NODE_COORD_SECTION
1 0 0
2 35 -38
3 35 14
4 9 -32
5 -46 42
6 -5 33
7 -45 15
8 17 -18
9 14 -12
10 36 -32
11 -50 -31
12 -27 8
13 -43 -25
14 45 -9
15 37 -39
16 -10 25
17 48 41
18 -29 13
19 -31 -24
20 -3 9
21 -36 -46
22 32 30
23 -24 -46
24 15 34
25 44 10
26 -6 -2
27 12 -12
28 2 -1
29 32 -3
30 -2 5
31 18 -25
32 32 30
33 4 32
34 31 7
35 31 1
36 -1 -30
37 47 -35
38 44 15
39 -32 -17
40 27 49
41 27 -49
42 -45 -18
43 44 0
44 31 48
45 0 26
46 6 -24
47 -44 30
48 -7 8
49 -29 27
50 14 -13
51 15 26
52 -4 -44
53 45 22
54 43 4
55 39 -37
56 -46 37
57 -48 -26
58 4 18
59 28 -27
60 50 -15
61 40 -24
62 -18 37
63 -38 18
64 40 10
65 13 47
66 -18 -47
67 -36 47
68 9 -20
69 -29 -6
70 -14 -19
71 -36 -26
72 -7 46
73 13 17
74 0 -28
75 32 18
76 -41 3
77 34 -12
78 24 13
79 -1 -1
80 -43 -34
81 16 28
82 24 -48
83 30 41
84 -10 -9
85 -32 8
86 -45 -11
87 37 6
88 15 -44
89 -12 37
90 -29 -25
91 -40 -17
92 -33 -20
93 0 -5
94 -13 -48
95 -28 20
96 -6 -17
97 -18 3
98 -23 -30
99 14 46
100 17 -8
101 41 -5
102 -42 31
103 -40 13
104 -30 32
105 -45 -15
106 5 46
107 26 -43
108 39 45
109 37 48
110 29 41
111 43 -48
112 -2 40
113 12 44
114 -16 13
115 -50 -24
116 31 -39
117 35 8
118 -5 -29
119 -7 -26
120 12 -46
121 -1 -36
122 -24 -50
123 -15 46
124 -17 26
125 -39 -21
126 -26 49
127 -30 8
128 24 36
129 21 10
130 33 -10
131 4 24
132 28 -27
133 9 29
134 40 -41
135 16 23
136 -34 -26
137 -22 -26
138 -36 47
139 17 -45
140 -37 40
141 46 -46
142 40 -20
143 -14 -2
144 -50 37
145 -28 -18
146 -41 18
147 -29 -25
148 13 -1
149 27 -17
150 -37 -46
151 38 32
DEMAND_SECTION
1 0
2 31
3 56
4 33
5 90
6 40
7 89
8 94
9 61
10 44
11 55
12 88
13 100
14 93
15 41
16 30
17 38
18 26
19 41
20 28
21 70
22 33
23 69
24 98
25 50
26 53
27 69
28 67
29 46
30 68
31 41
32 89
33 76
34 48
35 76
36 89
37 76
38 56
39 68
40 87
41 43
42 34
43 45
44 88
45 42
46 71
47 74
48 81
49 82
50 89
51 79
52 29
53 100
54 41
55 44
56 67
57 50
58 91
59 84
60 44
61 99
62 97
63 76
64 72
65 99
66 60
67 31
68 78
69 65
70 57
71 76
72 60
73 72
74 96
75 37
76 33
77 85
78 52
79 78
80 77
81 85
82 32
83 31
84 35
85 86
86 89
87 41
88 85
89 85
90 93
91 49
92 76
93 55
94 86
95 44
96 78
97 63
98 74
99 29
100 47
101 41
102 68
103 67
104 27
105 69
106 83
107 52
108 95
109 52
110 89
111 65
112 99
113 56
114 87
115 99
116 73
117 40
118 52
119 69
120 34
121 57
122 63
123 30
124 79
125 74
126 28
127 100
128 74
129 91
130 25
131 33
132 58
133 86
134 78
135 46
136 29
137 30
138 99
139 98
140 43
141 95
142 64
143 65
144 98
145 76
146 28
147 51
148 60
149 83
150 29
151 97
DEPOT_SECTION
1
-1
EOF