NAME: p04_21
BEST_KNOWN: 0
COMMENT: 0
DIMENSION: 151
CAPACITY: 200
EDGE_WEIGHT_FORMAT: FUNCTION
EDGE_WEIGHT_TYPE: EXACT_2D
NODE_COORD_SECTION
1 0 0
2 25 -19
3 -3 -28
4 24 33
5 30 -14
6 12 -8
7 36 0
8 -26 -20
9 26 19
10 5 -9
11 2 -17
12 35 -17
13 32 32
14 -19 2
15 -21 -34
16 34 -2
17 34 -39
18 24 -17
19 -5 1
20 24 42
21 26 34
22 -34 -13
23 6 9
24 -12 50
25 11 10
26 45 -33
27 -5 2
28 -8 22
29 -49 16
30 45 23
31 -23 -45
32 35 1
33 44 -21
34 40 -6
35 44 -32
36 17 -10
37 30 19
38 9 47
39 19 15
40 -20 27
41 -18 -50
42 39 -3
43 16 -47
44 33 -2
45 18 -24
46 0 48
47 20 24
48 -40 -41
49 -17 20
50 13 6
51 -17 11
52 22 9
53 -38 1
54 25 46
55 -43 -45
56 -41 5
57 -29 17
58 -15 27
59 21 23
60 -10 -4
61 -45 22
62 12 -37
63 -34 2
64 -29 -46
65 32 46
66 36 -23
67 44 41
68 -11 29
69 -4 50
70 -42 28
71 1 -26
72 22 25
73 5 -17
74 -6 43
75 16 30
76 -15 24
77 -3 -15
78 -6 -47
79 46 8
80 12 13
81 32 36
82 13 27
83 31 -40
84 -31 17
85 20 -13
86 -7 -24
87 -6 -9
88 -29 49
89 50 -5
90 8 1
91 6 -7
92 -10 -3
93 31 -12
94 -23 -37
95 25 49
96 -19 -12
97 3 -17
98 -46 19
99 -27 1
100 32 18
101 34 -45
102 -22 -14
103 -36 -32
104 -46 42
105 -6 21
106 14 12
107 50 -15
108 -1 43
109 23 32
110 -32 -25
111 10 47
112 20 -42
113 -26 -28
114 -42 -31
115 -40 -10
116 -18 28
117 34 -10
118 49 30
119 43 16
120 0 20
121 20 -18
122 -23 -32
123 11 0
124 -6 -35
125 44 -48
126 26 44
127 -15 -32
128 7 30
129 5 -9
130 39 40
131 -37 2
132 42 47
133 45 24
134 7 44
135 -22 28
136 45 10
137 -26 20
138 29 2
139 -13 41
140 -44 21
141 21 -34
142 40 14
143 18 29
144 7 -21
145 7 21
146 42 8
147 -8 35
148 -6 40
149 -2 -43
150 -46 -10
151 -34 4
DEMAND_SECTION
1 0
2 71
3 82
4 49
5 55
6 37
7 50
8 92
9 81
10 32
11 98
12 61
13 98
14 27
15 48
16 44
17 73
18 80
19 30
20 53
21 46
22 52
23 74
24 26
25 47
26 53
27 72
28 83
29 95
30 89
31 75
32 46
33 72
34 29
35 35
36 48
37 72
38 34
39 35
40 67
41 64
42 54
43 50
44 79
45 60
46 47
47 51
48 85
49 53
50 62
51 55
52 68
53 37
54 60
55 67
56 93
57 100
58 60
59 87
60 76
61 85
62 61
63 51
64 29
65 72
66 93
67 38
68 87
69 53
70 65
71 42
72 80
73 65
74 74
75 61
76 33
77 80
78 46
79 47
80 84
81 38
82 35
83 64
84 56
85 69
86 33
87 54
88 99
89 82
90 71
91 59
92 81
93 65
94 57
95 60
96 99
97 51
98 33
99 68
100 47
101 72
102 96
103 60
104 44
105 97
106 100
107 35
108 97
109 33
110 99
111 36
112 44
113 91
114 35
115 98
116 28
117 45
118 56
119 51
120 33
121 85
122 43
123 62
124 33
125 66
126 29
127 72
128 57
129 38
130 54
131 69
132 67
133 34
134 39
135 31
136 67
137 29
138 43
139 40
140 98
141 44
142 86
143 45
144 100
145 25
146 68
147 34
148 51
149 90
150 74
151 68
DEPOT_SECTION
1
-1
EOF