NAME: p04_9
BEST_KNOWN: 0
COMMENT: 0
DIMENSION: 151
CAPACITY: 200
EDGE_WEIGHT_FORMAT: FUNCTION
EDGE_WEIGHT_TYPE: EXACT_2D
NODE_COORD_SECTION
1 0 0
2 -1 25
3 -10 46
4 -8 -12
5 -34 -27
6 7 -47
7 -16 -25
8 -34 -8
9 27 9
10 16 -29
11 4 7
12 -20 -19
13 -39 -41
14 -19 -48
15 -16 -6
16 43 18
17 27 36
18 -21 42
19 15 -21
20 41 -35
21 42 4
22 33 -30
23 7 38
24 49 15
25 -28 13
26 39 25
27 4 4
28 6 -2
29 30 -28
30 -36 42
31 50 -14
32 -43 11
33 28 40
34 -39 -33
35 41 42
36 39 -20
37 -25 -41
38 -35 5
39 11 49
40 -37 -6
41 42 -45
42 -22 43
43 35 9
44 31 28
45 38 -14
46 -37 -23
47 -39 2
48 -2 23
49 -40 29
50 -33 -49
51 -2 -20
52 19 -33
53 -45 -48
54 15 47
55 48 -43
56 -30 10
57 -8 -2
58 -44 16
59 -25 33
60 -49 38
61 41 -14
62 31 -50
63 25 -16
64 -24 -10
65 6 50
66 30 -12
67 -42 24
68 17 19
69 -22 -25
70 50 -10
71 -19 -24
72 9 42
73 17 -12
74 28 -26
75 35 -22
76 -48 -13
77 14 -2
78 47 -45
79 -17 3
80 11 45
81 44 6
82 23 -48
83 -29 -41
84 -13 -17
85 -31 3
86 5 -28
87 44 -44
88 35 20
89 20 47
90 15 -25
91 -31 -44
92 2 -44
93 45 -32
94 -42 1
95 -39 9
96 5 -43
97 -31 -14
98 -37 3
99 -47 -37
100 -31 2
101 33 -23
102 -20 -48
103 -27 22
104 21 -39
105 -27 -29
106 26 11
107 -20 -4
108 44 21
109 6 -33
110 32 -21
111 -45 45
112 -19 -9
113 29 -30
114 -28 12
115 -35 -13
116 10 -32
117 -45 -15
118 35 -43
119 -2 43
120 37 26
121 27 -13
122 9 39
123 -8 9
124 -44 -35
125 -10 13
126 34 21
127 10 17
128 -34 -7
129 -38 -13
130 44 21
131 25 7
132 14 28
133 -42 -10
134 6 -10
135 -3 -15
136 -33 6
137 37 11
138 0 14
139 -11 44
140 33 4
141 -44 -40
142 -35 42
143 -49 25
144 11 -9
145 -37 36
146 -30 34
147 7 26
148 -44 -33
149 18 -8
150 -29 -27
151 -6 -9
DEMAND_SECTION
1 0
2 80
3 86
4 71
5 74
6 52
7 59
8 41
9 65
10 45
11 62
12 32
13 90
14 92
15 71
16 68
17 42
18 96
19 34
20 49
21 100
22 95
23 74
24 72
25 67
26 77
27 62
28 90
29 75
30 52
31 63
32 83
33 37
34 63
35 35
36 27
37 90
38 42
39 49
40 25
41 49
42 48
43 56
44 60
45 60
46 80
47 67
48 52
49 63
50 70
51 88
52 58
53 26
54 29
55 73
56 88
57 48
58 72
59 26
60 50
61 71
62 86
63 49
64 54
65 93
66 90
67 82
68 42
69 83
70 100
71 36
72 45
73 25
74 26
75 88
76 90
77 74
78 49
79 49
80 32
81 81
82 64
83 85
84 43
85 98
86 87
87 87
88 40
89 61
90 64
91 58
92 34
93 69
94 99
95 67
96 33
97 99
98 66
99 46
100 94
101 84
102 98
103 60
104 89
105 61
106 28
107 94
108 59
109 48
110 91
111 81
112 40
113 88
114 57
115 65
116 35
117 82
118 67
119 58
120 41
121 37
122 45
123 67
124 41
125 54
126 62
127 53
128 79
129 34
130 57
131 66
132 84
133 25
134 95
135 98
136 85
137 35
138 55
139 89
140 75
141 71
142 42
143 89
144 42
145 89
146 70
147 59
148 77
149 69
150 44
151 99
DEPOT_SECTION
1
-1
EOF