NAME: p04_30
BEST_KNOWN: 0
COMMENT: 0
DIMENSION: 151
CAPACITY: 200
EDGE_WEIGHT_FORMAT: FUNCTION
EDGE_WEIGHT_TYPE: EXACT_2D
NODE_COORD_SECTION
1 0 0
2 -9 -15
3 15 -45
4 20 -11
5 11 4
6 48 33
7 23 34
8 -16 8
9 11 -3
10 24 -23
11 -2 -13
12 -7 -41
13 -7 13
14 -31 -19
15 50 -31
16 -23 30
17 -36 -47
18 -20 26
19 28 17
20 -36 -2
21 -13 -25
22 -46 4
23 7 7
24 -23 -15
25 -42 2
26 6 1
27 -38 -28
28 32 -41
29 50 14
30 27 43
31 -16 10
32 15 2
33 -49 26
34 11 0
35 -31 -20
36 -14 23
37 43 10
38 49 12
39 -24 30
40 -32 -15
41 15 1
42 -27 44
43 -6 -30
44 37 -50
45 -18 -21
46 -46 -28
47 13 -38
48 1 -26
49 42 -37
50 -14 -39
51 42 -20
52 8 -39
53 -3 3
54 3 -45
55 -27 -45
56 -26 37
57 -30 -41
58 44 8
59 27 22
60 -21 -43
61 16 -8
62 46 45
63 -3 -1
64 -6 20
65 -6 50
66 -7 21
67 23 -22
68 22 -7
69 22 26
70 -29 24
71 -15 -8
72 7 -42
73 19 35
74 8 -41
75 -7 -44
76 47 33
77 -18 -36
78 21 1
79 -26 -43
80 6 -31
81 47 -35
82 -23 36
83 -12 47
84 -30 18
85 -32 42
86 -36 -44
87 -5 -12
88 -29 47
89 29 39
90 18 -7
91 -5 12
92 26 50
93 -50 15
94 -2 43
95 -32 19
96 -48 21
97 23 15
98 34 35
99 11 -50
100 29 12
101 7 46
102 -12 -33
103 -42 -17
104 33 -42
105 41 6
106 35 -41
107 30 1
108 -50 16
109 17 44
110 46 0
111 -18 7
112 -41 -41
113 -1 -6
114 -36 -48
115 12 34
116 -37 -8
117 20 -35
118 -34 -3
119 49 -24
120 26 -11
121 21 -4
122 -2 -12
123 -24 -4
124 -50 -25
125 -47 -31
126 -46 31
127 49 41
128 -7 19
129 27 -15
130 14 -38
131 -34 -35
132 -18 47
133 3 13
134 -22 -25
135 21 13
136 -43 10
137 13 -27
138 10 -24
139 -25 -17
140 -39 20
141 17 30
142 -34 -36
143 -37 -47
144 28 -13
145 -3 8
146 -45 39
147 -45 28
148 -25 34
149 -15 15
150 22 35
151 -34 -3
DEMAND_SECTION
1 0
2 94
3 96
4 60
5 54
6 98
7 68
8 39
9 79
10 43
11 100
12 38
13 27
14 43
15 79
16 96
17 99
18 41
19 55
20 42
21 62
22 60
23 74
24 97
25 25
26 27
27 59
28 45
29 98
30 28
31 35
32 93
33 31
34 32
35 65
36 99
37 50
38 90
39 61
40 74
41 98
42 80
43 91
44 52
45 36
46 97
47 79
48 89
49 96
50 38
51 77
52 51
53 66
54 89
55 35
56 53
57 43
58 74
59 60
60 42
61 46
62 27
63 90
64 53
65 45
66 30
67 76
68 42
69 92
70 87
71 39
72 72
73 50
74 76
75 57
76 45
77 72
78 40
79 42
80 82
81 35
82 47
83 91
84 30
85 36
86 64
87 26
88 35
89 62
90 76
91 29
92 32
93 45
94 75
95 89
96 62
97 80
98 50
99 67
100 81
101 64
102 91
103 69
104 79
105 52
106 38
107 51
108 77
109 42
110 38
111 100
112 35
113 55
114 72
115 43
116 72
117 33
118 39
119 49
120 79
121 34
122 80
123 89
124 100
125 94
126 92
127 76
128 82
129 73
130 33
131 86
132 83
133 88
134 48
135 80
136 34
137 65
138 28
139 97
140 68
141 75
142 99
143 45
144 70
145 41
146 100
147 79
148 52
149 67
150 42
151 89
DEPOT_SECTION
1
-1
EOF