NAME: p10_25
BEST_KNOWN: 0
COMMENT: 0
DIMENSION: 200
CAPACITY: 200
EDGE_WEIGHT_FORMAT: FUNCTION
EDGE_WEIGHT_TYPE: EXACT_2D
NODE_COORD_SECTION
1 0 0
2 -12 9
3 -33 -37
4 -49 10
5 -26 5
6 -50 17
7 33 9
8 30 -17
9 10 -39
10 -23 -2
11 34 29
12 -7 40
13 6 19
14 16 -40
15 20 23
16 -31 33
17 19 -30
18 12 -9
19 -27 28
20 -48 -39
21 14 45
22 37 5
23 -6 -34
24 21 15
25 -7 40
26 -35 -23
27 41 -5
28 -30 -9
29 27 23
30 26 2
31 -20 -25
32 -16 -40
33 11 38
34 -5 -44
35 -32 -48
36 11 35
37 12 2
38 -14 -35
39 -16 -9
40 11 40
41 15 4
42 22 9
43 -37 40
44 -10 -39
45 -3 -36
46 3 -23
47 -12 -35
48 27 -16
49 -3 50
50 36 25
51 35 -16
52 -22 -42
53 27 -46
54 15 -37
55 35 43
56 -16 -33
57 -46 -46
58 46 -30
59 24 -24
60 -31 10
61 38 -17
62 36 -8
63 -29 -26
64 39 -39
65 -1 20
66 39 -11
67 -3 11
68 19 32
69 -49 34
70 13 -48
71 34 38
72 -21 37
73 -45 -10
74 -18 -38
75 -37 -48
76 23 4
77 -20 -35
78 26 46
79 28 33
80 -18 -9
81 -25 -10
82 -28 33
83 -7 38
84 -2 -48
85 -10 -7
86 -24 -19
87 49 46
88 -17 -33
89 22 26
90 11 33
91 -22 -48
92 10 47
93 -9 26
94 -42 21
95 -15 -47
96 -36 12
97 6 13
98 -12 -30
99 -3 -42
100 -13 -10
101 48 23
102 5 49
103 26 36
104 -23 -7
105 -13 -31
106 10 -2
107 -23 -39
108 -12 30
109 -46 -20
110 36 50
111 42 17
112 31 -29
113 34 18
114 -28 -26
115 -45 37
116 6 38
117 -25 32
118 34 44
119 -15 -28
120 44 4
121 -24 19
122 4 45
123 -29 7
124 14 35
125 18 39
126 -45 -21
127 -3 -11
128 -32 -8
129 -16 -19
130 4 18
131 -29 0
132 27 -39
133 -44 32
134 -8 47
135 -13 49
136 -14 49
137 -50 -50
138 -8 41
139 13 -20
140 -38 -13
141 11 31
142 -35 45
143 39 50
144 -18 8
145 34 17
146 -5 -10
147 -16 45
148 18 43
149 -50 -50
150 43 -35
151 -14 50
152 -29 2
153 13 13
154 31 33
155 -27 20
156 18 -3
157 37 38
158 17 -50
159 19 44
160 -41 21
161 -2 25
162 -33 -34
163 33 48
164 -8 10
165 9 21
166 8 15
167 18 -13
168 -11 37
169 -22 26
170 -31 -33
171 46 30
172 -37 4
173 -39 0
174 9 19
175 38 6
176 7 50
177 23 -16
178 -14 -40
179 -36 -3
180 6 12
181 -24 -38
182 -33 35
183 45 -28
184 29 -8
185 12 -3
186 -12 -32
187 36 -4
188 40 -41
189 9 -34
190 44 2
191 -45 -28
192 29 21
193 -30 3
194 38 -8
195 23 25
196 -8 -11
197 27 14
198 -20 5
199 -37 9
200 29 -17
DEMAND_SECTION
1 0
2 36
3 87
4 62
5 58
6 61
7 77
8 56
9 73
10 76
11 95
12 62
13 94
14 80
15 61
16 32
17 70
18 68
19 65
20 81
21 37
22 70
23 77
24 84
25 49
26 71
27 69
28 82
29 55
30 84
31 85
32 33
33 54
34 96
35 91
36 43
37 96
38 89
39 82
40 78
41 49
42 30
43 89
44 95
45 34
46 28
47 76
48 63
49 73
50 36
51 75
52 35
53 96
54 26
55 66
56 89
57 53
58 63
59 72
60 51
61 92
62 93
63 77
64 35
65 68
66 87
67 72
68 38
69 60
70 27
71 27
72 28
73 95
74 83
75 65
76 68
77 84
78 55
79 92
80 82
81 57
82 88
83 78
84 92
85 28
86 52
87 45
88 53
89 36
90 47
91 77
92 70
93 64
94 75
95 81
96 58
97 58
98 30
99 84
100 31
101 96
102 93
103 46
104 28
105 52
106 50
107 34
108 83
109 80
110 62
111 32
112 42
113 25
114 27
115 60
116 91
117 94
118 37
119 47
120 38
121 87
122 54
123 61
124 75
125 72
126 68
127 48
128 62
129 36
130 42
131 55
132 62
133 46
134 99
135 42
136 72
137 89
138 33
139 26
140 94
141 87
142 84
143 75
144 64
145 38
146 29
147 27
148 99
149 90
150 48
151 80
152 73
153 41
154 90
155 30
156 61
157 29
158 52
159 68
160 45
161 94
162 71
163 100
164 81
165 80
166 73
167 58
168 95
169 87
170 74
171 29
172 33
173 31
174 84
175 48
176 74
177 77
178 69
179 61
180 42
181 46
182 69
183 41
184 88
185 94
186 92
187 46
188 51
189 36
190 88
191 90
192 66
193 82
194 62
195 43
196 30
197 93
198 80
199 65
200 50
DEPOT_SECTION
1
-1
EOF