NAME: p10_8
BEST_KNOWN: 0
COMMENT: 0
DIMENSION: 200
CAPACITY: 200
EDGE_WEIGHT_FORMAT: FUNCTION
EDGE_WEIGHT_TYPE: EXACT_2D
NODE_COORD_SECTION
1 0 0
2 35 11
3 -18 20
4 -35 -48
5 -40 15
6 10 43
7 29 -44
8 8 6
9 -48 -29
10 -39 8
11 -21 -20
12 -8 47
13 33 41
14 8 2
15 31 17
16 -47 39
17 -15 47
18 -9 36
19 -40 -11
20 5 -35
21 0 47
22 12 -25
23 3 1
24 -38 -21
25 30 21
26 -37 10
27 7 2
28 -2 29
29 19 -13
30 -19 6
31 -32 19
32 6 -21
33 24 22
34 -45 -39
35 -48 25
36 -7 -36
37 45 -50
38 -14 -30
39 5 -29
40 -34 39
41 39 -46
42 -7 11
43 18 -41
44 -47 21
45 -16 -11
46 17 -6
47 -33 21
48 -40 1
49 39 -36
50 4 8
51 31 -7
52 37 -14
53 -50 -11
54 26 -13
55 -12 -19
56 16 -36
57 -39 30
58 -38 -47
59 -26 14
60 31 12
61 -4 -44
62 42 40
63 39 20
64 21 3
65 2 -15
66 -9 -15
67 -20 3
68 46 -18
69 14 -28
70 -28 -43
71 -16 -50
72 -23 -17
73 -14 38
74 -6 -49
75 4 -43
76 -15 -3
77 -1 -46
78 15 -11
79 19 22
80 -20 9
81 -10 -44
82 32 42
83 18 -46
84 39 34
85 47 20
86 -4 -45
87 -33 -13
88 -46 36
89 -27 15
90 -22 46
91 6 17
92 -44 -25
93 26 44
94 36 27
95 19 -1
96 43 -28
97 5 11
98 -27 24
99 -17 1
100 -39 22
101 46 -40
102 -21 -40
103 -19 28
104 7 -37
105 18 1
106 23 27
107 -20 25
108 41 4
109 17 -4
110 18 -20
111 39 -18
112 32 49
113 40 -26
114 49 -22
115 31 -35
116 27 46
117 -28 -40
118 9 4
119 -32 -43
120 25 -38
121 29 44
122 -26 -13
123 44 -36
124 -43 -33
125 -41 -24
126 17 -11
127 36 -2
128 -22 -16
129 25 13
130 -10 17
131 -19 19
132 20 -11
133 43 49
134 46 -34
135 -17 -25
136 -15 -9
137 32 22
138 40 35
139 -35 -10
140 -18 -7
141 38 -47
142 -4 -31
143 -22 -32
144 -19 -17
145 -48 -11
146 -22 -8
147 44 26
148 37 18
149 49 -8
150 49 -40
151 50 -1
152 -3 6
153 -37 -21
154 -24 33
155 -12 -13
156 -16 -35
157 -25 -49
158 -43 -12
159 35 -22
160 -42 -35
161 48 0
162 -48 -21
163 -13 -10
164 -29 -24
165 -14 -26
166 21 13
167 32 -25
168 10 -35
169 10 14
170 -35 18
171 -34 -42
172 -46 -26
173 -42 19
174 9 7
175 10 47
176 46 14
177 -31 -16
178 32 18
179 11 -16
180 -19 -10
181 -2 -27
182 44 -43
183 15 -50
184 -4 -45
185 2 -14
186 31 30
187 33 -5
188 40 15
189 31 39
190 12 46
191 17 35
192 5 40
193 -14 -43
194 32 -50
195 -35 -46
196 5 -1
197 9 50
198 -8 25
199 7 -1
200 26 20
DEMAND_SECTION
1 0
2 48
3 87
4 82
5 29
6 63
7 62
8 74
9 52
10 31
11 84
12 53
13 78
14 26
15 42
16 79
17 46
18 81
19 28
20 50
21 80
22 95
23 51
24 72
25 51
26 46
27 79
28 83
29 53
30 88
31 62
32 59
33 35
34 45
35 30
36 73
37 62
38 57
39 86
40 42
41 53
42 95
43 37
44 92
45 37
46 78
47 31
48 89
49 87
50 89
51 46
52 43
53 90
54 30
55 79
56 81
57 70
58 95
59 27
60 57
61 80
62 84
63 87
64 74
65 66
66 76
67 85
68 74
69 87
70 100
71 41
72 61
73 98
74 65
75 31
76 35
77 72
78 99
79 40
80 59
81 70
82 43
83 92
84 84
85 78
86 44
87 59
88 56
89 79
90 94
91 79
92 95
93 45
94 68
95 71
96 54
97 80
98 49
99 69
100 46
101 27
102 83
103 57
104 82
105 68
106 37
107 74
108 28
109 50
110 97
111 83
112 30
113 83
114 80
115 53
116 85
117 95
118 55
119 76
120 92
121 40
122 84
123 60
124 28
125 92
126 76
127 49
128 33
129 29
130 75
131 87
132 42
133 88
134 54
135 90
136 100
137 59
138 93
139 57
140 85
141 35
142 69
143 53
144 88
145 30
146 60
147 77
148 86
149 37
150 53
151 52
152 80
153 53
154 83
155 98
156 69
157 41
158 33
159 29
160 56
161 71
162 29
163 48
164 87
165 56
166 53
167 96
168 91
169 75
170 42
171 38
172 56
173 55
174 71
175 30
176 88
177 100
178 73
179 59
180 55
181 33
182 61
183 82
184 96
185 44
186 72
187 86
188 61
189 39
190 73
191 55
192 90
193 58
194 71
195 71
196 46
197 80
198 84
199 53
200 70
DEPOT_SECTION
1
-1
EOF