NAME: p10_9
BEST_KNOWN: 0
COMMENT: 0
DIMENSION: 200
CAPACITY: 200
EDGE_WEIGHT_FORMAT: FUNCTION
EDGE_WEIGHT_TYPE: EXACT_2D
NODE_COORD_SECTION
1 0 0
2 -9 29
3 35 -8
4 3 30
5 15 -23
6 -43 21
7 -11 37
8 -42 2
9 40 -48
10 -35 26
11 8 -38
12 9 -29
13 -15 -23
14 -1 -27
15 0 9
16 -13 29
17 24 -42
18 -31 32
19 16 1
20 20 37
21 40 17
22 35 25
23 -26 -38
24 -7 -44
25 -1 49
26 -32 24
27 -45 -26
28 43 -10
29 10 -28
30 -3 -8
31 34 -30
32 -7 -41
33 -8 -30
34 -31 -29
35 18 21
36 9 -22
37 -44 -22
38 -34 -50
39 -45 29
40 -2 -8
41 -35 -41
42 -13 5
43 -19 -23
44 2 33
45 -20 -1
46 22 -4
47 48 -39
48 14 23
49 -23 -10
50 -21 -17
51 29 14
52 -14 -17
53 -26 12
54 17 -22
55 -27 -33
56 36 31
57 -2 -29
58 -42 -43
59 -15 46
60 11 6
61 -11 34
62 -42 -11
63 -24 6
64 -43 42
65 -47 -13
66 -25 -1
67 -11 -25
68 -42 47
69 31 -41
70 -5 -40
71 -32 -37
72 -46 10
73 -10 15
74 -2 -11
75 -28 30
76 -50 23
77 10 35
78 3 -4
79 -35 -40
80 28 -2
81 -48 38
82 -42 -24
83 20 40
84 0 -43
85 28 12
86 -11 35
87 34 -18
88 -22 -23
89 31 -8
90 9 22
91 -20 27
92 -37 -36
93 37 -30
94 39 -17
95 20 28
96 23 -5
97 7 39
98 -45 40
99 44 -10
100 34 -36
101 -43 -48
102 -19 17
103 -42 3
104 18 7
105 -22 -39
106 24 3
107 36 -17
108 -29 -23
109 36 -14
110 40 -33
111 -22 -39
112 7 43
113 35 18
114 -36 -12
115 -45 10
116 -44 26
117 -34 -2
118 -25 -32
119 -35 -34
120 32 -22
121 44 20
122 -25 31
123 45 -29
124 -5 9
125 -49 5
126 -11 40
127 28 -23
128 -9 30
129 39 49
130 -14 46
131 -26 -4
132 14 15
133 34 43
134 49 -15
135 -20 36
136 43 -23
137 -3 -15
138 -18 -23
139 30 -24
140 -25 26
141 45 -24
142 -5 -33
143 -37 42
144 -12 -45
145 -10 33
146 -7 -5
147 23 43
148 -27 10
149 11 -36
150 21 -42
151 37 -17
152 -27 11
153 -38 41
154 49 -33
155 39 34
156 32 8
157 33 48
158 -28 29
159 50 28
160 45 -28
161 -42 4
162 39 -45
163 5 29
164 21 -37
165 -16 30
166 -35 0
167 27 46
168 17 42
169 28 -34
170 -11 3
171 38 4
172 -10 33
173 -5 -2
174 -7 33
175 42 -1
176 16 40
177 50 -14
178 6 -40
179 49 -13
180 -25 26
181 -3 -48
182 3 -34
183 -20 -47
184 46 11
185 34 -44
186 -16 42
187 -16 21
188 -24 -17
189 43 -10
190 -40 -8
191 -16 42
192 -37 -28
193 -45 -30
194 -38 -28
195 -8 23
196 -2 -35
197 7 2
198 -21 31
199 -2 47
200 -1 8
DEMAND_SECTION
1 0
2 62
3 43
4 47
5 34
6 48
7 99
8 31
9 98
10 78
11 62
12 63
13 60
14 83
15 28
16 61
17 52
18 67
19 35
20 45
21 60
22 75
23 44
24 33
25 39
26 25
27 52
28 53
29 66
30 79
31 53
32 30
33 76
34 88
35 31
36 59
37 56
38 73
39 69
40 84
41 50
42 46
43 96
44 79
45 35
46 46
47 74
48 73
49 80
50 69
51 69
52 39
53 38
54 66
55 86
56 51
57 89
58 34
59 89
60 35
61 30
62 68
63 70
64 32
65 86
66 36
67 88
68 81
69 37
70 27
71 43
72 88
73 85
74 35
75 59
76 33
77 37
78 46
79 91
80 32
81 67
82 55
83 87
84 58
85 88
86 47
87 58
88 56
89 56
90 28
91 38
92 76
93 56
94 30
95 81
96 59
97 76
98 42
99 93
100 28
101 61
102 31
103 43
104 45
105 52
106 31
107 42
108 49
109 36
110 94
111 33
112 39
113 62
114 37
115 67
116 64
117 53
118 71
119 77
120 79
121 100
122 60
123 39
124 38
125 80
126 99
127 51
128 59
129 42
130 94
131 85
132 46
133 53
134 25
135 45
136 50
137 79
138 87
139 87
140 74
141 30
142 57
143 80
144 32
145 93
146 27
147 80
148 38
149 52
150 74
151 46
152 50
153 73
154 38
155 68
156 30
157 62
158 72
159 50
160 46
161 42
162 93
163 67
164 53
165 85
166 30
167 38
168 67
169 47
170 52
171 39
172 98
173 69
174 90
175 59
176 61
177 67
178 90
179 70
180 78
181 54
182 95
183 65
184 85
185 81
186 93
187 54
188 99
189 79
190 61
191 64
192 80
193 82
194 34
195 98
196 43
197 52
198 87
199 87
200 28
DEPOT_SECTION
1
-1
EOF