NAME: p10_12
BEST_KNOWN: 0
COMMENT: 0
DIMENSION: 200
CAPACITY: 200
EDGE_WEIGHT_FORMAT: FUNCTION
EDGE_WEIGHT_TYPE: EXACT_2D
NODE_COORD_SECTION
1 0 0
2 -46 27
3 27 37
4 44 -19
5 19 -25
6 -3 -5
7 -49 9
8 -14 37
9 3 -28
10 -5 -27
11 -47 32
12 23 -24
13 7 1
14 36 -21
15 1 41
16 -45 13
17 -28 -3
18 -45 -49
19 4 12
20 -3 12
21 -26 -28
22 40 -12
23 18 49
24 27 -8
25 18 -7
26 -9 15
27 -18 -34
28 43 30
29 -42 16
30 21 0
31 21 36
32 20 -36
33 -34 -35
34 -50 -22
35 32 42
36 31 38
37 -40 24
38 -2 -11
39 2 -47
40 -14 42
41 -42 50
42 -45 12
43 -2 -28
44 24 -14
45 -3 -35
46 42 -23
47 15 -21
48 44 -43
49 36 -31
50 -49 -43
51 30 -33
52 4 3
53 -32 50
54 -28 49
55 22 17
56 4 50
57 -2 17
58 44 -9
59 -8 35
60 48 27
61 -13 -33
62 -9 32
63 -27 -23
64 7 50
65 -38 13
66 -28 11
67 12 12
68 -14 10
69 -16 32
70 -21 -31
71 38 30
72 -27 35
73 45 -21
74 16 45
75 -27 -4
76 42 39
77 -25 -39
78 -23 20
79 -29 -40
80 29 -48
81 -42 47
82 42 18
83 6 6
84 -38 18
85 22 -43
86 -36 -8
87 -14 -35
88 -23 -4
89 -37 46
90 -8 -46
91 8 0
92 -40 -32
93 -25 40
94 -7 -21
95 47 26
96 0 8
97 -34 24
98 22 28
99 -20 -50
100 -8 -15
101 10 -32
102 -24 23
103 -35 -18
104 -47 14
105 -26 47
106 -32 -19
107 -48 -45
108 20 -13
109 -26 21
110 47 -43
111 34 -46
112 13 48
113 -14 -7
114 -23 15
115 11 -21
116 37 29
117 4 -40
118 16 30
119 1 5
120 -8 9
121 -44 -14
122 -37 32
123 -50 -11
124 10 29
125 -40 -30
126 39 -45
127 34 35
128 40 -46
129 -17 41
130 15 9
131 -27 38
132 -1 -24
133 -17 -18
134 36 4
135 48 -28
136 -9 43
137 -23 -32
138 -31 -50
139 6 48
140 47 -50
141 -27 23
142 39 -47
143 39 42
144 21 20
145 -32 26
146 -28 -31
147 37 -24
148 7 48
149 -48 -45
150 -27 -9
151 -23 8
152 -39 46
153 -30 -18
154 -32 11
155 5 4
156 42 5
157 -48 -28
158 9 30
159 -30 16
160 -5 3
161 -14 -40
162 -1 32
163 -37 -22
164 11 -19
165 36 23
166 22 -50
167 16 27
168 50 6
169 45 -33
170 -39 -5
171 31 -24
172 36 -44
173 24 42
174 -42 -48
175 -3 -44
176 44 -13
177 -39 4
178 -14 -30
179 -16 42
180 33 -43
181 8 -47
182 -25 -6
183 36 -50
184 15 -18
185 23 18
186 38 0
187 37 44
188 6 -9
189 -25 -12
190 -8 30
191 5 5
192 4 -37
193 10 8
194 -22 -2
195 45 -3
196 -16 -17
197 -39 34
198 41 40
199 -50 42
200 -18 43
DEMAND_SECTION
1 0
2 45
3 63
4 91
5 61
6 81
7 91
8 48
9 75
10 74
11 38
12 58
13 80
14 57
15 35
16 40
17 60
18 27
19 55
20 58
21 70
22 49
23 72
24 52
25 30
26 34
27 54
28 81
29 97
30 55
31 63
32 95
33 51
34 70
35 72
36 35
37 70
38 91
39 49
40 100
41 37
42 37
43 97
44 82
45 60
46 51
47 29
48 84
49 99
50 69
51 64
52 89
53 95
54 36
55 75
56 98
57 62
58 88
59 37
60 74
61 31
62 47
63 52
64 84
65 53
66 86
67 82
68 67
69 28
70 61
71 78
72 62
73 28
74 44
75 38
76 35
77 75
78 31
79 55
80 61
81 99
82 78
83 80
84 26
85 75
86 83
87 41
88 87
89 52
90 35
91 80
92 65
93 98
94 82
95 93
96 62
97 49
98 80
99 71
100 31
101 36
102 30
103 34
104 46
105 63
106 34
107 86
108 25
109 32
110 73
111 93
112 92
113 35
114 71
115 85
116 77
117 73
118 67
119 90
120 47
121 68
122 59
123 41
124 78
125 93
126 75
127 25
128 67
129 67
130 32
131 36
132 38
133 92
134 33
135 30
136 97
137 95
138 96
139 37
140 51
141 79
142 84
143 50
144 77
145 43
146 47
147 67
148 47
149 66
150 55
151 76
152 47
153 38
154 48
155 53
156 74
157 59
158 72
159 64
160 83
161 31
162 75
163 83
164 33
165 44
166 69
167 62
168 66
169 64
170 38
171 63
172 28
173 90
174 44
175 51
176 100
177 30
178 56
179 86
180 93
181 80
182 54
183 48
184 97
185 87
186 53
187 97
188 46
189 97
190 99
191 62
192 85
193 86
194 61
195 77
196 45
197 64
198 39
199 33
200 45
DEPOT_SECTION
1
-1
EOF