NAME: p10_16
BEST_KNOWN: 0
COMMENT: 0
DIMENSION: 200
CAPACITY: 200
EDGE_WEIGHT_FORMAT: FUNCTION
EDGE_WEIGHT_TYPE: EXACT_2D
NODE_COORD_SECTION
1 0 0
2 44 -3
3 26 23
4 6 43
5 -33 29
6 5 25
7 -44 10
8 18 -9
9 -7 -1
10 32 -19
11 -35 20
12 -41 -28
13 13 25
14 -10 -16
15 -46 -3
16 -16 39
17 15 -50
18 14 20
19 -16 48
20 15 20
21 14 -1
22 -6 13
23 48 13
24 -15 -10
25 39 -4
26 -43 45
27 19 15
28 43 -5
29 -20 35
30 45 44
31 -47 10
32 -21 45
33 29 -36
34 -26 -7
35 -37 -8
36 26 -16
37 -27 -3
38 -43 37
39 45 5
40 -27 -47
41 -39 0
42 40 -36
43 -42 29
44 0 36
45 -39 20
46 -16 -15
47 24 39
48 16 -22
49 -10 -36
50 -13 -10
51 44 -30
52 21 49
53 18 -30
54 -18 26
55 25 -38
56 -40 25
57 -31 44
58 26 -16
59 0 -20
60 20 37
61 -36 8
62 -9 9
63 -13 38
64 -3 -16
65 40 -23
66 -12 46
67 36 26
68 -44 43
69 -24 -49
70 -11 49
71 -30 24
72 14 20
73 47 45
74 -4 -21
75 -35 14
76 8 -13
77 -42 49
78 -11 29
79 15 -15
80 17 -15
81 -46 -22
82 -39 -37
83 -43 -36
84 13 -31
85 -21 -18
86 48 47
87 -50 -50
88 -36 48
89 31 -32
90 9 -49
91 -33 -44
92 26 -50
93 -9 16
94 -6 7
95 13 29
96 0 13
97 27 43
98 17 34
99 40 -1
100 20 -24
101 18 -24
102 48 0
103 30 -50
104 18 14
105 -7 -24
106 18 -10
107 35 -5
108 9 -7
109 40 1
110 35 38
111 7 -1
112 50 12
113 47 -29
114 48 18
115 34 22
116 12 -14
117 -14 -30
118 -1 -49
119 48 -13
120 -22 31
121 25 15
122 -50 30
123 -29 -24
124 -32 -35
125 41 34
126 25 -33
127 -8 -38
128 -21 22
129 46 47
130 -35 -24
131 0 -14
132 -47 30
133 -15 26
134 -8 1
135 25 -1
136 9 -34
137 35 14
138 -36 -9
139 17 28
140 -48 5
141 41 -19
142 31 40
143 -20 12
144 -28 -39
145 -7 -35
146 -43 34
147 -43 -6
148 -50 -9
149 41 6
150 -33 42
151 -5 -19
152 14 -18
153 25 -47
154 36 32
155 44 43
156 -46 10
157 19 -21
158 -49 -37
159 -30 27
160 29 42
161 21 29
162 7 40
163 -11 -21
164 3 18
165 16 -17
166 -13 -25
167 -33 -10
168 39 5
169 17 6
170 23 42
171 45 14
172 37 27
173 42 -1
174 35 -41
175 -12 30
176 -46 25
177 5 2
178 32 -40
179 -45 -43
180 1 -10
181 40 4
182 49 20
183 32 38
184 43 -4
185 0 -18
186 -47 -35
187 13 -43
188 3 26
189 -35 -12
190 -44 24
191 -33 26
192 48 47
193 10 29
194 -49 -29
195 -34 21
196 50 -19
197 -50 33
198 -14 50
199 20 42
200 -46 -28
DEMAND_SECTION
1 0
2 28
3 36
4 64
5 38
6 100
7 58
8 52
9 47
10 69
11 48
12 92
13 38
14 58
15 86
16 74
17 28
18 100
19 99
20 62
21 90
22 25
23 67
24 48
25 99
26 56
27 51
28 73
29 88
30 94
31 64
32 29
33 74
34 65
35 72
36 25
37 77
38 36
39 78
40 85
41 33
42 45
43 47
44 54
45 85
46 41
47 52
48 30
49 40
50 54
51 36
52 35
53 98
54 33
55 86
56 76
57 69
58 74
59 77
60 96
61 44
62 29
63 49
64 44
65 70
66 49
67 89
68 65
69 88
70 89
71 35
72 41
73 35
74 41
75 84
76 40
77 98
78 85
79 44
80 100
81 40
82 84
83 56
84 63
85 78
86 78
87 67
88 63
89 42
90 86
91 85
92 26
93 55
94 37
95 52
96 29
97 94
98 80
99 89
100 100
101 77
102 68
103 92
104 41
105 31
106 28
107 51
108 77
109 84
110 88
111 79
112 63
113 47
114 82
115 97
116 43
117 77
118 89
119 48
120 41
121 42
122 67
123 74
124 85
125 81
126 49
127 66
128 65
129 46
130 93
131 38
132 51
133 65
134 69
135 95
136 82
137 91
138 29
139 30
140 46
141 28
142 54
143 38
144 94
145 67
146 68
147 35
148 32
149 65
150 42
151 93
152 62
153 52
154 74
155 42
156 87
157 94
158 77
159 64
160 74
161 67
162 55
163 28
164 42
165 84
166 45
167 50
168 37
169 97
170 89
171 88
172 48
173 28
174 51
175 95
176 81
177 32
178 46
179 81
180 43
181 30
182 48
183 100
184 84
185 33
186 79
187 56
188 91
189 45
190 96
191 87
192 26
193 45
194 34
195 29
196 92
197 62
198 64
199 87
200 85
DEPOT_SECTION
1
-1
EOF