NAME: p10_19
BEST_KNOWN: 0
COMMENT: 0
DIMENSION: 200
CAPACITY: 200
EDGE_WEIGHT_FORMAT: FUNCTION
EDGE_WEIGHT_TYPE: EXACT_2D
NODE_COORD_SECTION
1 0 0
2 -26 -24
3 46 50
4 -43 35
5 1 -7
6 38 49
7 33 38
8 -41 -27
9 -32 13
10 44 -42
11 3 22
12 21 -27
13 -27 -40
14 -20 23
15 4 33
16 -36 3
17 20 21
18 13 -30
19 -33 -36
20 -31 30
21 -39 -44
22 -39 13
23 -39 -23
24 6 46
25 -50 -33
26 -20 38
27 30 22
28 -35 -9
29 31 25
30 39 -39
31 45 3
32 -10 25
33 -46 17
34 21 -45
35 11 -43
36 -24 -9
37 -1 11
38 24 -26
39 24 -28
40 -13 -15
41 35 6
42 28 14
43 -10 -48
44 13 14
45 42 43
46 -35 -42
47 -4 -20
48 24 0
49 40 -46
50 0 49
51 -10 -22
52 -4 20
53 -23 2
54 1 28
55 -44 4
56 -24 -14
57 36 38
58 -6 -15
59 15 44
60 39 20
61 -22 37
62 13 -42
63 20 -27
64 13 -14
65 -13 9
66 39 -20
67 41 11
68 5 28
69 45 3
70 -17 -22
71 -17 -34
72 -34 -28
73 30 -24
74 -42 -47
75 -6 -37
76 -40 -11
77 35 -22
78 11 46
79 -37 35
80 -26 -15
81 46 -39
82 16 5
83 -22 -22
84 -9 -32
85 50 6
86 -10 -19
87 12 20
88 -24 -14
89 2 20
90 -48 -24
91 -12 -33
92 -1 -33
93 -19 -12
94 13 42
95 39 -40
96 14 -1
97 6 -36
98 37 -11
99 -18 6
100 17 10
101 -33 17
102 -47 23
103 32 -32
104 -50 31
105 -46 -1
106 -15 -3
107 -25 -26
108 12 20
109 -37 -4
110 22 -27
111 38 -31
112 -45 5
113 40 17
114 37 -30
115 -34 17
116 16 -24
117 -34 -22
118 -22 -34
119 28 47
120 9 29
121 47 -31
122 -29 11
123 34 43
124 -21 5
125 38 -9
126 5 33
127 -28 40
128 -25 17
129 32 12
130 -6 26
131 -1 50
132 -34 -23
133 -15 -43
134 -40 -17
135 34 -45
136 31 30
137 -12 36
138 5 -8
139 5 5
140 32 8
141 40 27
142 -49 -32
143 22 -46
144 19 17
145 43 45
146 -45 -12
147 0 -44
148 -37 -44
149 3 4
150 -46 -9
151 -23 -42
152 9 -20
153 10 -3
154 -27 -4
155 25 -25
156 -12 28
157 -34 -46
158 44 -13
159 -45 25
160 -12 -46
161 -11 -30
162 40 9
163 2 -24
164 -16 12
165 37 -26
166 -45 25
167 -25 -25
168 3 -22
169 -38 36
170 -44 43
171 -42 26
172 -44 35
173 -33 -12
174 27 4
175 -30 -4
176 19 11
177 -37 18
178 10 -46
179 14 -28
180 11 22
181 -24 44
182 4 29
183 -11 27
184 -31 23
185 -15 18
186 -20 -16
187 2 2
188 8 -38
189 -9 -36
190 -6 35
191 41 -31
192 25 10
193 6 -43
194 45 -41
195 1 41
196 -39 -44
197 -13 12
198 -33 32
199 46 28
200 50 -18
DEMAND_SECTION
1 0
2 84
3 43
4 90
5 80
6 60
7 74
8 37
9 65
10 74
11 81
12 55
13 88
14 38
15 87
16 99
17 30
18 77
19 87
20 69
21 100
22 82
23 40
24 65
25 80
26 80
27 98
28 88
29 88
30 85
31 37
32 41
33 32
34 58
35 45
36 86
37 51
38 61
39 79
40 77
41 88
42 42
43 71
44 28
45 56
46 82
47 29
48 42
49 84
50 68
51 77
52 46
53 37
54 63
55 97
56 27
57 28
58 42
59 26
60 54
61 69
62 93
63 55
64 45
65 54
66 55
67 74
68 40
69 48
70 92
71 25
72 48
73 40
74 87
75 53
76 51
77 60
78 68
79 51
80 67
81 41
82 87
83 51
84 38
85 77
86 93
87 55
88 80
89 58
90 69
91 97
92 46
93 39
94 76
95 52
96 25
97 93
98 89
99 77
100 31
101 37
102 70
103 59
104 68
105 90
106 38
107 67
108 54
109 48
110 34
111 80
112 76
113 33
114 32
115 46
116 44
117 28
118 35
119 88
120 61
121 73
122 80
123 95
124 85
125 51
126 90
127 46
128 61
129 62
130 65
131 67
132 45
133 94
134 51
135 81
136 45
137 25
138 54
139 64
140 55
141 62
142 52
143 33
144 62
145 69
146 49
147 27
148 73
149 85
150 36
151 67
152 70
153 48
154 60
155 90
156 41
157 49
158 100
159 69
160 43
161 51
162 28
163 85
164 42
165 38
166 84
167 40
168 80
169 65
170 34
171 39
172 39
173 52
174 85
175 86
176 50
177 78
178 83
179 96
180 54
181 85
182 61
183 72
184 93
185 85
186 72
187 97
188 29
189 81
190 51
191 80
192 78
193 64
194 64
195 66
196 31
197 25
198 56
199 69
200 78
DEPOT_SECTION
1
-1
EOF