NAME: p10_1
BEST_KNOWN: 0
COMMENT: 0
DIMENSION: 200
CAPACITY: 200
EDGE_WEIGHT_FORMAT: FUNCTION
EDGE_WEIGHT_TYPE: EXACT_2D
NODE_COORD_SECTION
1 0 0
2 -32 -45
3 -47 21
4 -14 -5
5 -32 -47
6 -23 21
7 -11 14
8 22 -22
9 -26 -9
10 23 -20
11 4 28
12 -13 38
13 -42 -17
14 46 22
15 30 -5
16 10 -31
17 12 -12
18 36 -5
19 -11 -8
20 30 7
21 -1 -12
22 -31 -14
23 0 12
24 47 -38
25 12 -49
26 -10 20
27 4 -28
28 -45 11
29 -46 46
30 12 -40
31 -42 -33
32 -4 47
33 -7 -17
34 10 -42
35 -22 -34
36 -39 -44
37 -35 -49
38 -24 8
39 40 -4
40 -35 -44
41 -2 -35
42 -48 9
43 -24 45
44 -47 -40
45 -1 33
46 14 13
47 -33 -24
48 49 6
49 10 -49
50 -36 42
51 -31 23
52 32 -17
53 17 -33
54 -50 -11
55 23 -16
56 -45 -23
57 -29 8
58 -47 -12
59 22 -3
60 -15 -8
61 -30 -11
62 42 37
63 -30 -14
64 -49 -44
65 3 -46
66 8 -36
67 9 32
68 -27 45
69 -32 -33
70 34 -18
71 23 34
72 -13 49
73 -2 45
74 -46 -31
75 -18 -28
76 7 17
77 20 37
78 45 -32
79 -27 31
80 48 -45
81 28 -46
82 46 32
83 -9 29
84 -6 -5
85 -21 50
86 42 31
87 -23 -36
88 4 20
89 11 35
90 -34 40
91 30 -48
92 -9 -12
93 41 15
94 18 10
95 -13 -12
96 28 11
97 24 7
98 -17 25
99 -44 -31
100 18 -50
101 4 14
102 -34 16
103 -14 -19
104 22 -27
105 -23 49
106 -21 18
107 -46 16
108 -5 19
109 1 21
110 -21 37
111 -28 41
112 0 -22
113 32 -22
114 0 50
115 11 -1
116 -10 -45
117 35 49
118 29 -1
119 48 -3
120 -3 -30
121 32 -33
122 47 -8
123 11 28
124 -37 -25
125 -33 -6
126 -42 -15
127 24 -33
128 -29 -47
129 -22 -17
130 9 8
131 16 -31
132 -25 -37
133 -7 3
134 1 -40
135 -46 -2
136 17 16
137 35 36
138 9 28
139 -38 35
140 17 18
141 2 -13
142 45 -44
143 -44 17
144 24 -30
145 10 -2
146 -1 25
147 38 17
148 7 -33
149 -16 43
150 42 -28
151 -49 32
152 -3 19
153 20 34
154 32 -36
155 -33 11
156 -18 49
157 41 -23
158 24 -42
159 37 13
160 -23 -40
161 -23 4
162 -4 -14
163 15 -33
164 22 -48
165 13 -33
166 23 30
167 -35 7
168 -11 -45
169 -12 46
170 -7 -9
171 10 10
172 -28 33
173 -20 -19
174 27 -6
175 -41 -46
176 27 43
177 -50 7
178 48 -12
179 42 41
180 -4 -45
181 -49 0
182 34 -29
183 12 -31
184 -24 -32
185 -13 -13
186 41 46
187 -12 19
188 9 5
189 -20 38
190 -45 -4
191 -16 7
192 46 -33
193 22 -38
194 -34 30
195 3 17
196 25 -4
197 36 -35
198 35 -38
199 -8 3
200 30 -8
DEMAND_SECTION
1 0
2 85
3 35
4 28
5 88
6 74
7 82
8 98
9 40
10 26
11 93
12 40
13 75
14 55
15 82
16 59
17 78
18 34
19 64
20 90
21 92
22 44
23 59
24 62
25 51
26 25
27 81
28 39
29 37
30 80
31 78
32 100
33 83
34 25
35 51
36 52
37 25
38 36
39 96
40 98
41 82
42 92
43 78
44 88
45 47
46 51
47 49
48 87
49 51
50 79
51 75
52 28
53 73
54 85
55 35
56 25
57 62
58 66
59 51
60 67
61 44
62 47
63 57
64 98
65 94
66 63
67 99
68 62
69 33
70 93
71 64
72 50
73 44
74 26
75 97
76 56
77 79
78 33
79 35
80 56
81 99
82 73
83 30
84 78
85 52
86 91
87 43
88 74
89 71
90 94
91 100
92 66
93 67
94 71
95 93
96 51
97 75
98 50
99 64
100 79
101 62
102 55
103 61
104 96
105 37
106 50
107 28
108 85
109 63
110 55
111 32
112 78
113 50
114 31
115 53
116 86
117 43
118 94
119 66
120 99
121 78
122 41
123 75
124 79
125 45
126 80
127 79
128 78
129 82
130 97
131 89
132 84
133 96
134 33
135 43
136 34
137 66
138 66
139 91
140 45
141 54
142 96
143 65
144 86
145 63
146 29
147 89
148 29
149 81
150 85
151 35
152 53
153 96
154 83
155 78
156 99
157 38
158 36
159 83
160 39
161 95
162 55
163 27
164 48
165 43
166 70
167 66
168 97
169 48
170 37
171 73
172 70
173 70
174 51
175 86
176 43
177 46
178 56
179 44
180 93
181 30
182 86
183 81
184 29
185 96
186 28
187 86
188 37
189 84
190 25
191 96
192 72
193 48
194 66
195 28
196 77
197 50
198 28
199 52
200 35
DEPOT_SECTION
1
-1
EOF