NAME: p10_29
BEST_KNOWN: 0
COMMENT: 0
DIMENSION: 200
CAPACITY: 200
EDGE_WEIGHT_FORMAT: FUNCTION
EDGE_WEIGHT_TYPE: EXACT_2D
NODE_COORD_SECTION
1 0 0
2 37 16
3 -47 8
4 -45 -31
5 45 11
6 -39 -42
7 -5 28
8 7 -8
9 -40 -43
10 -50 -3
11 -7 20
12 30 29
13 48 33
14 -2 35
15 43 7
16 17 -41
17 -2 -39
18 29 2
19 -28 -17
20 -20 40
21 18 -4
22 0 32
23 -35 -46
24 33 -25
25 15 43
26 -17 -26
27 -24 -28
28 -41 -28
29 49 -2
30 -3 1
31 -24 49
32 -23 -44
33 42 29
34 -36 14
35 -9 -41
36 7 -39
37 33 44
38 7 -40
39 -36 -32
40 49 -32
41 -29 -50
42 5 -35
43 10 -50
44 -6 -20
45 31 -43
46 -43 -18
47 -18 15
48 37 -31
49 28 37
50 35 49
51 19 0
52 1 15
53 37 -19
54 -25 28
55 -38 10
56 33 6
57 30 3
58 1 40
59 20 6
60 34 -8
61 49 -4
62 -42 6
63 20 -10
64 -4 45
65 41 43
66 36 41
67 -19 7
68 27 -20
69 4 44
70 -41 -49
71 45 -2
72 24 -25
73 17 14
74 7 12
75 -19 16
76 35 41
77 -2 42
78 -39 -35
79 24 -1
80 -50 30
81 24 -46
82 -34 -48
83 -37 -42
84 2 2
85 2 21
86 36 41
87 6 -10
88 -25 21
89 38 13
90 -42 -26
91 8 16
92 3 -33
93 19 32
94 -11 41
95 -38 -23
96 48 35
97 -18 10
98 8 27
99 -17 12
100 -18 2
101 27 0
102 44 6
103 48 -25
104 27 8
105 -40 29
106 46 16
107 9 -32
108 -23 40
109 -15 30
110 0 48
111 -37 15
112 44 -16
113 28 39
114 50 -40
115 9 26
116 42 -39
117 3 8
118 4 6
119 -41 -13
120 38 28
121 39 31
122 25 -7
123 49 -27
124 -3 -40
125 -24 -47
126 -25 13
127 4 31
128 -16 -18
129 40 -24
130 0 50
131 42 31
132 -21 43
133 31 17
134 -41 46
135 22 32
136 -48 -30
137 38 -23
138 21 15
139 20 -16
140 22 -5
141 -50 31
142 -36 -33
143 -7 -24
144 -7 -17
145 -11 12
146 0 -9
147 37 39
148 50 -47
149 37 -23
150 -22 3
151 1 2
152 26 -29
153 -22 29
154 -33 -25
155 43 36
156 21 -12
157 30 -24
158 42 -20
159 -15 -12
160 19 4
161 47 -30
162 3 35
163 4 26
164 47 5
165 1 14
166 9 3
167 -44 23
168 20 -20
169 -22 16
170 33 15
171 4 -14
172 18 25
173 -40 -37
174 31 32
175 -11 30
176 13 2
177 9 -25
178 39 1
179 27 -29
180 -33 -46
181 24 -50
182 -45 -9
183 49 -50
184 29 -23
185 10 20
186 18 19
187 -23 -35
188 -33 -19
189 27 -2
190 -1 -9
191 -29 41
192 -33 49
193 -50 -9
194 -14 -11
195 41 -1
196 42 -30
197 43 15
198 -41 50
199 4 6
200 10 13
DEMAND_SECTION
1 0
2 66
3 72
4 54
5 72
6 70
7 55
8 30
9 67
10 66
11 56
12 40
13 79
14 33
15 25
16 81
17 52
18 90
19 26
20 65
21 45
22 39
23 45
24 31
25 78
26 90
27 60
28 74
29 82
30 76
31 25
32 96
33 93
34 87
35 65
36 80
37 64
38 41
39 33
40 96
41 85
42 88
43 45
44 38
45 44
46 33
47 52
48 61
49 42
50 28
51 62
52 39
53 53
54 52
55 51
56 26
57 40
58 38
59 65
60 61
61 89
62 34
63 72
64 45
65 30
66 88
67 34
68 96
69 52
70 56
71 90
72 94
73 82
74 63
75 82
76 39
77 33
78 57
79 66
80 94
81 77
82 56
83 40
84 64
85 84
86 33
87 55
88 76
89 28
90 63
91 57
92 66
93 81
94 41
95 83
96 57
97 91
98 75
99 84
100 50
101 62
102 36
103 40
104 60
105 100
106 82
107 80
108 59
109 46
110 53
111 58
112 64
113 35
114 42
115 61
116 87
117 92
118 47
119 65
120 46
121 90
122 65
123 66
124 99
125 59
126 92
127 55
128 64
129 81
130 43
131 87
132 37
133 50
134 81
135 63
136 90
137 41
138 67
139 97
140 54
141 76
142 65
143 37
144 34
145 72
146 33
147 45
148 70
149 82
150 86
151 28
152 39
153 90
154 32
155 28
156 29
157 32
158 55
159 43
160 54
161 75
162 87
163 65
164 39
165 70
166 28
167 90
168 40
169 32
170 35
171 76
172 68
173 52
174 43
175 30
176 49
177 27
178 76
179 37
180 73
181 56
182 53
183 73
184 87
185 64
186 82
187 53
188 41
189 45
190 41
191 88
192 68
193 90
194 31
195 46
196 43
197 59
198 33
199 32
200 29
DEPOT_SECTION
1
-1
EOF