NAME: p10_28
BEST_KNOWN: 0
COMMENT: 0
DIMENSION: 200
CAPACITY: 200
EDGE_WEIGHT_FORMAT: FUNCTION
EDGE_WEIGHT_TYPE: EXACT_2D
NODE_COORD_SECTION
1 0 0
2 45 16
3 -49 -41
4 -9 -44
5 -33 30
6 28 5
7 -42 -13
8 46 43
9 42 -7
10 20 44
11 -19 45
12 -38 -20
13 47 -48
14 48 23
15 -47 0
16 -3 1
17 -25 -43
18 -5 -25
19 14 -36
20 -10 44
21 -45 -25
22 -34 -39
23 45 8
24 29 -21
25 -38 16
26 -42 39
27 -46 -39
28 6 -6
29 12 41
30 50 50
31 0 -39
32 21 29
33 -28 23
34 32 1
35 8 -10
36 42 -20
37 4 -37
38 -27 -15
39 26 6
40 16 2
41 49 42
42 39 19
43 -43 -49
44 -21 -6
45 -41 -26
46 43 -20
47 -31 -31
48 1 -1
49 -46 47
50 -45 13
51 11 -26
52 -18 5
53 -13 10
54 -35 -44
55 -36 -1
56 1 28
57 -18 -16
58 -31 -18
59 50 -49
60 8 -23
61 49 42
62 7 50
63 2 -49
64 -15 14
65 -17 0
66 46 -10
67 -15 -29
68 5 28
69 12 -14
70 -20 -30
71 -13 24
72 -34 -30
73 -13 28
74 -2 -14
75 49 -34
76 -36 1
77 37 16
78 0 -3
79 -37 7
80 32 -50
81 16 36
82 7 12
83 -29 -47
84 -20 20
85 2 -33
86 -48 -19
87 -31 -7
88 16 3
89 -20 38
90 2 -38
91 35 8
92 9 -27
93 45 9
94 20 -32
95 -48 47
96 24 48
97 0 -6
98 5 0
99 22 0
100 -15 -30
101 -39 12
102 27 32
103 50 31
104 29 34
105 -3 34
106 -46 31
107 20 12
108 -45 21
109 33 5
110 -30 -29
111 47 -13
112 -27 12
113 10 33
114 45 46
115 14 -15
116 23 47
117 -48 23
118 8 -24
119 7 17
120 46 -26
121 11 1
122 -21 39
123 -1 -47
124 33 -37
125 -8 -50
126 22 24
127 -32 -19
128 19 28
129 46 -5
130 50 24
131 22 29
132 -15 -36
133 23 24
134 -49 -39
135 21 6
136 -19 27
137 -5 38
138 19 50
139 -33 -5
140 44 26
141 -9 -19
142 24 11
143 -5 -45
144 -44 31
145 24 -25
146 -20 -43
147 -23 -15
148 2 -47
149 3 20
150 25 -30
151 6 -18
152 1 -43
153 -32 0
154 -23 -24
155 15 -8
156 -37 22
157 33 -20
158 -37 -46
159 35 14
160 -26 25
161 45 -11
162 -44 -48
163 -19 41
164 -40 29
165 -43 13
166 -42 -49
167 -9 39
168 10 -5
169 43 -25
170 -2 34
171 48 13
172 -49 10
173 5 37
174 -21 -25
175 -22 29
176 29 9
177 -7 17
178 29 -15
179 2 26
180 -45 5
181 -37 20
182 -25 15
183 43 -4
184 -24 -42
185 -25 13
186 6 3
187 14 5
188 -29 11
189 31 -48
190 -47 -25
191 -21 -9
192 -6 31
193 -26 19
194 -13 -41
195 -24 -26
196 31 -4
197 20 -6
198 37 -1
199 32 -50
200 -16 -24
DEMAND_SECTION
1 0
2 83
3 94
4 81
5 51
6 45
7 66
8 98
9 100
10 47
11 76
12 99
13 88
14 62
15 80
16 88
17 25
18 50
19 84
20 72
21 43
22 92
23 36
24 53
25 76
26 66
27 96
28 84
29 85
30 80
31 71
32 30
33 65
34 57
35 63
36 87
37 60
38 26
39 76
40 77
41 89
42 38
43 56
44 99
45 89
46 49
47 82
48 96
49 81
50 53
51 27
52 91
53 52
54 59
55 27
56 53
57 57
58 75
59 33
60 75
61 100
62 45
63 89
64 39
65 94
66 27
67 49
68 44
69 95
70 35
71 86
72 85
73 66
74 54
75 52
76 81
77 50
78 57
79 83
80 93
81 75
82 76
83 83
84 57
85 45
86 92
87 70
88 91
89 86
90 49
91 38
92 78
93 47
94 78
95 65
96 99
97 31
98 38
99 46
100 46
101 74
102 73
103 93
104 40
105 39
106 36
107 66
108 61
109 67
110 28
111 94
112 94
113 98
114 72
115 67
116 57
117 57
118 63
119 71
120 41
121 99
122 90
123 66
124 46
125 67
126 38
127 61
128 85
129 93
130 78
131 31
132 84
133 74
134 41
135 38
136 82
137 36
138 26
139 99
140 66
141 69
142 91
143 75
144 89
145 87
146 41
147 33
148 68
149 66
150 64
151 83
152 99
153 65
154 99
155 86
156 66
157 73
158 81
159 100
160 46
161 63
162 28
163 43
164 92
165 69
166 27
167 84
168 38
169 98
170 32
171 74
172 79
173 39
174 29
175 61
176 61
177 61
178 74
179 99
180 65
181 39
182 32
183 57
184 80
185 90
186 26
187 33
188 91
189 84
190 92
191 94
192 36
193 76
194 68
195 95
196 100
197 88
198 37
199 74
200 43
DEPOT_SECTION
1
-1
EOF