NAME: p10_2
BEST_KNOWN: 0
COMMENT: 0
DIMENSION: 200
CAPACITY: 200
EDGE_WEIGHT_FORMAT: FUNCTION
EDGE_WEIGHT_TYPE: EXACT_2D
NODE_COORD_SECTION
1 0 0
2 28 -46
3 11 -26
4 20 12
5 44 -40
6 -36 20
7 -40 28
8 -35 -1
9 -34 -10
10 15 25
11 50 14
12 21 -22
13 -38 42
14 -2 -37
15 21 7
16 47 -21
17 35 -6
18 2 21
19 -3 -1
20 22 -37
21 -44 -1
22 5 18
23 33 16
24 -47 35
25 -49 14
26 15 -48
27 0 43
28 -47 -32
29 -5 -2
30 30 -8
31 40 37
32 44 3
33 -31 18
34 -29 23
35 -40 43
36 6 -19
37 -20 34
38 48 4
39 -2 2
40 10 16
41 4 14
42 -7 -37
43 48 -5
44 48 -11
45 -10 31
46 35 45
47 -10 -7
48 42 43
49 24 -48
50 33 -5
51 -3 -22
52 -10 34
53 40 -8
54 -5 27
55 -35 12
56 -30 -35
57 -11 43
58 2 44
59 30 -9
60 25 -16
61 -35 -2
62 37 32
63 -15 -42
64 -13 12
65 0 -16
66 -47 -30
67 -33 -14
68 -36 -28
69 -3 -21
70 21 47
71 23 -2
72 -42 -7
73 -13 33
74 33 -37
75 0 46
76 5 -24
77 -1 21
78 -49 14
79 -37 4
80 -45 29
81 42 25
82 8 -50
83 -25 5
84 13 8
85 -1 -23
86 -5 -40
87 13 43
88 43 30
89 -48 23
90 -1 -2
91 -46 -12
92 49 7
93 28 28
94 -42 32
95 31 -45
96 32 -10
97 -5 41
98 8 2
99 40 3
100 -44 -26
101 9 -44
102 -29 -19
103 -2 -43
104 -39 9
105 -31 -3
106 -44 43
107 -41 -21
108 1 47
109 -36 -39
110 -26 36
111 -23 6
112 -19 -16
113 -7 12
114 19 21
115 10 -10
116 -29 25
117 42 -11
118 24 -48
119 40 -36
120 14 -4
121 -50 11
122 -27 -41
123 22 46
124 49 -37
125 28 -17
126 -28 -10
127 -40 4
128 -3 -32
129 -35 21
130 -1 21
131 -43 -50
132 -46 6
133 22 -4
134 12 -11
135 13 9
136 -44 -5
137 4 14
138 44 -36
139 48 44
140 -30 -40
141 0 -48
142 -45 -28
143 -25 9
144 6 -38
145 -25 -9
146 35 -9
147 37 29
148 4 3
149 -34 -16
150 -18 24
151 47 7
152 42 -29
153 4 -28
154 31 -37
155 11 23
156 45 -46
157 -2 4
158 -28 -17
159 -36 -18
160 -23 -13
161 46 20
162 -33 3
163 -19 10
164 -28 -42
165 -14 28
166 30 24
167 -24 32
168 27 -38
169 33 12
170 13 -24
171 -25 1
172 32 47
173 17 19
174 -49 -37
175 36 2
176 4 43
177 -31 29
178 15 47
179 39 -29
180 10 46
181 18 20
182 43 -49
183 -19 22
184 8 5
185 -12 -25
186 -42 -33
187 -30 -33
188 36 32
189 50 8
190 -36 19
191 -27 -6
192 1 30
193 14 0
194 18 19
195 -47 -46
196 37 -26
197 10 24
198 25 -38
199 44 20
200 -10 -3
DEMAND_SECTION
1 0
2 96
3 31
4 69
5 35
6 28
7 69
8 47
9 77
10 35
11 89
12 85
13 36
14 58
15 62
16 77
17 49
18 89
19 99
20 73
21 26
22 70
23 37
24 100
25 34
26 89
27 63
28 37
29 82
30 63
31 42
32 52
33 47
34 89
35 94
36 37
37 75
38 95
39 69
40 61
41 83
42 97
43 53
44 30
45 68
46 91
47 67
48 55
49 90
50 96
51 94
52 89
53 93
54 54
55 26
56 83
57 61
58 66
59 68
60 61
61 26
62 76
63 91
64 44
65 29
66 48
67 32
68 27
69 92
70 70
71 97
72 95
73 63
74 62
75 83
76 47
77 95
78 41
79 46
80 43
81 43
82 66
83 59
84 70
85 46
86 59
87 90
88 70
89 27
90 80
91 59
92 25
93 99
94 71
95 25
96 57
97 55
98 34
99 38
100 82
101 33
102 40
103 31
104 50
105 62
106 38
107 26
108 65
109 43
110 44
111 29
112 59
113 62
114 49
115 47
116 47
117 35
118 56
119 54
120 89
121 96
122 45
123 30
124 78
125 86
126 38
127 76
128 28
129 48
130 36
131 52
132 83
133 81
134 36
135 28
136 71
137 59
138 39
139 38
140 55
141 40
142 46
143 32
144 74
145 87
146 74
147 71
148 46
149 96
150 64
151 44
152 68
153 67
154 80
155 66
156 81
157 29
158 95
159 91
160 65
161 97
162 97
163 89
164 40
165 32
166 43
167 66
168 84
169 48
170 48
171 95
172 100
173 71
174 46
175 25
176 95
177 30
178 72
179 85
180 99
181 83
182 66
183 27
184 81
185 42
186 99
187 69
188 79
189 85
190 38
191 84
192 94
193 40
194 60
195 44
196 73
197 84
198 66
199 34
200 58
DEPOT_SECTION
1
-1
EOF