NAME: p10_10
BEST_KNOWN: 0
COMMENT: 0
DIMENSION: 200
CAPACITY: 200
EDGE_WEIGHT_FORMAT: FUNCTION
EDGE_WEIGHT_TYPE: EXACT_2D
NODE_COORD_SECTION
1 0 0
2 50 9
3 8 -24
4 7 26
5 33 25
6 11 22
7 20 -19
8 32 -30
9 -41 -11
10 -30 -27
11 22 38
12 42 30
13 39 -27
14 28 40
15 -49 -37
16 -30 30
17 9 26
18 36 -34
19 27 -8
20 8 -23
21 35 -24
22 30 -6
23 -26 30
24 16 9
25 30 -32
26 -15 47
27 16 -20
28 22 -22
29 8 -28
30 8 -2
31 26 43
32 -43 -48
33 -22 32
34 16 -36
35 32 -9
36 -38 -35
37 20 21
38 -24 10
39 21 -22
40 -18 -30
41 -16 -9
42 16 3
43 -47 2
44 -33 31
45 -16 31
46 14 -36
47 11 21
48 -22 -1
49 -10 -50
50 20 -43
51 -35 23
52 -26 -8
53 22 46
54 -34 8
55 33 -5
56 -44 -46
57 -49 -6
58 15 -11
59 26 14
60 -33 -43
61 17 -4
62 10 -47
63 23 31
64 9 -33
65 -8 -38
66 14 33
67 -39 28
68 -13 43
69 -26 -27
70 7 7
71 34 -4
72 20 47
73 -1 4
74 -42 -28
75 26 -40
76 6 26
77 26 33
78 33 -32
79 38 -3
80 -42 -37
81 -26 26
82 -10 -22
83 -6 43
84 21 40
85 33 -21
86 -15 3
87 45 -14
88 -22 49
89 -28 31
90 -50 40
91 47 -29
92 42 -27
93 14 48
94 6 -24
95 -19 6
96 33 43
97 -22 23
98 -35 -45
99 -1 29
100 -3 13
101 -50 40
102 -45 34
103 17 32
104 24 1
105 -21 30
106 14 -10
107 -41 37
108 -39 -23
109 26 30
110 -39 -31
111 38 -1
112 41 -47
113 -13 36
114 33 8
115 -10 -42
116 -12 -26
117 7 11
118 -25 -1
119 32 -27
120 -9 -1
121 -25 16
122 6 48
123 42 -29
124 7 -46
125 -32 -9
126 27 -42
127 10 37
128 -42 0
129 -50 -28
130 13 -49
131 -32 14
132 44 -21
133 -35 -17
134 17 -8
135 -31 -30
136 17 -26
137 -28 -45
138 19 -50
139 -40 -31
140 5 -43
141 -2 -32
142 2 -38
143 -1 -43
144 16 12
145 -26 -21
146 21 50
147 -23 16
148 -26 26
149 -33 7
150 13 8
151 34 -42
152 -28 -49
153 50 34
154 42 25
155 -7 10
156 -15 23
157 46 -45
158 -14 -39
159 23 26
160 -32 -48
161 33 -21
162 -11 -46
163 34 -47
164 39 -33
165 -12 30
166 -48 -2
167 -28 -40
168 -39 47
169 -8 6
170 -25 -39
171 0 29
172 48 -40
173 -6 2
174 32 28
175 -26 -15
176 -22 -18
177 22 48
178 50 -5
179 42 -26
180 8 38
181 49 -23
182 44 17
183 4 36
184 30 48
185 -15 22
186 -18 -24
187 19 28
188 -38 -45
189 32 -14
190 -48 30
191 -20 -20
192 23 -4
193 -20 45
194 41 49
195 -31 11
196 43 -9
197 -32 15
198 -18 38
199 9 -20
200 -22 -11
DEMAND_SECTION
1 0
2 27
3 57
4 64
5 33
6 30
7 76
8 71
9 59
10 67
11 26
12 58
13 59
14 85
15 50
16 42
17 61
18 58
19 88
20 38
21 64
22 27
23 48
24 36
25 46
26 74
27 66
28 74
29 98
30 27
31 87
32 69
33 60
34 83
35 57
36 28
37 100
38 43
39 50
40 34
41 81
42 46
43 68
44 30
45 99
46 94
47 39
48 43
49 63
50 61
51 46
52 27
53 49
54 55
55 87
56 79
57 64
58 63
59 77
60 68
61 80
62 59
63 70
64 65
65 66
66 75
67 91
68 45
69 83
70 83
71 35
72 85
73 58
74 73
75 27
76 35
77 43
78 97
79 41
80 56
81 46
82 26
83 32
84 33
85 90
86 87
87 66
88 36
89 60
90 56
91 54
92 32
93 66
94 29
95 72
96 36
97 25
98 52
99 80
100 78
101 90
102 99
103 72
104 93
105 57
106 30
107 85
108 45
109 39
110 51
111 28
112 91
113 100
114 52
115 41
116 43
117 50
118 48
119 65
120 37
121 31
122 61
123 47
124 93
125 70
126 53
127 52
128 53
129 47
130 98
131 32
132 49
133 39
134 52
135 99
136 30
137 65
138 77
139 57
140 38
141 59
142 92
143 98
144 66
145 75
146 56
147 85
148 82
149 86
150 35
151 58
152 61
153 62
154 34
155 67
156 88
157 99
158 63
159 93
160 45
161 30
162 98
163 97
164 65
165 87
166 41
167 75
168 47
169 73
170 100
171 93
172 76
173 27
174 69
175 38
176 70
177 100
178 81
179 84
180 29
181 26
182 51
183 55
184 28
185 88
186 87
187 64
188 50
189 65
190 78
191 36
192 93
193 97
194 33
195 57
196 36
197 80
198 41
199 88
200 96
DEPOT_SECTION
1
-1
EOF