NAME: p10_23
BEST_KNOWN: 0
COMMENT: 0
DIMENSION: 200
CAPACITY: 200
EDGE_WEIGHT_FORMAT: FUNCTION
EDGE_WEIGHT_TYPE: EXACT_2D
NODE_COORD_SECTION
1 0 0
2 0 -10
3 -46 23
4 33 8
5 -42 -32
6 -13 32
7 -33 6
8 41 16
9 29 30
10 46 -7
11 -9 -32
12 10 -44
13 26 16
14 -28 29
15 30 28
16 32 37
17 -36 -39
18 38 -6
19 -28 -30
20 -7 -5
21 45 30
22 -27 -30
23 5 -8
24 -10 45
25 -28 -7
26 -9 -17
27 28 40
28 24 -40
29 -46 -41
30 -20 -1
31 3 38
32 7 -25
33 -4 37
34 -7 43
35 31 -34
36 -16 -11
37 24 4
38 42 47
39 48 33
40 -11 21
41 43 28
42 -46 28
43 -41 -42
44 -50 33
45 -28 -36
46 -13 46
47 39 10
48 -15 10
49 27 34
50 2 -8
51 -15 11
52 48 45
53 -47 11
54 0 48
55 -49 34
56 -36 8
57 -38 -9
58 20 40
59 47 -27
60 -49 48
61 45 -17
62 33 5
63 18 41
64 47 50
65 -46 5
66 4 32
67 -12 -21
68 -13 -25
69 0 -43
70 24 -23
71 -49 10
72 0 14
73 -6 -4
74 -27 -31
75 -20 -12
76 35 -46
77 -8 -7
78 50 36
79 35 10
80 -15 -42
81 16 17
82 13 -25
83 48 -47
84 -1 -20
85 10 -38
86 -10 -4
87 43 7
88 41 -1
89 -48 18
90 40 1
91 5 9
92 39 -33
93 -4 41
94 15 -33
95 5 -29
96 -8 -22
97 10 -38
98 -17 -41
99 18 -50
100 -36 17
101 -14 12
102 38 -37
103 -47 34
104 31 30
105 28 -40
106 9 36
107 49 37
108 23 -35
109 45 43
110 35 34
111 -43 31
112 -15 15
113 34 18
114 37 22
115 42 36
116 -4 -13
117 -2 -32
118 17 -29
119 48 -44
120 21 -21
121 -14 -4
122 33 43
123 4 12
124 24 -36
125 -2 -42
126 -17 -10
127 -28 31
128 -19 25
129 36 -4
130 47 -32
131 -43 -25
132 7 50
133 -47 30
134 23 -4
135 39 -25
136 32 25
137 -31 -7
138 19 -38
139 14 -28
140 15 -15
141 -6 15
142 39 -31
143 30 40
144 -4 -27
145 -18 18
146 24 9
147 -6 -6
148 -4 -24
149 18 34
150 41 -47
151 36 18
152 31 46
153 -22 41
154 40 -35
155 -21 -18
156 23 15
157 12 13
158 36 26
159 35 -38
160 -43 -32
161 20 47
162 -20 33
163 -17 42
164 50 23
165 8 33
166 -41 0
167 6 39
168 39 -34
169 -23 38
170 27 -1
171 -27 2
172 -16 47
173 20 -46
174 44 -36
175 -45 -3
176 9 -21
177 -27 35
178 41 -4
179 -49 -17
180 -41 46
181 19 -5
182 -23 19
183 34 4
184 -19 -7
185 3 37
186 10 -23
187 -26 -1
188 -47 -15
189 48 22
190 -7 -17
191 26 33
192 -17 -18
193 38 -6
194 3 12
195 -3 -5
196 -4 35
197 -3 -13
198 -16 16
199 -8 47
200 29 23
DEMAND_SECTION
1 0
2 88
3 83
4 64
5 47
6 66
7 84
8 68
9 97
10 32
11 47
12 44
13 61
14 93
15 97
16 97
17 76
18 26
19 43
20 91
21 52
22 54
23 82
24 50
25 88
26 26
27 32
28 95
29 95
30 83
31 30
32 81
33 48
34 59
35 32
36 32
37 56
38 44
39 88
40 69
41 50
42 43
43 45
44 36
45 97
46 73
47 42
48 88
49 71
50 57
51 90
52 40
53 42
54 68
55 81
56 67
57 54
58 69
59 51
60 64
61 36
62 83
63 64
64 29
65 31
66 40
67 61
68 45
69 94
70 67
71 59
72 56
73 94
74 51
75 85
76 44
77 81
78 47
79 89
80 54
81 82
82 85
83 36
84 37
85 37
86 40
87 42
88 29
89 52
90 76
91 34
92 95
93 77
94 95
95 60
96 48
97 68
98 47
99 67
100 44
101 79
102 42
103 73
104 91
105 31
106 100
107 76
108 64
109 59
110 75
111 52
112 29
113 94
114 59
115 34
116 49
117 31
118 60
119 37
120 83
121 85
122 39
123 58
124 75
125 77
126 42
127 46
128 34
129 59
130 74
131 76
132 64
133 70
134 30
135 28
136 100
137 54
138 40
139 92
140 53
141 30
142 35
143 72
144 59
145 74
146 74
147 66
148 59
149 72
150 28
151 72
152 57
153 61
154 50
155 40
156 91
157 34
158 100
159 64
160 76
161 63
162 57
163 56
164 72
165 91
166 50
167 50
168 65
169 82
170 36
171 26
172 65
173 45
174 51
175 77
176 80
177 37
178 40
179 82
180 55
181 45
182 85
183 38
184 69
185 71
186 39
187 70
188 29
189 80
190 61
191 68
192 76
193 52
194 57
195 48
196 89
197 89
198 33
199 83
200 30
DEPOT_SECTION
1
-1
EOF