NAME: p10_26
BEST_KNOWN: 0
COMMENT: 0
DIMENSION: 200
CAPACITY: 200
EDGE_WEIGHT_FORMAT: FUNCTION
EDGE_WEIGHT_TYPE: EXACT_2D
NODE_COORD_SECTION
1 0 0
2 34 -14
3 50 24
4 -1 29
5 12 -7
6 -17 14
7 12 -17
8 -14 19
9 39 45
10 -11 33
11 -13 -15
12 6 -29
13 -42 9
14 16 -33
15 -23 -8
16 38 -40
17 -20 22
18 39 -7
19 -31 4
20 47 -41
21 -38 16
22 16 39
23 36 -9
24 1 -27
25 34 36
26 1 -41
27 44 20
28 27 40
29 28 -5
30 -27 -16
31 -19 14
32 43 23
33 1 30
34 18 21
35 14 -9
36 -32 -10
37 -31 -25
38 -35 -40
39 5 35
40 3 24
41 -20 15
42 38 41
43 2 -4
44 33 -34
45 -6 -10
46 42 -29
47 10 -32
48 -18 2
49 2 -9
50 -38 21
51 6 -2
52 5 38
53 46 43
54 -17 4
55 -2 -17
56 -27 43
57 35 49
58 -19 -50
59 30 -39
60 23 48
61 40 -3
62 -14 -25
63 41 18
64 41 -40
65 -32 37
66 -23 1
67 -31 45
68 -16 -25
69 -10 -45
70 -24 47
71 -16 30
72 5 19
73 -33 -9
74 32 -50
75 37 -41
76 -22 4
77 42 -32
78 35 21
79 -40 23
80 2 -8
81 45 -9
82 36 16
83 42 -49
84 -24 -10
85 -4 -46
86 28 -23
87 8 16
88 -21 36
89 -1 34
90 -35 4
91 -42 28
92 -13 46
93 14 9
94 42 9
95 15 22
96 -39 -12
97 30 50
98 -36 -31
99 -31 -31
100 44 17
101 -14 -46
102 -10 -42
103 -16 29
104 14 -17
105 4 -33
106 39 -29
107 40 43
108 -30 -40
109 -47 1
110 33 9
111 25 -6
112 28 -50
113 -27 49
114 15 5
115 -11 -3
116 41 -22
117 11 -45
118 43 -36
119 35 18
120 -4 -45
121 -5 45
122 45 2
123 32 -9
124 23 -45
125 40 46
126 37 12
127 32 8
128 -33 -28
129 -21 -17
130 28 -33
131 -8 -50
132 0 34
133 6 11
134 -21 12
135 -47 -16
136 19 -37
137 13 -43
138 13 31
139 -50 24
140 -32 15
141 25 3
142 32 28
143 -38 -33
144 2 -8
145 -1 18
146 -46 -6
147 -4 -26
148 43 48
149 -17 26
150 -27 4
151 10 -10
152 11 -19
153 -24 -46
154 4 -23
155 -23 7
156 -36 34
157 -26 -5
158 -42 -25
159 30 -21
160 8 -7
161 -39 16
162 -25 27
163 0 -47
164 23 42
165 -35 -28
166 -37 29
167 17 12
168 -19 -39
169 -10 -37
170 30 -42
171 25 8
172 -9 -40
173 -15 14
174 28 38
175 32 -43
176 -26 -49
177 40 22
178 -44 8
179 -32 -15
180 -13 47
181 -32 14
182 -26 34
183 6 31
184 28 -50
185 -39 16
186 -33 -26
187 12 -9
188 29 41
189 17 -48
190 -16 -3
191 24 -45
192 38 29
193 -41 17
194 -44 13
195 -19 -21
196 -9 5
197 -43 -13
198 39 15
199 -4 2
200 32 -35
DEMAND_SECTION
1 0
2 56
3 69
4 96
5 69
6 71
7 45
8 77
9 89
10 31
11 93
12 41
13 99
14 96
15 64
16 94
17 35
18 90
19 72
20 80
21 29
22 99
23 76
24 32
25 29
26 50
27 100
28 47
29 48
30 28
31 42
32 66
33 62
34 72
35 94
36 94
37 99
38 50
39 91
40 42
41 43
42 63
43 87
44 86
45 55
46 59
47 39
48 94
49 56
50 85
51 26
52 60
53 47
54 51
55 95
56 28
57 84
58 52
59 58
60 62
61 88
62 84
63 65
64 44
65 28
66 80
67 69
68 90
69 41
70 41
71 70
72 88
73 26
74 92
75 59
76 100
77 93
78 69
79 96
80 81
81 93
82 63
83 94
84 58
85 51
86 46
87 65
88 89
89 78
90 56
91 29
92 31
93 61
94 50
95 89
96 52
97 40
98 37
99 30
100 40
101 75
102 65
103 28
104 41
105 75
106 100
107 67
108 93
109 25
110 35
111 56
112 97
113 71
114 89
115 99
116 60
117 48
118 60
119 43
120 81
121 68
122 64
123 96
124 58
125 61
126 53
127 70
128 60
129 25
130 63
131 31
132 87
133 72
134 46
135 60
136 73
137 56
138 61
139 37
140 92
141 88
142 86
143 76
144 35
145 80
146 97
147 90
148 34
149 76
150 67
151 42
152 72
153 76
154 69
155 30
156 73
157 47
158 63
159 99
160 43
161 67
162 33
163 53
164 43
165 55
166 57
167 66
168 93
169 84
170 43
171 84
172 94
173 41
174 41
175 80
176 76
177 38
178 82
179 94
180 87
181 41
182 78
183 65
184 45
185 65
186 86
187 43
188 85
189 58
190 92
191 44
192 87
193 30
194 53
195 98
196 40
197 62
198 63
199 48
200 27
DEPOT_SECTION
1
-1
EOF