NAME: p10_24
BEST_KNOWN: 0
COMMENT: 0
DIMENSION: 200
CAPACITY: 200
EDGE_WEIGHT_FORMAT: FUNCTION
EDGE_WEIGHT_TYPE: EXACT_2D
NODE_COORD_SECTION
1 0 0
2 39 50
3 -15 33
4 20 26
5 25 45
6 -39 -34
7 34 -32
8 16 -7
9 16 9
10 -33 1
11 22 30
12 24 9
13 -3 -17
14 11 -43
15 -12 -47
16 -21 48
17 23 -8
18 -2 2
19 -11 -12
20 -25 39
21 25 -22
22 46 35
23 -44 32
24 -39 25
25 33 -14
26 -26 41
27 -49 5
28 -42 21
29 -14 -31
30 -31 1
31 43 -31
32 -42 19
33 25 -33
34 8 35
35 21 28
36 -16 15
37 -36 49
38 38 -24
39 33 19
40 15 -12
41 31 23
42 3 -16
43 19 -5
44 -7 -41
45 29 33
46 11 -33
47 14 -30
48 -20 -19
49 2 7
50 -1 -32
51 -41 36
52 4 8
53 -23 41
54 44 -25
55 6 -35
56 50 -37
57 13 24
58 -48 34
59 11 28
60 -5 -2
61 3 -16
62 -45 -50
63 -4 9
64 4 -37
65 47 9
66 42 -19
67 -1 -18
68 20 -38
69 -9 -7
70 14 -14
71 -40 43
72 2 -44
73 24 -34
74 -21 -19
75 24 29
76 47 38
77 20 -14
78 -11 36
79 -2 -18
80 -29 -10
81 -46 29
82 -42 5
83 15 -34
84 6 39
85 25 -39
86 20 15
87 -9 4
88 -9 22
89 -11 31
90 11 41
91 -5 27
92 26 50
93 -1 -1
94 25 1
95 -2 41
96 -39 -46
97 -13 12
98 3 21
99 -44 -31
100 3 -43
101 -3 -34
102 -48 9
103 20 16
104 19 8
105 -25 -6
106 22 22
107 -4 47
108 36 8
109 -15 42
110 19 50
111 -39 20
112 -15 -15
113 -21 5
114 27 -27
115 -14 32
116 12 2
117 9 -18
118 15 0
119 -1 15
120 32 22
121 -9 -15
122 -33 44
123 -2 41
124 43 -1
125 -26 48
126 -32 28
127 45 4
128 23 -23
129 36 -5
130 39 43
131 26 -33
132 25 38
133 27 37
134 -12 39
135 -43 -30
136 -3 0
137 1 -18
138 -41 -32
139 -16 -50
140 -28 -7
141 5 -27
142 -25 -2
143 -2 39
144 32 26
145 -29 -25
146 9 -5
147 34 -35
148 33 -49
149 -10 -8
150 18 41
151 7 37
152 -7 -30
153 -24 -38
154 48 -14
155 -5 -6
156 24 42
157 -45 0
158 33 21
159 -6 31
160 -25 3
161 -44 -16
162 -49 -1
163 39 -20
164 30 25
165 -25 -43
166 13 26
167 38 -22
168 -28 21
169 -47 47
170 11 3
171 17 10
172 -8 16
173 -7 11
174 13 -47
175 36 3
176 -48 33
177 -34 -16
178 -9 29
179 -17 10
180 -32 16
181 -44 29
182 -17 -47
183 -12 11
184 38 -41
185 7 43
186 -10 44
187 -42 -39
188 -2 -42
189 -21 34
190 -16 9
191 0 34
192 28 44
193 40 -11
194 -32 -40
195 -22 42
196 5 12
197 -16 -23
198 -21 -16
199 30 10
200 -20 20
DEMAND_SECTION
1 0
2 29
3 87
4 61
5 30
6 25
7 57
8 79
9 61
10 27
11 53
12 63
13 89
14 25
15 79
16 34
17 99
18 41
19 94
20 86
21 30
22 79
23 63
24 50
25 97
26 30
27 33
28 56
29 99
30 81
31 53
32 78
33 27
34 33
35 30
36 56
37 47
38 79
39 70
40 79
41 80
42 69
43 66
44 31
45 98
46 87
47 86
48 60
49 34
50 85
51 62
52 37
53 56
54 30
55 70
56 31
57 67
58 35
59 61
60 76
61 72
62 81
63 97
64 38
65 99
66 89
67 97
68 57
69 73
70 100
71 63
72 58
73 98
74 83
75 74
76 56
77 81
78 79
79 89
80 49
81 83
82 67
83 42
84 63
85 72
86 58
87 96
88 52
89 37
90 61
91 88
92 94
93 64
94 71
95 58
96 95
97 35
98 60
99 54
100 92
101 82
102 66
103 30
104 100
105 35
106 39
107 93
108 51
109 95
110 47
111 39
112 78
113 42
114 73
115 79
116 100
117 52
118 69
119 30
120 67
121 54
122 41
123 36
124 60
125 92
126 91
127 91
128 88
129 30
130 90
131 25
132 100
133 66
134 83
135 52
136 29
137 89
138 50
139 26
140 39
141 37
142 43
143 93
144 47
145 83
146 45
147 29
148 53
149 34
150 37
151 74
152 63
153 81
154 67
155 98
156 82
157 35
158 95
159 59
160 38
161 41
162 81
163 25
164 40
165 41
166 33
167 32
168 98
169 79
170 56
171 67
172 67
173 87
174 72
175 83
176 37
177 57
178 63
179 52
180 58
181 88
182 57
183 76
184 85
185 45
186 60
187 76
188 96
189 80
190 50
191 36
192 34
193 98
194 47
195 79
196 38
197 36
198 41
199 49
200 47
DEPOT_SECTION
1
-1
EOF