NAME: p10_21
BEST_KNOWN: 0
COMMENT: 0
DIMENSION: 200
CAPACITY: 200
EDGE_WEIGHT_FORMAT: FUNCTION
EDGE_WEIGHT_TYPE: EXACT_2D
NODE_COORD_SECTION
1 0 0
2 6 -27
3 -38 16
4 -1 -10
5 -29 -37
6 -27 -18
7 -7 -14
8 33 15
9 8 -7
10 -38 32
11 -30 18
12 37 -25
13 -26 -20
14 18 42
15 -37 -12
16 17 1
17 -12 -47
18 -32 26
19 27 -48
20 -23 -29
21 21 41
22 46 -37
23 29 35
24 -43 19
25 41 -25
26 39 -49
27 -41 17
28 38 7
29 18 -19
30 -11 -8
31 7 1
32 -45 -44
33 49 46
34 -39 -24
35 -2 -4
36 -18 6
37 33 -40
38 -38 -10
39 -45 50
40 21 -36
41 50 23
42 -50 22
43 15 48
44 -38 25
45 13 7
46 14 -26
47 37 22
48 18 -20
49 14 -6
50 -39 -14
51 -8 -48
52 -11 43
53 -17 23
54 -48 6
55 -18 -2
56 39 -15
57 16 -11
58 -34 12
59 -26 -34
60 34 -31
61 18 -17
62 2 -38
63 -22 3
64 14 22
65 43 -49
66 -28 -37
67 48 -41
68 17 -43
69 47 3
70 -12 2
71 -39 -40
72 31 -19
73 -9 16
74 -15 44
75 40 -36
76 42 43
77 29 -23
78 3 -16
79 -40 18
80 -5 24
81 -38 -12
82 21 -42
83 50 35
84 37 6
85 -36 1
86 -22 -39
87 25 -21
88 46 -34
89 13 -37
90 19 3
91 -36 25
92 15 -44
93 -4 44
94 -33 -40
95 -37 23
96 -1 8
97 -35 -26
98 -15 2
99 -39 4
100 0 -48
101 5 8
102 49 -2
103 1 25
104 -30 -11
105 -28 15
106 34 -9
107 40 32
108 -21 10
109 -34 36
110 -3 13
111 47 17
112 -35 -47
113 31 7
114 -17 -31
115 1 -12
116 38 -19
117 3 -39
118 -42 -6
119 -44 -45
120 -29 -18
121 -46 -12
122 -29 -3
123 48 25
124 12 35
125 -29 -7
126 18 16
127 -36 -47
128 -35 38
129 -32 -39
130 23 46
131 35 -27
132 35 16
133 -33 -21
134 -6 46
135 40 -23
136 -32 2
137 37 -12
138 9 46
139 -30 -21
140 -38 6
141 26 13
142 12 43
143 44 -27
144 -33 17
145 -9 20
146 -41 -2
147 -24 -28
148 -30 42
149 47 -27
150 19 39
151 23 21
152 47 -3
153 50 10
154 -7 -30
155 -13 49
156 9 35
157 8 -29
158 -35 -45
159 -45 15
160 40 -10
161 0 24
162 37 -38
163 -39 -42
164 -8 -37
165 6 48
166 -47 12
167 50 -46
168 -30 3
169 -12 -45
170 15 -43
171 -34 -20
172 33 -14
173 40 -38
174 -25 -5
175 -18 31
176 49 47
177 -10 14
178 1 7
179 -13 -32
180 -15 -6
181 -42 -17
182 -14 -37
183 -33 5
184 34 -45
185 -15 -33
186 -47 -29
187 -4 -17
188 47 -31
189 -43 -27
190 -44 43
191 -14 10
192 -8 1
193 -28 -37
194 -49 12
195 29 35
196 8 -49
197 44 -45
198 20 16
199 20 37
200 -21 39
DEMAND_SECTION
1 0
2 43
3 77
4 73
5 85
6 96
7 64
8 40
9 98
10 69
11 98
12 91
13 58
14 86
15 47
16 29
17 71
18 54
19 62
20 51
21 45
22 31
23 49
24 48
25 76
26 31
27 62
28 38
29 47
30 58
31 44
32 81
33 63
34 94
35 73
36 63
37 59
38 48
39 100
40 27
41 75
42 94
43 62
44 40
45 95
46 89
47 57
48 36
49 77
50 90
51 81
52 87
53 34
54 93
55 27
56 75
57 85
58 43
59 94
60 58
61 58
62 88
63 86
64 73
65 79
66 73
67 42
68 59
69 32
70 73
71 60
72 94
73 80
74 70
75 95
76 52
77 30
78 65
79 35
80 99
81 53
82 49
83 51
84 56
85 40
86 42
87 64
88 87
89 49
90 65
91 57
92 60
93 94
94 60
95 74
96 25
97 68
98 40
99 73
100 39
101 66
102 81
103 100
104 38
105 61
106 74
107 47
108 42
109 73
110 68
111 47
112 44
113 83
114 60
115 30
116 77
117 53
118 72
119 51
120 65
121 96
122 28
123 26
124 63
125 69
126 33
127 50
128 27
129 59
130 96
131 77
132 74
133 73
134 33
135 31
136 70
137 96
138 81
139 83
140 84
141 86
142 50
143 77
144 70
145 35
146 87
147 58
148 67
149 61
150 81
151 73
152 49
153 54
154 36
155 33
156 74
157 59
158 84
159 31
160 63
161 50
162 52
163 83
164 26
165 75
166 44
167 98
168 58
169 48
170 57
171 75
172 45
173 29
174 30
175 49
176 36
177 46
178 57
179 93
180 76
181 50
182 71
183 30
184 35
185 91
186 30
187 44
188 52
189 39
190 64
191 37
192 51
193 52
194 77
195 69
196 37
197 83
198 61
199 49
200 36
DEPOT_SECTION
1
-1
EOF