NAME: p10_20
BEST_KNOWN: 0
COMMENT: 0
DIMENSION: 200
CAPACITY: 200
EDGE_WEIGHT_FORMAT: FUNCTION
EDGE_WEIGHT_TYPE: EXACT_2D
NODE_COORD_SECTION
1 0 0
2 -38 12
3 30 11
4 -15 -2
5 -21 -35
6 5 8
7 4 -50
8 -40 -26
9 -2 14
10 16 -42
11 4 -3
12 -23 -48
13 10 3
14 41 -31
15 18 -37
16 -21 -27
17 -33 10
18 -49 -35
19 23 -41
20 41 29
21 30 -4
22 4 -13
23 -49 -15
24 34 2
25 16 40
26 5 -46
27 -1 -4
28 -23 -16
29 3 -43
30 -24 -23
31 -15 -40
32 1 40
33 43 -46
34 -3 44
35 24 34
36 32 -37
37 -34 -50
38 -14 50
39 -16 48
40 -6 16
41 -48 49
42 17 43
43 50 -34
44 41 45
45 12 -11
46 16 50
47 -38 -10
48 34 47
49 -11 2
50 25 -29
51 35 -34
52 45 11
53 -23 -12
54 -10 -13
55 -10 37
56 20 -32
57 -28 -15
58 33 -9
59 -39 -8
60 46 -19
61 12 22
62 34 1
63 -2 -50
64 36 -29
65 -36 -5
66 -38 5
67 -19 43
68 8 18
69 -33 14
70 21 5
71 -27 -7
72 -49 4
73 -21 -48
74 7 -1
75 -45 8
76 25 -41
77 13 -20
78 -30 15
79 -7 -13
80 -32 36
81 29 -22
82 -11 -18
83 -39 -44
84 5 47
85 26 8
86 29 36
87 -33 37
88 -1 29
89 -5 -33
90 -50 -20
91 2 -49
92 39 -7
93 -34 -17
94 0 -19
95 -41 25
96 -24 35
97 -37 -23
98 19 -44
99 -27 -15
100 -12 -23
101 -43 23
102 -38 -13
103 33 26
104 14 -30
105 40 -39
106 23 35
107 -30 27
108 -10 -17
109 -1 40
110 43 21
111 10 7
112 -28 24
113 -37 33
114 -6 -13
115 -22 -45
116 -40 -2
117 -28 11
118 11 -24
119 44 -41
120 5 -35
121 -9 -45
122 -17 -48
123 -21 -33
124 33 9
125 23 17
126 -30 -33
127 20 -8
128 19 -17
129 -7 -41
130 30 34
131 -36 0
132 14 -18
133 50 -8
134 -48 5
135 41 -7
136 -35 -5
137 -7 -38
138 27 -30
139 -41 -19
140 4 30
141 43 -42
142 18 32
143 -25 44
144 33 -46
145 25 -28
146 4 -36
147 -44 -32
148 11 -5
149 -35 -1
150 -50 18
151 -19 13
152 16 30
153 21 9
154 32 6
155 -2 -39
156 41 -39
157 43 -36
158 -31 -15
159 33 32
160 -38 43
161 -18 0
162 23 -33
163 49 -4
164 -33 14
165 -41 23
166 -32 7
167 32 -29
168 -29 -27
169 15 42
170 -50 -12
171 8 -11
172 41 -17
173 2 40
174 -6 50
175 19 22
176 -15 16
177 24 -20
178 9 -8
179 -10 12
180 28 -33
181 -18 1
182 26 3
183 46 -21
184 -25 12
185 -46 -15
186 47 48
187 -33 -23
188 27 -27
189 -42 16
190 -17 30
191 5 18
192 -2 -8
193 31 -22
194 -6 -10
195 12 19
196 35 47
197 -39 -38
198 -29 22
199 41 45
200 19 28
DEMAND_SECTION
1 0
2 58
3 100
4 72
5 72
6 30
7 69
8 98
9 48
10 88
11 44
12 29
13 82
14 28
15 87
16 27
17 56
18 99
19 69
20 43
21 77
22 42
23 94
24 54
25 39
26 98
27 48
28 37
29 53
30 83
31 62
32 96
33 86
34 35
35 38
36 66
37 31
38 26
39 34
40 29
41 78
42 71
43 98
44 35
45 60
46 49
47 47
48 45
49 88
50 92
51 32
52 25
53 34
54 81
55 38
56 83
57 100
58 58
59 42
60 90
61 96
62 97
63 92
64 58
65 49
66 73
67 35
68 32
69 79
70 37
71 80
72 98
73 43
74 94
75 63
76 26
77 93
78 93
79 83
80 62
81 50
82 64
83 74
84 65
85 48
86 81
87 31
88 99
89 39
90 76
91 90
92 71
93 90
94 100
95 99
96 69
97 91
98 66
99 71
100 62
101 66
102 63
103 59
104 36
105 35
106 69
107 98
108 81
109 79
110 30
111 92
112 76
113 95
114 50
115 75
116 70
117 32
118 39
119 77
120 100
121 37
122 74
123 75
124 95
125 80
126 74
127 69
128 77
129 58
130 39
131 54
132 40
133 42
134 61
135 88
136 73
137 43
138 45
139 42
140 97
141 89
142 92
143 36
144 47
145 100
146 28
147 30
148 88
149 71
150 55
151 32
152 77
153 26
154 26
155 79
156 85
157 80
158 81
159 84
160 90
161 45
162 54
163 38
164 99
165 47
166 38
167 55
168 65
169 34
170 68
171 89
172 39
173 28
174 81
175 82
176 30
177 34
178 31
179 48
180 65
181 43
182 29
183 91
184 82
185 44
186 50
187 71
188 86
189 100
190 61
191 35
192 31
193 33
194 76
195 77
196 69
197 68
198 41
199 97
200 56
DEPOT_SECTION
1
-1
EOF