NAME: p10_30
BEST_KNOWN: 0
COMMENT: 0
DIMENSION: 200
CAPACITY: 200
EDGE_WEIGHT_FORMAT: FUNCTION
EDGE_WEIGHT_TYPE: EXACT_2D
NODE_COORD_SECTION
1 0 0
2 4 43
3 50 -30
4 -6 49
5 2 -49
6 -9 25
7 -36 -42
8 -9 -20
9 5 33
10 32 4
11 34 34
12 20 40
13 19 -30
14 -33 15
15 -22 -44
16 14 45
17 -29 -23
18 37 21
19 -32 13
20 48 50
21 -50 9
22 -50 49
23 -2 -33
24 -50 -24
25 -20 32
26 2 -8
27 37 -26
28 6 -29
29 -28 -45
30 -17 -21
31 -48 -34
32 41 25
33 -20 -17
34 -36 -42
35 43 12
36 -3 -35
37 43 33
38 26 -44
39 10 25
40 0 13
41 18 34
42 50 -13
43 -16 15
44 -38 -33
45 -30 19
46 22 9
47 41 23
48 -18 37
49 1 -25
50 33 -46
51 -18 -36
52 16 -11
53 15 -37
54 12 -2
55 -14 -21
56 12 34
57 39 8
58 -45 -17
59 -11 -12
60 20 -3
61 35 25
62 11 29
63 38 -47
64 -20 15
65 41 33
66 21 -42
67 -10 33
68 0 -26
69 33 8
70 25 12
71 -14 40
72 -15 31
73 -7 -15
74 -2 -22
75 3 47
76 19 -37
77 -29 -12
78 -49 18
79 -40 30
80 26 -25
81 -39 7
82 12 44
83 -3 -38
84 -30 -30
85 -48 6
86 -27 24
87 -25 -20
88 35 -11
89 3 -23
90 14 27
91 -10 31
92 -10 45
93 -27 -37
94 -26 -4
95 -33 -25
96 36 9
97 -27 -49
98 -14 38
99 -16 48
100 10 44
101 -36 32
102 25 -10
103 24 9
104 41 -3
105 -5 -30
106 33 39
107 50 -7
108 48 48
109 15 -16
110 -43 -42
111 4 -5
112 -40 21
113 -7 5
114 36 -15
115 -7 -1
116 -42 -9
117 -17 -33
118 -46 15
119 24 49
120 20 28
121 36 13
122 -11 -47
123 12 -47
124 -27 43
125 -24 -1
126 -26 -47
127 -27 19
128 38 -3
129 -35 -5
130 -4 43
131 -8 -11
132 48 22
133 19 -15
134 -48 -32
135 -27 41
136 -37 36
137 14 41
138 -42 -48
139 24 -39
140 -48 42
141 15 -19
142 -47 -36
143 48 -4
144 28 41
145 -22 2
146 -30 24
147 25 -3
148 42 24
149 28 27
150 10 -50
151 14 -43
152 -29 -43
153 -4 33
154 -25 20
155 48 24
156 -49 -21
157 -3 8
158 -28 5
159 47 -15
160 -31 -31
161 14 -41
162 42 -26
163 -27 47
164 -42 31
165 16 -23
166 2 3
167 -44 28
168 -31 -45
169 -20 -50
170 37 -44
171 -1 2
172 -32 -44
173 -5 -49
174 16 17
175 -27 -37
176 -7 -8
177 -2 23
178 26 -50
179 13 13
180 -37 34
181 44 28
182 16 45
183 7 6
184 14 -12
185 -43 -12
186 9 -42
187 -9 37
188 -8 40
189 38 34
190 -11 -16
191 6 -47
192 24 -12
193 -18 37
194 37 7
195 -37 -18
196 -25 -32
197 -26 9
198 -35 9
199 -9 -6
200 8 -7
DEMAND_SECTION
1 0
2 85
3 92
4 71
5 49
6 46
7 65
8 37
9 52
10 59
11 68
12 55
13 83
14 97
15 27
16 95
17 40
18 36
19 77
20 57
21 83
22 89
23 70
24 30
25 31
26 81
27 61
28 82
29 100
30 82
31 92
32 80
33 95
34 57
35 100
36 56
37 48
38 43
39 92
40 92
41 81
42 53
43 92
44 86
45 64
46 30
47 52
48 61
49 30
50 98
51 33
52 68
53 93
54 55
55 25
56 50
57 84
58 40
59 27
60 31
61 62
62 59
63 84
64 51
65 94
66 72
67 60
68 92
69 95
70 94
71 35
72 36
73 44
74 37
75 93
76 72
77 72
78 34
79 65
80 57
81 93
82 31
83 69
84 35
85 45
86 82
87 83
88 62
89 39
90 26
91 93
92 49
93 66
94 84
95 39
96 53
97 73
98 63
99 31
100 62
101 30
102 67
103 100
104 92
105 100
106 92
107 97
108 40
109 63
110 51
111 78
112 91
113 40
114 58
115 57
116 94
117 36
118 37
119 47
120 32
121 47
122 55
123 40
124 50
125 52
126 52
127 83
128 71
129 94
130 32
131 81
132 70
133 71
134 42
135 69
136 96
137 66
138 60
139 49
140 63
141 41
142 55
143 35
144 26
145 75
146 57
147 45
148 91
149 94
150 95
151 42
152 62
153 58
154 88
155 63
156 37
157 67
158 57
159 53
160 99
161 63
162 71
163 26
164 43
165 72
166 85
167 97
168 30
169 54
170 84
171 60
172 96
173 84
174 47
175 72
176 36
177 86
178 34
179 29
180 25
181 43
182 81
183 49
184 59
185 63
186 63
187 32
188 53
189 92
190 99
191 91
192 26
193 93
194 48
195 74
196 98
197 68
198 80
199 44
200 25
DEPOT_SECTION
1
-1
EOF