NAME: p10_7
BEST_KNOWN: 0
COMMENT: 0
DIMENSION: 200
CAPACITY: 200
EDGE_WEIGHT_FORMAT: FUNCTION
EDGE_WEIGHT_TYPE: EXACT_2D
NODE_COORD_SECTION
1 0 0
2 -24 -37
3 -2 28
4 -32 16
5 23 48
6 -20 6
7 25 15
8 -47 33
9 -27 8
10 -1 6
11 -25 39
12 -9 12
13 -1 31
14 9 -1
15 35 -29
16 21 -43
17 6 50
18 -9 0
19 43 -11
20 23 28
21 -11 20
22 31 -42
23 11 37
24 8 7
25 -22 -15
26 5 -4
27 2 7
28 42 -22
29 -21 -24
30 -20 -28
31 20 -1
32 49 17
33 -11 14
34 -47 -45
35 49 -32
36 5 0
37 35 38
38 -49 23
39 -5 -25
40 46 -44
41 -21 17
42 -44 -22
43 27 -9
44 16 -8
45 31 50
46 31 -38
47 -24 -36
48 -32 11
49 -7 30
50 27 -45
51 -39 -41
52 3 -1
53 2 50
54 -15 -33
55 -19 -3
56 27 -17
57 22 20
58 -17 36
59 -8 1
60 -6 -27
61 43 -1
62 -38 -12
63 46 -35
64 -34 16
65 -32 19
66 2 17
67 -14 -29
68 46 -33
69 -49 -41
70 -19 44
71 -44 -30
72 -31 38
73 9 48
74 -8 47
75 10 -31
76 29 4
77 -23 40
78 -34 -5
79 14 43
80 34 33
81 13 -2
82 -47 -20
83 -37 -36
84 20 30
85 -48 11
86 18 17
87 7 13
88 31 -37
89 43 -7
90 -10 11
91 10 -33
92 45 33
93 31 -29
94 -20 49
95 5 -16
96 39 45
97 14 -17
98 -11 -45
99 -30 6
100 24 -41
101 15 -16
102 -29 11
103 7 -16
104 18 -35
105 49 16
106 -31 -40
107 -29 -17
108 -22 5
109 -27 7
110 27 1
111 41 -40
112 42 42
113 -13 42
114 -21 -46
115 0 -10
116 -31 -37
117 -46 -47
118 -46 18
119 -13 -45
120 22 38
121 17 -21
122 12 -30
123 40 -27
124 26 47
125 13 -24
126 20 40
127 -26 39
128 -41 -29
129 -28 24
130 44 16
131 50 -23
132 31 47
133 40 34
134 50 3
135 -12 -24
136 45 -25
137 -26 -49
138 -30 -19
139 -30 7
140 17 31
141 27 -50
142 -33 -2
143 9 -30
144 16 17
145 -50 31
146 -33 21
147 -6 -46
148 10 -39
149 16 -23
150 -32 -2
151 50 10
152 -4 -8
153 29 -31
154 -31 -38
155 -24 10
156 -34 21
157 35 -35
158 0 39
159 -37 -10
160 26 -5
161 22 8
162 17 2
163 28 2
164 48 -32
165 19 -20
166 41 7
167 31 -13
168 26 22
169 -17 -39
170 31 19
171 10 -10
172 -31 -46
173 49 14
174 13 -18
175 -15 16
176 -39 15
177 45 44
178 10 37
179 -31 36
180 2 50
181 -35 15
182 -10 43
183 -50 42
184 -40 -3
185 19 22
186 -36 25
187 23 29
188 -6 27
189 27 -47
190 -21 46
191 4 -45
192 40 6
193 22 -9
194 -22 44
195 16 8
196 -24 36
197 49 -31
198 -5 -9
199 30 35
200 -44 34
DEMAND_SECTION
1 0
2 43
3 37
4 50
5 34
6 60
7 85
8 72
9 40
10 86
11 37
12 29
13 34
14 74
15 74
16 70
17 89
18 53
19 56
20 39
21 45
22 59
23 50
24 92
25 75
26 25
27 68
28 52
29 97
30 47
31 33
32 32
33 72
34 28
35 36
36 96
37 35
38 65
39 37
40 93
41 43
42 97
43 57
44 29
45 51
46 83
47 69
48 78
49 46
50 99
51 29
52 26
53 38
54 68
55 71
56 47
57 78
58 99
59 60
60 78
61 37
62 26
63 53
64 65
65 87
66 48
67 95
68 92
69 39
70 33
71 83
72 50
73 91
74 82
75 57
76 62
77 32
78 67
79 84
80 69
81 92
82 72
83 51
84 90
85 86
86 51
87 30
88 44
89 50
90 42
91 47
92 91
93 52
94 84
95 33
96 95
97 76
98 32
99 51
100 50
101 49
102 89
103 32
104 45
105 93
106 73
107 30
108 54
109 98
110 78
111 39
112 78
113 96
114 30
115 66
116 87
117 62
118 48
119 37
120 38
121 99
122 46
123 48
124 94
125 80
126 79
127 85
128 40
129 40
130 64
131 63
132 36
133 75
134 55
135 63
136 52
137 63
138 58
139 34
140 79
141 83
142 27
143 68
144 34
145 67
146 99
147 95
148 59
149 62
150 100
151 78
152 96
153 50
154 76
155 89
156 33
157 68
158 94
159 80
160 70
161 99
162 25
163 28
164 96
165 55
166 63
167 77
168 59
169 93
170 41
171 39
172 29
173 39
174 44
175 95
176 100
177 79
178 51
179 87
180 39
181 94
182 98
183 58
184 34
185 85
186 75
187 62
188 76
189 83
190 61
191 66
192 45
193 29
194 26
195 95
196 52
197 32
198 50
199 96
200 94
DEPOT_SECTION
1
-1
EOF