NAME: p10_4
BEST_KNOWN: 0
COMMENT: 0
DIMENSION: 200
CAPACITY: 200
EDGE_WEIGHT_FORMAT: FUNCTION
EDGE_WEIGHT_TYPE: EXACT_2D
NODE_COORD_SECTION
1 0 0
2 -5 40
3 41 -30
4 36 18
5 -21 -42
6 14 38
7 -1 -36
8 -10 -25
9 40 36
10 -8 9
11 -34 -41
12 -20 -18
13 10 -35
14 -40 -18
15 -39 40
16 16 33
17 45 -26
18 -35 17
19 27 -13
20 32 -34
21 2 0
22 7 -7
23 28 -11
24 -11 -41
25 42 -2
26 47 -41
27 31 43
28 -9 50
29 -37 36
30 32 -29
31 44 -25
32 38 -48
33 -6 21
34 -33 -32
35 40 -24
36 4 32
37 5 -21
38 -49 -27
39 2 39
40 16 12
41 23 22
42 -35 18
43 -45 24
44 -19 -47
45 -49 0
46 32 -16
47 48 -44
48 30 42
49 33 7
50 -50 -38
51 -42 -21
52 -18 -5
53 38 -13
54 -7 -37
55 -23 -38
56 30 35
57 -7 42
58 36 32
59 -41 -4
60 -40 -28
61 -19 38
62 -43 -23
63 -29 19
64 47 50
65 27 11
66 -8 -29
67 15 31
68 -29 -8
69 23 -21
70 -24 9
71 18 -29
72 -1 -28
73 36 0
74 -22 33
75 -40 -9
76 24 34
77 7 36
78 44 -50
79 43 -47
80 -50 26
81 -46 24
82 38 -1
83 49 15
84 -29 29
85 50 24
86 -42 -2
87 -28 8
88 38 27
89 15 49
90 -10 18
91 -2 32
92 10 5
93 -21 -31
94 41 -47
95 18 -13
96 -12 -30
97 23 50
98 -37 -9
99 -6 45
100 -16 -10
101 -47 9
102 14 -25
103 0 -27
104 50 -29
105 -23 9
106 -5 28
107 -39 -23
108 -30 -8
109 40 -34
110 14 -26
111 12 8
112 8 -1
113 -34 6
114 15 29
115 31 20
116 49 -4
117 20 -45
118 -42 9
119 31 -47
120 -31 26
121 -12 -36
122 38 23
123 17 46
124 -37 43
125 23 -16
126 11 2
127 -21 37
128 36 -6
129 -23 -41
130 31 20
131 -14 -8
132 26 32
133 49 19
134 9 -19
135 37 8
136 43 0
137 31 -7
138 -43 48
139 31 27
140 19 10
141 -38 47
142 -2 43
143 30 16
144 15 47
145 17 -2
146 31 41
147 -47 47
148 6 47
149 39 -28
150 -14 -44
151 -34 -35
152 -13 43
153 -7 2
154 -22 10
155 18 -21
156 45 22
157 0 -21
158 39 10
159 -10 2
160 -10 35
161 -42 49
162 -44 -7
163 -41 -22
164 21 45
165 39 -21
166 32 -5
167 6 -3
168 -16 41
169 8 36
170 -5 28
171 24 6
172 13 -28
173 46 22
174 18 26
175 14 12
176 -6 39
177 -37 -26
178 5 -28
179 -3 33
180 25 8
181 -21 -38
182 24 -47
183 17 38
184 9 -7
185 47 -13
186 -10 -45
187 -25 -25
188 -45 -47
189 -43 -8
190 32 -35
191 14 -4
192 -38 14
193 -41 -37
194 3 20
195 27 33
196 -42 -44
197 -39 -46
198 35 36
199 -12 21
200 31 48
DEMAND_SECTION
1 0
2 57
3 74
4 98
5 37
6 89
7 72
8 47
9 70
10 37
11 89
12 66
13 35
14 59
15 71
16 59
17 26
18 80
19 86
20 40
21 70
22 90
23 68
24 69
25 73
26 76
27 62
28 73
29 30
30 71
31 81
32 96
33 37
34 83
35 36
36 99
37 53
38 84
39 72
40 99
41 88
42 72
43 64
44 50
45 38
46 96
47 47
48 73
49 59
50 48
51 34
52 64
53 84
54 67
55 36
56 100
57 49
58 67
59 37
60 40
61 32
62 47
63 49
64 88
65 73
66 32
67 29
68 98
69 50
70 29
71 37
72 47
73 46
74 55
75 43
76 93
77 31
78 27
79 61
80 93
81 62
82 32
83 99
84 38
85 86
86 45
87 31
88 89
89 66
90 29
91 49
92 65
93 27
94 25
95 32
96 66
97 60
98 100
99 69
100 63
101 44
102 95
103 99
104 76
105 38
106 94
107 26
108 57
109 60
110 57
111 60
112 34
113 65
114 88
115 88
116 56
117 79
118 56
119 48
120 79
121 26
122 90
123 74
124 89
125 54
126 44
127 44
128 31
129 93
130 41
131 49
132 32
133 84
134 99
135 60
136 69
137 67
138 60
139 83
140 95
141 84
142 67
143 34
144 74
145 62
146 100
147 86
148 60
149 56
150 34
151 88
152 83
153 48
154 81
155 47
156 27
157 66
158 56
159 72
160 26
161 73
162 91
163 49
164 49
165 53
166 55
167 39
168 94
169 30
170 39
171 100
172 50
173 63
174 62
175 92
176 26
177 32
178 49
179 64
180 80
181 99
182 49
183 68
184 94
185 48
186 98
187 79
188 83
189 30
190 48
191 52
192 27
193 38
194 55
195 61
196 91
197 79
198 100
199 66
200 90
DEPOT_SECTION
1
-1
EOF