NAME: p10_17
BEST_KNOWN: 0
COMMENT: 0
DIMENSION: 200
CAPACITY: 200
EDGE_WEIGHT_FORMAT: FUNCTION
EDGE_WEIGHT_TYPE: EXACT_2D
NODE_COORD_SECTION
1 0 0
2 24 -48
3 -20 -30
4 -7 -1
5 26 -35
6 11 28
7 -33 -6
8 -23 27
9 29 39
10 19 44
11 14 19
12 -4 38
13 -28 45
14 30 22
15 -49 3
16 -13 -9
17 9 6
18 44 -45
19 5 43
20 20 9
21 27 22
22 22 6
23 -19 1
24 18 16
25 4 7
26 -21 -20
27 35 19
28 50 -16
29 49 10
30 -32 -33
31 -50 43
32 47 18
33 -2 5
34 46 -14
35 -31 1
36 -48 13
37 27 9
38 -37 -46
39 -12 34
40 27 -20
41 -3 -25
42 10 -1
43 34 18
44 -9 -37
45 0 -15
46 -6 -13
47 -32 -45
48 8 47
49 -25 -27
50 -20 47
51 -12 -29
52 -45 -43
53 -13 -28
54 27 -13
55 45 -49
56 34 -31
57 12 27
58 49 -14
59 31 -40
60 -50 36
61 -9 40
62 -39 -23
63 -6 -31
64 21 20
65 -16 -17
66 4 -12
67 17 -6
68 -46 35
69 20 -39
70 33 -8
71 -9 16
72 -6 24
73 -50 -50
74 43 32
75 -34 -42
76 -22 28
77 -40 -35
78 11 -37
79 -31 42
80 29 -45
81 14 45
82 -48 28
83 40 41
84 27 -20
85 -38 4
86 -44 -47
87 -45 -34
88 3 -27
89 -32 45
90 16 18
91 -24 45
92 -1 30
93 14 -47
94 -36 29
95 13 -43
96 -31 43
97 19 -19
98 -34 -26
99 17 8
100 25 20
101 50 -6
102 43 -15
103 20 -22
104 -19 24
105 -15 46
106 5 0
107 43 -21
108 38 -18
109 43 -47
110 -8 -15
111 -7 0
112 38 -45
113 -11 14
114 -47 1
115 46 -27
116 0 -24
117 -17 -15
118 -34 6
119 -20 3
120 47 -32
121 -50 28
122 26 -27
123 -50 -38
124 3 26
125 34 47
126 37 -2
127 -22 -42
128 39 -14
129 36 20
130 -33 46
131 47 -15
132 3 -16
133 19 -25
134 34 -26
135 -50 24
136 -49 -9
137 -29 -26
138 -48 40
139 3 36
140 38 7
141 -44 19
142 7 41
143 42 14
144 13 17
145 -45 25
146 -8 -42
147 40 -22
148 11 17
149 29 -50
150 10 50
151 37 -46
152 -39 31
153 20 -21
154 -45 -8
155 -26 -47
156 31 8
157 19 13
158 -37 5
159 -18 4
160 47 32
161 5 -39
162 -20 -19
163 -29 6
164 38 10
165 -46 -6
166 27 20
167 -14 -7
168 -11 -19
169 -20 -38
170 18 19
171 29 -16
172 24 45
173 43 -21
174 4 -17
175 49 44
176 -30 -50
177 46 -16
178 5 32
179 -5 -9
180 46 31
181 -25 43
182 5 -6
183 -41 -40
184 27 23
185 -35 -6
186 5 -3
187 8 -48
188 -46 -13
189 27 14
190 28 5
191 -29 -44
192 21 17
193 -16 21
194 41 14
195 28 40
196 7 -24
197 27 22
198 -7 15
199 -38 5
200 44 43
DEMAND_SECTION
1 0
2 81
3 36
4 69
5 38
6 38
7 90
8 77
9 38
10 96
11 32
12 65
13 96
14 63
15 75
16 45
17 38
18 92
19 63
20 33
21 100
22 76
23 80
24 83
25 90
26 52
27 74
28 36
29 28
30 58
31 84
32 45
33 76
34 33
35 32
36 57
37 67
38 47
39 63
40 53
41 72
42 74
43 66
44 76
45 39
46 83
47 62
48 65
49 58
50 83
51 62
52 43
53 79
54 69
55 36
56 76
57 25
58 77
59 44
60 43
61 81
62 80
63 26
64 78
65 67
66 59
67 94
68 55
69 59
70 40
71 77
72 98
73 81
74 45
75 87
76 64
77 74
78 35
79 91
80 97
81 27
82 89
83 74
84 29
85 43
86 73
87 47
88 28
89 37
90 93
91 58
92 90
93 34
94 49
95 54
96 46
97 87
98 68
99 61
100 89
101 81
102 64
103 55
104 79
105 26
106 29
107 42
108 33
109 80
110 45
111 87
112 74
113 77
114 93
115 55
116 81
117 54
118 91
119 56
120 88
121 96
122 56
123 72
124 28
125 53
126 58
127 57
128 28
129 98
130 84
131 47
132 28
133 29
134 37
135 92
136 82
137 77
138 71
139 80
140 41
141 30
142 81
143 31
144 86
145 88
146 85
147 26
148 93
149 90
150 28
151 87
152 34
153 76
154 74
155 80
156 54
157 81
158 71
159 55
160 96
161 93
162 83
163 49
164 96
165 73
166 65
167 96
168 68
169 72
170 47
171 79
172 57
173 69
174 67
175 43
176 62
177 75
178 73
179 61
180 52
181 48
182 66
183 25
184 90
185 28
186 34
187 58
188 55
189 91
190 70
191 89
192 75
193 83
194 44
195 55
196 38
197 61
198 77
199 38
200 78
DEPOT_SECTION
1
-1
EOF