NAME: p10_22
BEST_KNOWN: 0
COMMENT: 0
DIMENSION: 200
CAPACITY: 200
EDGE_WEIGHT_FORMAT: FUNCTION
EDGE_WEIGHT_TYPE: EXACT_2D
NODE_COORD_SECTION
1 0 0
2 46 -21
3 -50 49
4 21 -28
5 17 -25
6 -47 40
7 27 35
8 20 42
9 10 -37
10 40 -11
11 7 -9
12 3 21
13 37 37
14 -3 14
15 36 -49
16 9 -39
17 -33 45
18 1 -17
19 34 44
20 26 44
21 35 -1
22 -9 -4
23 30 -12
24 -22 17
25 -50 2
26 35 -39
27 -48 23
28 32 8
29 26 0
30 -48 15
31 16 -35
32 29 -27
33 24 -49
34 -2 -11
35 -13 -3
36 -31 6
37 25 -28
38 6 -49
39 32 -42
40 17 7
41 4 -42
42 -39 -42
43 -34 24
44 46 40
45 48 -21
46 36 -1
47 42 -4
48 -5 -11
49 -14 -44
50 21 -14
51 -14 -47
52 31 -13
53 -1 -5
54 -48 -11
55 46 -26
56 -4 -3
57 11 -48
58 41 4
59 -36 7
60 16 36
61 38 42
62 -20 45
63 -48 27
64 34 34
65 -17 40
66 0 -10
67 -41 -5
68 43 40
69 2 15
70 15 24
71 -18 23
72 -41 46
73 -32 -48
74 -48 23
75 5 -17
76 15 8
77 1 -17
78 18 -28
79 -44 49
80 44 7
81 36 -25
82 23 4
83 -15 -7
84 9 26
85 37 33
86 19 -22
87 -42 -45
88 41 21
89 -2 -22
90 24 -2
91 44 38
92 0 -36
93 -13 -38
94 26 41
95 -5 40
96 -1 11
97 34 29
98 13 -44
99 21 -23
100 -41 23
101 -30 -30
102 28 -12
103 28 23
104 -32 31
105 6 -4
106 30 -24
107 -38 44
108 6 -41
109 4 24
110 22 30
111 -7 14
112 -14 -49
113 -12 -19
114 38 -18
115 -27 -16
116 45 -30
117 -9 41
118 -6 39
119 22 9
120 -18 -31
121 -39 29
122 -5 -9
123 23 -50
124 -42 42
125 -19 43
126 27 -22
127 -33 -7
128 45 -50
129 11 20
130 32 36
131 -39 -41
132 37 -26
133 -22 15
134 -6 25
135 -37 37
136 34 12
137 28 -22
138 9 48
139 -1 -29
140 -43 -26
141 -10 1
142 -44 9
143 11 1
144 43 -39
145 -34 38
146 -26 -11
147 -43 34
148 -13 11
149 15 -2
150 34 5
151 -9 33
152 -49 -3
153 -10 1
154 35 16
155 -2 -4
156 3 -15
157 18 24
158 -38 26
159 -1 29
160 -11 -42
161 -45 16
162 2 36
163 31 30
164 -31 21
165 -45 -17
166 34 -14
167 -30 44
168 -19 35
169 39 43
170 -49 37
171 -45 20
172 -49 -30
173 33 2
174 -28 -20
175 27 24
176 -34 27
177 -26 18
178 -5 -22
179 -31 -36
180 -13 -33
181 -36 14
182 -7 11
183 -49 -6
184 28 -6
185 -44 11
186 24 -6
187 42 -42
188 -22 -24
189 1 -17
190 20 -35
191 -35 -3
192 -38 -27
193 29 -49
194 -13 -38
195 6 18
196 -17 -41
197 19 11
198 -12 -36
199 1 -8
200 12 25
DEMAND_SECTION
1 0
2 96
3 95
4 54
5 98
6 80
7 69
8 68
9 26
10 53
11 91
12 63
13 82
14 67
15 57
16 48
17 39
18 52
19 27
20 50
21 68
22 40
23 27
24 52
25 98
26 92
27 80
28 41
29 53
30 84
31 45
32 68
33 83
34 99
35 75
36 83
37 51
38 100
39 71
40 70
41 80
42 68
43 35
44 65
45 57
46 51
47 65
48 99
49 75
50 46
51 98
52 57
53 55
54 50
55 73
56 68
57 55
58 25
59 77
60 47
61 52
62 33
63 68
64 30
65 45
66 94
67 64
68 93
69 69
70 70
71 29
72 63
73 58
74 60
75 94
76 65
77 80
78 32
79 47
80 96
81 90
82 42
83 73
84 67
85 92
86 37
87 68
88 33
89 90
90 28
91 27
92 95
93 100
94 95
95 41
96 78
97 88
98 75
99 52
100 64
101 43
102 67
103 35
104 39
105 65
106 61
107 54
108 100
109 97
110 88
111 36
112 32
113 28
114 87
115 29
116 37
117 33
118 47
119 46
120 66
121 80
122 84
123 58
124 26
125 93
126 92
127 79
128 47
129 27
130 65
131 76
132 85
133 85
134 73
135 77
136 60
137 72
138 46
139 61
140 42
141 60
142 67
143 36
144 98
145 99
146 95
147 89
148 89
149 90
150 26
151 43
152 52
153 59
154 34
155 55
156 48
157 31
158 81
159 33
160 77
161 35
162 80
163 39
164 46
165 37
166 32
167 44
168 44
169 37
170 32
171 59
172 72
173 53
174 100
175 27
176 46
177 80
178 36
179 66
180 95
181 93
182 61
183 31
184 47
185 73
186 26
187 31
188 35
189 71
190 50
191 73
192 46
193 72
194 29
195 38
196 88
197 61
198 32
199 38
200 89
DEPOT_SECTION
1
-1
EOF