NAME: p10_5
BEST_KNOWN: 0
COMMENT: 0
DIMENSION: 200
CAPACITY: 200
EDGE_WEIGHT_FORMAT: FUNCTION
EDGE_WEIGHT_TYPE: EXACT_2D
NODE_COORD_SECTION
1 0 0
2 49 -17
3 -50 32
4 -12 21
5 -44 27
6 -42 -20
7 -13 49
8 -2 -28
9 17 -19
10 14 34
11 -14 6
12 32 28
13 15 -48
14 -14 -10
15 -24 -17
16 32 27
17 -34 41
18 8 -3
19 -22 12
20 11 30
21 12 -27
22 14 24
23 2 32
24 -39 -29
25 -44 35
26 29 26
27 2 30
28 -39 10
29 7 -18
30 -22 38
31 -34 -25
32 11 -10
33 7 2
34 19 31
35 2 -19
36 16 38
37 -35 47
38 7 -7
39 11 36
40 -49 5
41 11 -37
42 -18 39
43 -11 50
44 21 -33
45 -20 39
46 24 -46
47 -2 -26
48 18 -32
49 5 -6
50 25 34
51 -32 4
52 46 49
53 -41 41
54 -13 -2
55 -21 30
56 -2 46
57 -22 46
58 32 8
59 44 -23
60 25 33
61 -2 20
62 11 26
63 31 50
64 -10 33
65 0 -43
66 -7 9
67 43 -47
68 26 -11
69 48 -34
70 38 39
71 -18 -24
72 11 -44
73 -2 -31
74 13 -48
75 16 -17
76 -42 20
77 -36 -31
78 36 49
79 -39 -2
80 10 22
81 34 -27
82 10 -49
83 41 -11
84 41 45
85 -13 -1
86 -37 -6
87 -41 -14
88 -10 -3
89 42 -25
90 -2 -5
91 -42 -35
92 17 24
93 -27 16
94 -14 -32
95 -8 -35
96 42 35
97 33 33
98 -8 -37
99 -46 -50
100 37 50
101 -11 -47
102 6 46
103 -14 -18
104 -26 -37
105 38 -40
106 -34 46
107 -44 25
108 27 2
109 -36 -26
110 -39 41
111 17 22
112 1 -49
113 -50 3
114 35 5
115 -4 -16
116 -15 3
117 9 -12
118 23 39
119 -37 6
120 -12 -37
121 25 25
122 -42 -13
123 -34 -11
124 25 21
125 28 5
126 9 36
127 20 -5
128 0 -5
129 -24 35
130 -29 -1
131 11 18
132 3 -11
133 -42 -3
134 26 -24
135 -50 -5
136 40 0
137 49 -23
138 8 32
139 33 -40
140 2 -39
141 -8 -46
142 -13 29
143 40 7
144 -50 40
145 -46 -36
146 17 -24
147 13 7
148 26 -49
149 -14 50
150 42 -30
151 -1 13
152 -43 0
153 -25 33
154 -50 -47
155 -49 -3
156 6 49
157 40 -22
158 -32 -49
159 -40 48
160 -46 -42
161 -19 29
162 11 -45
163 40 -6
164 7 -19
165 45 36
166 -24 36
167 25 25
168 -26 24
169 -16 -4
170 33 3
171 -22 -43
172 -22 22
173 -2 -18
174 33 -17
175 -6 -4
176 33 -7
177 32 -29
178 1 27
179 19 -50
180 11 6
181 -21 1
182 -49 -30
183 49 -38
184 27 -49
185 12 -29
186 -31 -31
187 50 -29
188 28 -33
189 -50 -41
190 42 34
191 11 49
192 4 25
193 -6 12
194 -18 -48
195 5 40
196 -40 -14
197 -15 -6
198 16 -15
199 -3 27
200 -10 -40
DEMAND_SECTION
1 0
2 79
3 57
4 50
5 47
6 51
7 78
8 67
9 44
10 67
11 39
12 35
13 31
14 100
15 78
16 54
17 86
18 57
19 88
20 93
21 81
22 54
23 37
24 38
25 37
26 98
27 52
28 60
29 29
30 36
31 82
32 37
33 64
34 86
35 55
36 81
37 88
38 49
39 65
40 75
41 91
42 94
43 95
44 91
45 70
46 26
47 62
48 92
49 35
50 41
51 78
52 37
53 88
54 47
55 77
56 94
57 86
58 48
59 94
60 49
61 82
62 64
63 36
64 57
65 92
66 62
67 43
68 65
69 89
70 100
71 28
72 34
73 69
74 95
75 37
76 38
77 92
78 70
79 43
80 73
81 32
82 82
83 32
84 86
85 51
86 97
87 26
88 98
89 98
90 45
91 62
92 67
93 73
94 98
95 71
96 37
97 50
98 58
99 57
100 28
101 96
102 95
103 32
104 84
105 60
106 68
107 96
108 71
109 70
110 72
111 72
112 29
113 80
114 48
115 48
116 85
117 94
118 25
119 53
120 68
121 51
122 79
123 59
124 85
125 91
126 58
127 68
128 38
129 72
130 62
131 66
132 91
133 46
134 51
135 100
136 78
137 40
138 47
139 42
140 75
141 88
142 93
143 37
144 61
145 59
146 80
147 69
148 89
149 64
150 86
151 95
152 55
153 57
154 81
155 65
156 43
157 32
158 87
159 82
160 61
161 74
162 79
163 95
164 31
165 70
166 31
167 45
168 65
169 53
170 62
171 25
172 53
173 71
174 94
175 29
176 57
177 96
178 56
179 70
180 45
181 93
182 39
183 100
184 98
185 50
186 91
187 82
188 61
189 45
190 89
191 77
192 88
193 51
194 69
195 53
196 54
197 28
198 70
199 82
200 44
DEPOT_SECTION
1
-1
EOF