NAME: p10_14
BEST_KNOWN: 0
COMMENT: 0
DIMENSION: 200
CAPACITY: 200
EDGE_WEIGHT_FORMAT: FUNCTION
EDGE_WEIGHT_TYPE: EXACT_2D
NODE_COORD_SECTION
1 0 0
2 -34 -2
3 -18 38
4 -43 36
5 -30 5
6 -20 -17
7 3 8
8 -42 -49
9 -7 30
10 -38 37
11 18 23
12 -46 5
13 -26 -41
14 -43 -21
15 25 33
16 -28 30
17 -5 -1
18 -34 23
19 12 -33
20 35 -38
21 38 -16
22 18 47
23 -4 -35
24 47 6
25 29 14
26 38 -29
27 15 -28
28 -1 18
29 -43 -37
30 20 32
31 -23 -26
32 16 49
33 -30 -30
34 -3 -29
35 -40 45
36 -11 -48
37 -31 -37
38 -13 -27
39 -39 22
40 -41 30
41 -30 -13
42 -33 44
43 -15 -7
44 18 46
45 19 -38
46 36 -4
47 -38 -1
48 9 34
49 33 27
50 -6 -18
51 -43 -43
52 49 40
53 12 -2
54 -48 -13
55 35 -34
56 -42 9
57 -30 -33
58 42 -35
59 10 24
60 -30 32
61 -39 39
62 41 -25
63 -5 36
64 -21 29
65 -1 -6
66 -23 32
67 9 50
68 -37 33
69 -31 -24
70 -28 11
71 33 25
72 40 -17
73 24 -46
74 41 -23
75 33 13
76 -45 -48
77 -46 -7
78 -4 40
79 1 -19
80 1 16
81 -6 -50
82 -13 12
83 44 33
84 2 -46
85 -11 35
86 -40 3
87 -41 -20
88 -31 -25
89 6 36
90 -31 -45
91 -46 -21
92 44 0
93 -16 -44
94 -34 24
95 5 17
96 -26 41
97 -42 28
98 33 12
99 11 48
100 44 -45
101 -41 40
102 -41 9
103 -14 -33
104 -33 43
105 5 -20
106 47 2
107 49 -4
108 -40 -13
109 -41 -45
110 -48 -14
111 -42 29
112 9 -26
113 48 31
114 -14 -25
115 22 -24
116 -44 -30
117 -12 23
118 -8 -40
119 -23 -1
120 6 -38
121 29 31
122 35 -42
123 10 -5
124 -14 19
125 -32 -24
126 48 -1
127 26 34
128 20 -48
129 -24 -28
130 10 -8
131 27 49
132 38 -40
133 12 20
134 -4 -21
135 -12 -18
136 8 -45
137 21 31
138 43 -2
139 -28 -12
140 30 0
141 -6 19
142 30 -37
143 -49 37
144 14 -1
145 22 -3
146 -17 43
147 14 0
148 38 -14
149 15 -38
150 17 21
151 35 -34
152 41 -48
153 34 18
154 -37 39
155 44 34
156 -1 33
157 -12 29
158 -50 0
159 12 -7
160 4 -15
161 46 10
162 0 -42
163 0 13
164 4 5
165 -22 27
166 -45 -2
167 43 23
168 16 -2
169 -7 44
170 -35 -8
171 5 0
172 23 -9
173 20 -8
174 17 -17
175 30 -31
176 -21 -2
177 34 43
178 -25 30
179 7 39
180 -3 -27
181 -39 -36
182 -46 19
183 -46 -30
184 -32 21
185 -6 -9
186 -32 -41
187 0 -28
188 27 -50
189 -26 -18
190 -26 -5
191 -11 -46
192 42 33
193 34 28
194 -14 -31
195 -32 0
196 5 38
197 -45 -17
198 -46 -13
199 -13 50
200 -14 -43
DEMAND_SECTION
1 0
2 77
3 79
4 97
5 81
6 80
7 25
8 90
9 34
10 49
11 37
12 58
13 86
14 30
15 41
16 36
17 95
18 89
19 70
20 47
21 28
22 85
23 37
24 34
25 57
26 96
27 76
28 59
29 25
30 32
31 41
32 30
33 90
34 72
35 82
36 68
37 37
38 38
39 59
40 36
41 36
42 48
43 84
44 77
45 44
46 39
47 96
48 67
49 92
50 33
51 77
52 95
53 67
54 100
55 66
56 62
57 73
58 73
59 25
60 46
61 71
62 62
63 66
64 88
65 29
66 73
67 29
68 28
69 73
70 76
71 95
72 50
73 56
74 50
75 81
76 40
77 25
78 91
79 62
80 100
81 58
82 63
83 83
84 88
85 76
86 62
87 98
88 70
89 40
90 78
91 94
92 46
93 47
94 74
95 31
96 64
97 79
98 39
99 46
100 58
101 50
102 52
103 66
104 71
105 74
106 26
107 47
108 39
109 97
110 79
111 65
112 78
113 88
114 96
115 75
116 89
117 78
118 79
119 39
120 34
121 30
122 100
123 43
124 64
125 30
126 38
127 99
128 53
129 93
130 100
131 100
132 31
133 92
134 89
135 40
136 34
137 35
138 30
139 77
140 41
141 98
142 36
143 51
144 31
145 44
146 73
147 66
148 77
149 60
150 58
151 99
152 62
153 83
154 68
155 26
156 30
157 62
158 99
159 90
160 80
161 45
162 98
163 88
164 36
165 87
166 47
167 47
168 51
169 100
170 94
171 77
172 34
173 32
174 40
175 73
176 75
177 46
178 58
179 79
180 47
181 88
182 76
183 88
184 69
185 37
186 37
187 97
188 58
189 44
190 42
191 36
192 33
193 83
194 67
195 62
196 54
197 72
198 38
199 65
200 48
DEPOT_SECTION
1
-1
EOF