NAME: p10_27
BEST_KNOWN: 0
COMMENT: 0
DIMENSION: 200
CAPACITY: 200
EDGE_WEIGHT_FORMAT: FUNCTION
EDGE_WEIGHT_TYPE: EXACT_2D
NODE_COORD_SECTION
1 0 0
2 -8 33
3 -11 -45
4 26 2
5 -2 -39
6 0 11
7 25 -22
8 -32 -22
9 9 36
10 42 -49
11 -28 0
12 -5 17
13 21 11
14 6 -2
15 -31 -38
16 -36 -16
17 38 29
18 37 47
19 -7 43
20 37 30
21 -44 20
22 23 19
23 -47 -20
24 -14 -29
25 23 -45
26 -22 20
27 16 10
28 46 30
29 4 36
30 6 -25
31 5 17
32 -21 -17
33 -50 -41
34 4 -1
35 2 50
36 -23 -33
37 28 46
38 -47 23
39 39 16
40 7 -48
41 19 2
42 31 -19
43 16 -28
44 1 -16
45 27 33
46 -42 -41
47 -11 14
48 -48 36
49 45 39
50 39 -50
51 -9 -37
52 35 -16
53 14 -12
54 43 42
55 -36 13
56 23 34
57 -33 50
58 -15 -14
59 16 27
60 24 23
61 -19 -17
62 -10 27
63 45 -21
64 -34 -19
65 -26 -12
66 39 -24
67 -45 -14
68 -27 19
69 -49 -29
70 44 -46
71 50 41
72 32 0
73 7 25
74 22 -19
75 32 21
76 -24 26
77 -45 16
78 -35 -15
79 48 -26
80 6 -35
81 31 -43
82 -24 14
83 -36 32
84 16 -14
85 -8 -27
86 -37 -12
87 -43 -12
88 -41 -41
89 27 -2
90 6 -31
91 37 46
92 -42 -3
93 12 -37
94 -44 -36
95 32 48
96 -3 44
97 -17 14
98 31 6
99 28 -20
100 46 25
101 -13 -34
102 -46 35
103 49 23
104 -14 -3
105 22 44
106 10 2
107 -13 -10
108 -10 -49
109 -33 -42
110 -10 16
111 -39 49
112 46 40
113 25 20
114 -24 -48
115 -12 20
116 3 45
117 -36 46
118 -16 21
119 10 -7
120 26 24
121 -24 -27
122 -1 -12
123 13 -49
124 -42 33
125 25 11
126 10 -19
127 7 45
128 15 39
129 19 37
130 -6 -12
131 47 -45
132 16 46
133 1 -9
134 -31 23
135 -25 -46
136 -4 2
137 36 10
138 -44 -30
139 -21 28
140 39 -26
141 9 19
142 -28 50
143 -48 10
144 -30 -5
145 -8 24
146 38 48
147 -1 -2
148 -42 -31
149 -48 -8
150 -40 -17
151 -21 9
152 -2 -30
153 39 -9
154 -34 -11
155 15 -19
156 -7 -37
157 -21 24
158 27 -25
159 -35 -12
160 41 17
161 27 22
162 38 -6
163 -26 26
164 26 -29
165 26 -4
166 -35 -2
167 6 -9
168 37 -46
169 -2 -3
170 21 5
171 -22 21
172 1 39
173 -7 -16
174 -31 28
175 -28 11
176 -45 -11
177 6 39
178 23 -19
179 -2 -25
180 -19 0
181 -17 -33
182 -50 43
183 -10 33
184 -33 -6
185 -47 -21
186 47 11
187 -37 -42
188 24 35
189 -39 -36
190 50 -21
191 -41 -19
192 -31 43
193 -11 -35
194 26 29
195 27 1
196 48 29
197 30 16
198 -27 28
199 19 -22
200 -9 6
DEMAND_SECTION
1 0
2 29
3 44
4 65
5 60
6 55
7 45
8 96
9 73
10 53
11 65
12 75
13 86
14 69
15 76
16 54
17 79
18 64
19 37
20 71
21 98
22 83
23 95
24 85
25 64
26 88
27 62
28 71
29 66
30 69
31 78
32 35
33 96
34 34
35 80
36 68
37 69
38 34
39 53
40 99
41 94
42 37
43 39
44 98
45 98
46 61
47 44
48 32
49 87
50 35
51 65
52 81
53 80
54 51
55 76
56 29
57 33
58 76
59 67
60 81
61 54
62 96
63 55
64 29
65 29
66 98
67 77
68 93
69 84
70 40
71 45
72 33
73 45
74 58
75 63
76 39
77 93
78 32
79 81
80 28
81 92
82 80
83 29
84 59
85 81
86 25
87 100
88 54
89 74
90 100
91 41
92 63
93 27
94 51
95 90
96 73
97 84
98 28
99 25
100 72
101 87
102 65
103 38
104 95
105 76
106 97
107 99
108 61
109 85
110 60
111 32
112 89
113 65
114 92
115 65
116 25
117 87
118 65
119 50
120 48
121 81
122 47
123 94
124 85
125 100
126 29
127 82
128 67
129 100
130 47
131 31
132 40
133 41
134 100
135 45
136 35
137 49
138 77
139 28
140 96
141 61
142 95
143 34
144 74
145 49
146 97
147 30
148 79
149 40
150 93
151 47
152 38
153 86
154 71
155 42
156 97
157 55
158 96
159 57
160 39
161 89
162 61
163 73
164 54
165 64
166 53
167 57
168 81
169 67
170 77
171 60
172 26
173 27
174 43
175 40
176 97
177 57
178 39
179 49
180 90
181 85
182 87
183 99
184 94
185 55
186 39
187 70
188 31
189 29
190 32
191 79
192 75
193 58
194 79
195 27
196 72
197 49
198 57
199 87
200 94
DEPOT_SECTION
1
-1
EOF