NAME: p10_6
BEST_KNOWN: 0
COMMENT: 0
DIMENSION: 200
CAPACITY: 200
EDGE_WEIGHT_FORMAT: FUNCTION
EDGE_WEIGHT_TYPE: EXACT_2D
NODE_COORD_SECTION
1 0 0
2 12 38
3 -7 -14
4 -29 15
5 -10 39
6 25 6
7 20 33
8 36 28
9 -33 0
10 7 -22
11 -27 36
12 10 -1
13 5 -33
14 -11 6
15 -4 -9
16 7 8
17 35 19
18 -13 19
19 -30 -32
20 -17 -50
21 -20 -38
22 -11 -19
23 -39 -49
24 6 31
25 43 12
26 48 9
27 8 36
28 23 -38
29 -3 -9
30 -17 28
31 -18 -41
32 38 12
33 -14 -2
34 36 -3
35 24 40
36 -46 20
37 49 23
38 16 -22
39 41 -16
40 26 -30
41 19 -47
42 -42 -43
43 -12 30
44 49 11
45 -3 43
46 -33 33
47 32 -29
48 9 33
49 -47 15
50 28 -45
51 18 43
52 46 -43
53 13 20
54 -17 -19
55 29 50
56 6 47
57 42 -44
58 37 -45
59 44 25
60 -14 50
61 45 30
62 -42 45
63 26 -30
64 -36 36
65 37 -27
66 32 16
67 -32 -8
68 -42 -26
69 26 -31
70 3 -3
71 -20 -47
72 -44 -43
73 45 45
74 1 36
75 -14 -3
76 -27 -11
77 13 19
78 -16 -32
79 -4 -16
80 -13 -42
81 -26 27
82 38 -21
83 10 26
84 -35 36
85 40 7
86 -28 -5
87 -40 11
88 -48 -32
89 2 43
90 -23 14
91 -31 -5
92 -2 -9
93 38 2
94 34 -45
95 -14 -7
96 -25 -40
97 18 -26
98 -6 12
99 -16 -37
100 34 39
101 50 31
102 -37 39
103 14 -1
104 20 -16
105 -48 -47
106 24 16
107 -1 -43
108 -48 -25
109 -46 1
110 14 -28
111 -15 -12
112 -34 14
113 -8 -32
114 28 -35
115 -35 32
116 -50 -45
117 -8 -45
118 -14 13
119 -11 -12
120 24 -47
121 -8 -9
122 -5 28
123 45 4
124 -15 -40
125 21 34
126 5 25
127 48 -29
128 -21 -3
129 -19 -10
130 -2 -48
131 22 -16
132 -14 50
133 -46 -4
134 14 -47
135 -49 -15
136 4 45
137 0 10
138 -19 28
139 -9 43
140 -24 50
141 47 46
142 28 -17
143 -8 -38
144 44 -38
145 38 -39
146 7 -49
147 36 -23
148 17 -49
149 37 -45
150 -23 -40
151 -9 12
152 26 8
153 -41 -34
154 -3 47
155 13 9
156 -16 -39
157 3 -6
158 2 -38
159 34 -4
160 48 -14
161 37 47
162 -24 -39
163 -44 -24
164 16 25
165 30 32
166 45 -7
167 41 -43
168 13 -44
169 -40 34
170 46 10
171 -28 -43
172 -28 17
173 -15 21
174 50 -33
175 9 -50
176 -45 20
177 -21 44
178 -50 29
179 -35 -18
180 -25 -7
181 16 -30
182 -28 -2
183 -19 22
184 -37 -20
185 12 -32
186 3 -47
187 28 38
188 37 32
189 -29 13
190 -29 20
191 -49 -44
192 44 22
193 -17 25
194 33 -20
195 -5 34
196 -42 -16
197 -15 -1
198 0 47
199 -48 46
200 -43 -41
DEMAND_SECTION
1 0
2 29
3 88
4 97
5 41
6 88
7 35
8 96
9 32
10 25
11 93
12 34
13 57
14 99
15 44
16 92
17 96
18 48
19 27
20 49
21 37
22 85
23 61
24 73
25 76
26 93
27 53
28 44
29 42
30 44
31 27
32 53
33 86
34 59
35 51
36 100
37 28
38 52
39 32
40 50
41 96
42 85
43 99
44 34
45 97
46 46
47 48
48 70
49 57
50 51
51 55
52 54
53 93
54 29
55 27
56 92
57 55
58 61
59 32
60 83
61 91
62 83
63 70
64 83
65 86
66 28
67 98
68 55
69 67
70 74
71 36
72 69
73 39
74 55
75 30
76 43
77 34
78 68
79 39
80 82
81 81
82 54
83 58
84 67
85 44
86 68
87 89
88 87
89 26
90 42
91 27
92 38
93 63
94 47
95 44
96 56
97 55
98 91
99 30
100 33
101 75
102 53
103 58
104 80
105 40
106 30
107 41
108 98
109 46
110 99
111 90
112 46
113 58
114 46
115 70
116 85
117 84
118 50
119 44
120 69
121 83
122 53
123 43
124 35
125 30
126 49
127 66
128 65
129 36
130 40
131 65
132 74
133 75
134 54
135 32
136 25
137 31
138 79
139 98
140 94
141 35
142 97
143 62
144 55
145 100
146 54
147 63
148 83
149 94
150 73
151 74
152 88
153 94
154 63
155 68
156 71
157 26
158 31
159 43
160 37
161 81
162 84
163 38
164 44
165 89
166 61
167 65
168 28
169 57
170 45
171 90
172 40
173 47
174 67
175 39
176 78
177 78
178 52
179 71
180 64
181 47
182 61
183 67
184 55
185 99
186 51
187 25
188 92
189 97
190 81
191 100
192 48
193 69
194 35
195 40
196 88
197 45
198 34
199 74
200 62
DEPOT_SECTION
1
-1
EOF