NAME: p10_11
BEST_KNOWN: 0
COMMENT: 0
DIMENSION: 200
CAPACITY: 200
EDGE_WEIGHT_FORMAT: FUNCTION
EDGE_WEIGHT_TYPE: EXACT_2D
NODE_COORD_SECTION
1 0 0
2 41 30
3 -16 -39
4 -31 39
5 29 11
6 -14 -48
7 16 -5
8 1 15
9 50 -12
10 -32 -25
11 2 17
12 -7 -37
13 12 32
14 -18 -8
15 -2 -24
16 13 47
17 -5 44
18 -33 -42
19 15 20
20 5 -27
21 -2 22
22 -46 -7
23 -4 50
24 -45 15
25 23 -50
26 33 38
27 -18 -23
28 35 -33
29 12 -40
30 -1 36
31 -15 -4
32 -21 -18
33 2 -46
34 37 -22
35 -21 -18
36 -33 36
37 -6 -28
38 33 -13
39 -5 -29
40 -42 35
41 31 23
42 44 -28
43 5 8
44 -21 -26
45 -26 45
46 -48 -42
47 -48 -16
48 -13 -34
49 13 -6
50 18 -28
51 -32 -14
52 -1 -38
53 -16 -20
54 -4 -42
55 25 -33
56 21 21
57 -25 29
58 -29 -2
59 -22 -47
60 -40 34
61 35 -29
62 25 7
63 17 -33
64 1 35
65 -7 -21
66 5 38
67 -45 -37
68 21 -42
69 0 49
70 -18 -20
71 45 -46
72 6 -19
73 16 -9
74 42 -47
75 24 22
76 5 43
77 -18 -34
78 41 -20
79 -2 6
80 48 -25
81 -40 13
82 -6 -39
83 -14 -17
84 38 20
85 28 46
86 0 15
87 -19 -10
88 -38 33
89 -29 -7
90 43 49
91 -50 34
92 -41 12
93 -3 23
94 29 33
95 -44 -8
96 13 22
97 -12 -9
98 11 3
99 17 33
100 -7 32
101 37 -45
102 -36 -37
103 10 -21
104 -23 -40
105 26 3
106 12 33
107 40 -26
108 -11 -29
109 -35 37
110 15 -19
111 -12 33
112 39 38
113 39 24
114 -38 26
115 -35 -47
116 39 27
117 -16 24
118 -5 36
119 -18 -34
120 -40 13
121 6 -15
122 -50 19
123 35 31
124 7 1
125 3 21
126 27 19
127 21 -2
128 -33 -49
129 37 11
130 -16 -6
131 -29 39
132 -44 45
133 -49 32
134 -38 -41
135 50 6
136 20 17
137 -27 -35
138 17 46
139 0 -9
140 -22 47
141 -40 -44
142 41 -8
143 8 29
144 4 -19
145 -35 45
146 10 -35
147 3 -25
148 -32 -25
149 -27 -42
150 11 -42
151 21 20
152 26 -26
153 -36 29
154 28 28
155 -23 -45
156 -1 27
157 20 -34
158 35 15
159 -34 -38
160 -41 -36
161 -20 -36
162 43 10
163 22 24
164 19 13
165 -49 10
166 -9 24
167 -3 -6
168 -47 -21
169 21 -6
170 -42 1
171 25 27
172 1 -13
173 21 -18
174 -33 3
175 -28 12
176 -1 35
177 -20 -34
178 -14 -21
179 1 -4
180 -50 42
181 -50 -44
182 -27 -18
183 -40 24
184 13 -32
185 -17 9
186 32 -36
187 -49 35
188 -46 15
189 38 29
190 -45 -49
191 -50 29
192 -14 -13
193 7 10
194 15 -46
195 -9 49
196 -41 46
197 -40 -37
198 -22 -45
199 -21 33
200 50 15
DEMAND_SECTION
1 0
2 82
3 92
4 98
5 47
6 41
7 27
8 61
9 31
10 95
11 68
12 76
13 81
14 81
15 29
16 80
17 27
18 30
19 97
20 26
21 39
22 39
23 82
24 28
25 59
26 77
27 67
28 71
29 67
30 93
31 60
32 61
33 29
34 87
35 32
36 93
37 31
38 30
39 85
40 83
41 41
42 84
43 33
44 62
45 37
46 83
47 60
48 95
49 73
50 52
51 32
52 32
53 37
54 81
55 53
56 92
57 53
58 95
59 41
60 67
61 90
62 76
63 70
64 44
65 89
66 55
67 68
68 82
69 56
70 53
71 87
72 67
73 33
74 77
75 39
76 88
77 96
78 74
79 57
80 58
81 32
82 44
83 61
84 65
85 88
86 72
87 57
88 25
89 43
90 89
91 31
92 85
93 57
94 71
95 100
96 70
97 60
98 81
99 32
100 78
101 48
102 56
103 49
104 45
105 75
106 25
107 93
108 50
109 67
110 28
111 42
112 53
113 66
114 63
115 42
116 89
117 42
118 37
119 94
120 67
121 98
122 86
123 96
124 91
125 72
126 37
127 48
128 40
129 44
130 71
131 34
132 89
133 49
134 95
135 71
136 28
137 39
138 36
139 60
140 25
141 70
142 45
143 52
144 68
145 33
146 97
147 90
148 88
149 53
150 66
151 67
152 42
153 76
154 38
155 97
156 68
157 61
158 42
159 25
160 70
161 94
162 56
163 32
164 98
165 43
166 95
167 39
168 39
169 61
170 25
171 66
172 69
173 30
174 85
175 85
176 43
177 47
178 27
179 60
180 90
181 65
182 78
183 71
184 42
185 76
186 53
187 64
188 58
189 79
190 50
191 33
192 78
193 63
194 33
195 26
196 42
197 99
198 56
199 77
200 34
DEPOT_SECTION
1
-1
EOF