NAME: p10_13
BEST_KNOWN: 0
COMMENT: 0
DIMENSION: 200
CAPACITY: 200
EDGE_WEIGHT_FORMAT: FUNCTION
EDGE_WEIGHT_TYPE: EXACT_2D
NODE_COORD_SECTION
1 0 0
2 -11 1
3 35 -3
4 25 -43
5 29 47
6 -8 -5
7 7 38
8 -34 -47
9 -40 0
10 -19 7
11 -25 -9
12 -9 42
13 -3 44
14 -33 16
15 -25 -31
16 28 -18
17 32 20
18 17 -38
19 2 22
20 -42 49
21 10 19
22 -9 23
23 25 10
24 -38 45
25 -50 11
26 -45 43
27 -2 11
28 14 9
29 28 -42
30 43 7
31 49 48
32 12 -13
33 41 -15
34 9 -49
35 -29 -49
36 -46 20
37 35 -7
38 29 -24
39 -3 20
40 23 15
41 21 5
42 -23 17
43 24 -1
44 -26 0
45 1 12
46 37 28
47 -30 -11
48 -39 -38
49 -29 -33
50 -16 -28
51 49 37
52 36 -39
53 34 -3
54 5 -38
55 25 -32
56 -1 12
57 -44 -38
58 -26 5
59 3 -41
60 20 -8
61 -19 5
62 8 -11
63 -8 -1
64 24 41
65 -18 -42
66 -11 -19
67 -41 -1
68 36 5
69 23 -48
70 34 44
71 7 -40
72 16 -16
73 37 1
74 -47 -38
75 34 -33
76 2 -5
77 -22 7
78 50 -37
79 -7 46
80 16 5
81 -2 -24
82 -36 27
83 16 49
84 -20 47
85 25 46
86 -47 27
87 7 14
88 -50 16
89 -45 42
90 -32 29
91 15 18
92 -41 -49
93 -45 25
94 -49 -8
95 9 37
96 39 48
97 -30 -10
98 22 37
99 -19 -28
100 -18 -42
101 -17 33
102 1 -6
103 -29 30
104 17 3
105 -3 14
106 42 48
107 48 46
108 -9 9
109 18 40
110 -23 11
111 -22 49
112 -30 34
113 -11 -45
114 37 -8
115 -25 -5
116 0 -5
117 -30 -1
118 17 -44
119 -4 12
120 34 44
121 -15 -5
122 -17 -15
123 10 14
124 7 40
125 -5 27
126 -40 -46
127 5 46
128 -29 9
129 -49 -20
130 24 -24
131 -16 22
132 36 -29
133 -13 19
134 10 13
135 -9 -29
136 -27 29
137 -3 21
138 -15 28
139 -24 -27
140 29 14
141 -40 12
142 14 -16
143 -3 8
144 -48 41
145 -18 45
146 18 -8
147 -32 47
148 -39 36
149 -29 -12
150 25 -7
151 1 -15
152 14 46
153 30 -10
154 1 -13
155 46 30
156 -44 13
157 -23 2
158 -15 -41
159 48 16
160 5 13
161 -39 -3
162 28 -25
163 -30 -37
164 23 -47
165 35 3
166 -38 -44
167 -7 25
168 8 -33
169 44 39
170 1 16
171 41 22
172 20 -2
173 -10 26
174 -3 -35
175 29 -17
176 -24 -43
177 -2 11
178 -23 -36
179 -1 -43
180 39 18
181 -45 -49
182 -38 42
183 -1 11
184 -35 49
185 42 -45
186 -36 41
187 -26 -1
188 -18 37
189 17 -21
190 -29 37
191 -43 -8
192 16 4
193 -16 -39
194 -25 10
195 -8 -26
196 6 20
197 37 20
198 -1 -10
199 16 -8
200 29 -35
DEMAND_SECTION
1 0
2 27
3 59
4 63
5 78
6 79
7 73
8 62
9 79
10 50
11 45
12 43
13 83
14 32
15 97
16 35
17 81
18 45
19 78
20 85
21 82
22 93
23 58
24 25
25 78
26 74
27 34
28 92
29 100
30 58
31 71
32 78
33 53
34 28
35 25
36 83
37 68
38 98
39 99
40 53
41 81
42 47
43 98
44 59
45 67
46 33
47 55
48 72
49 48
50 61
51 46
52 65
53 69
54 94
55 78
56 70
57 29
58 26
59 80
60 86
61 53
62 48
63 43
64 90
65 67
66 59
67 73
68 87
69 62
70 25
71 92
72 41
73 60
74 62
75 78
76 52
77 88
78 87
79 94
80 41
81 49
82 36
83 48
84 46
85 38
86 30
87 65
88 69
89 78
90 60
91 30
92 47
93 44
94 42
95 87
96 35
97 44
98 43
99 70
100 62
101 98
102 94
103 50
104 95
105 39
106 98
107 32
108 40
109 29
110 73
111 68
112 44
113 38
114 52
115 27
116 26
117 56
118 56
119 92
120 89
121 92
122 40
123 87
124 91
125 96
126 50
127 50
128 41
129 32
130 58
131 58
132 90
133 52
134 39
135 79
136 69
137 94
138 97
139 100
140 25
141 50
142 52
143 32
144 41
145 31
146 80
147 33
148 52
149 36
150 85
151 61
152 82
153 63
154 52
155 53
156 45
157 67
158 37
159 88
160 34
161 49
162 93
163 38
164 58
165 40
166 27
167 36
168 65
169 97
170 70
171 77
172 100
173 77
174 50
175 48
176 66
177 62
178 79
179 39
180 96
181 32
182 34
183 58
184 99
185 53
186 27
187 32
188 59
189 100
190 96
191 97
192 72
193 79
194 47
195 64
196 42
197 80
198 43
199 29
200 37
DEPOT_SECTION
1
-1
EOF