NAME: p10_18
BEST_KNOWN: 0
COMMENT: 0
DIMENSION: 200
CAPACITY: 200
EDGE_WEIGHT_FORMAT: FUNCTION
EDGE_WEIGHT_TYPE: EXACT_2D
NODE_COORD_SECTION
1 0 0
2 0 44
3 -3 -48
4 23 -17
5 -50 -22
6 -16 -10
7 -32 18
8 4 -22
9 28 -20
10 34 4
11 43 -36
12 4 -8
13 22 3
14 -33 -6
15 24 -45
16 3 -41
17 13 27
18 -3 -36
19 -27 25
20 -20 -16
21 30 1
22 -22 3
23 45 -35
24 15 11
25 14 1
26 -38 6
27 -50 -31
28 -11 -11
29 -10 -26
30 -2 35
31 2 9
32 -26 -19
33 -20 3
34 37 -44
35 44 26
36 -49 -3
37 40 14
38 17 23
39 20 -18
40 7 -40
41 24 36
42 0 -46
43 -17 33
44 -31 -20
45 2 16
46 2 11
47 -30 -16
48 31 34
49 -36 -15
50 -41 0
51 -22 -21
52 20 48
53 34 -1
54 -35 -46
55 -29 -30
56 -36 41
57 37 11
58 -31 -27
59 -44 35
60 -25 -5
61 -45 -44
62 48 -45
63 -35 36
64 -47 25
65 17 -15
66 23 -2
67 -19 -49
68 29 29
69 44 27
70 21 0
71 -35 5
72 -15 49
73 12 16
74 -12 49
75 -18 27
76 -41 -16
77 -26 47
78 -2 31
79 7 -41
80 -35 24
81 44 13
82 -39 -47
83 42 -6
84 -19 -18
85 -43 44
86 3 -21
87 -26 12
88 -15 -29
89 -39 -48
90 -26 -28
91 21 -14
92 14 -30
93 27 -49
94 -44 -38
95 -46 -44
96 2 17
97 14 1
98 -46 33
99 9 -36
100 9 -37
101 -23 -13
102 -47 -48
103 -41 39
104 -31 4
105 -43 3
106 23 -32
107 -47 2
108 -16 -44
109 22 -41
110 8 4
111 39 -22
112 29 47
113 -39 28
114 25 38
115 -7 47
116 -13 -20
117 -26 -18
118 25 42
119 15 -12
120 -6 40
121 -43 -25
122 -13 7
123 -37 -31
124 -43 -4
125 -1 36
126 -33 -39
127 -49 28
128 -10 6
129 -23 -48
130 -42 0
131 43 -35
132 40 -22
133 -3 34
134 -5 -48
135 21 -34
136 36 23
137 50 -45
138 -39 -12
139 -32 31
140 -37 42
141 15 32
142 24 9
143 42 21
144 49 46
145 17 -26
146 23 -38
147 22 42
148 28 47
149 41 43
150 30 -10
151 22 14
152 -33 44
153 -45 -38
154 38 16
155 6 -46
156 41 -38
157 49 5
158 2 -1
159 -35 -44
160 20 0
161 7 -2
162 -23 3
163 2 -49
164 23 46
165 28 9
166 34 18
167 -22 49
168 25 -30
169 48 -18
170 21 -33
171 45 31
172 16 -42
173 -10 -45
174 45 37
175 -31 -48
176 20 -28
177 -27 -45
178 11 -22
179 -42 4
180 -42 40
181 2 -14
182 50 -45
183 -17 13
184 -3 -16
185 21 -26
186 -48 30
187 7 -29
188 -31 34
189 -32 -9
190 -15 -20
191 -35 10
192 41 27
193 -27 30
194 -30 -23
195 47 5
196 25 45
197 -47 16
198 28 40
199 -47 46
200 24 24
DEMAND_SECTION
1 0
2 94
3 33
4 76
5 51
6 25
7 42
8 87
9 98
10 26
11 61
12 97
13 31
14 91
15 100
16 32
17 94
18 76
19 99
20 49
21 70
22 96
23 44
24 90
25 38
26 65
27 79
28 55
29 28
30 28
31 82
32 47
33 57
34 32
35 66
36 91
37 66
38 54
39 97
40 61
41 38
42 78
43 35
44 82
45 86
46 42
47 88
48 55
49 32
50 79
51 83
52 82
53 97
54 60
55 83
56 99
57 80
58 61
59 65
60 27
61 35
62 66
63 90
64 98
65 62
66 65
67 33
68 35
69 98
70 63
71 77
72 58
73 99
74 58
75 46
76 42
77 65
78 52
79 42
80 92
81 50
82 28
83 33
84 93
85 80
86 81
87 94
88 96
89 49
90 42
91 61
92 47
93 26
94 78
95 78
96 68
97 69
98 40
99 74
100 49
101 59
102 66
103 67
104 69
105 37
106 49
107 39
108 100
109 97
110 40
111 43
112 86
113 49
114 65
115 64
116 92
117 53
118 37
119 36
120 45
121 67
122 72
123 90
124 41
125 71
126 91
127 35
128 37
129 60
130 39
131 66
132 44
133 76
134 62
135 100
136 59
137 43
138 51
139 33
140 71
141 82
142 93
143 37
144 28
145 98
146 97
147 79
148 26
149 80
150 96
151 29
152 59
153 88
154 93
155 35
156 77
157 65
158 69
159 69
160 74
161 93
162 89
163 91
164 90
165 77
166 55
167 55
168 62
169 40
170 31
171 80
172 94
173 73
174 85
175 37
176 73
177 53
178 95
179 57
180 63
181 99
182 38
183 37
184 49
185 28
186 44
187 42
188 55
189 26
190 90
191 54
192 75
193 94
194 63
195 75
196 69
197 32
198 53
199 97
200 88
DEPOT_SECTION
1
-1
EOF