NAME: p10_3
BEST_KNOWN: 0
COMMENT: 0
DIMENSION: 200
CAPACITY: 200
EDGE_WEIGHT_FORMAT: FUNCTION
EDGE_WEIGHT_TYPE: EXACT_2D
NODE_COORD_SECTION
1 0 0
2 38 45
3 -2 5
4 -41 -16
5 11 -9
6 16 -36
7 -21 -36
8 3 -14
9 -15 18
10 6 1
11 45 4
12 -3 -10
13 25 28
14 21 -10
15 29 4
16 -24 1
17 10 25
18 10 -8
19 36 45
20 38 -47
21 -36 -24
22 -49 -14
23 -46 29
24 23 -16
25 -6 47
26 -29 8
27 -19 -24
28 10 32
29 -9 -11
30 38 42
31 10 -32
32 -45 -27
33 -30 24
34 9 26
35 -38 25
36 -9 -3
37 -42 10
38 41 10
39 26 -40
40 3 12
41 -37 -15
42 14 -20
43 16 -47
44 8 25
45 27 22
46 -25 -11
47 14 -24
48 -4 -10
49 48 -31
50 -31 -6
51 -14 7
52 37 2
53 -24 19
54 -25 43
55 24 11
56 -17 -13
57 12 37
58 12 -37
59 47 -5
60 47 49
61 -15 -18
62 -47 45
63 3 15
64 -17 40
65 48 -36
66 -19 -20
67 -33 -12
68 -48 49
69 23 -27
70 -27 0
71 4 17
72 -40 -31
73 -24 -36
74 -32 -15
75 -18 -34
76 -28 39
77 33 -8
78 -18 -37
79 2 -24
80 11 -12
81 47 19
82 -20 44
83 1 -9
84 14 35
85 -11 -4
86 43 1
87 31 -39
88 37 44
89 -3 -28
90 -49 -10
91 31 -7
92 45 33
93 -26 20
94 -46 0
95 -12 25
96 -16 33
97 28 -17
98 -22 -17
99 -2 -38
100 -29 36
101 40 -13
102 -39 -24
103 -36 43
104 -28 13
105 23 -16
106 21 -27
107 18 18
108 -13 26
109 44 8
110 -1 30
111 39 28
112 5 7
113 32 40
114 -45 36
115 0 -47
116 33 4
117 34 23
118 3 -41
119 -47 -25
120 -4 34
121 40 24
122 15 -10
123 -35 -29
124 38 7
125 5 49
126 -15 -12
127 -24 0
128 -45 42
129 -26 -38
130 -19 18
131 50 18
132 19 46
133 -1 23
134 17 46
135 -42 8
136 42 11
137 6 15
138 42 25
139 -37 -13
140 -13 -36
141 -21 -43
142 -47 22
143 -39 -37
144 -16 -9
145 28 -1
146 14 -9
147 -35 23
148 -13 -45
149 -1 12
150 41 45
151 21 4
152 -27 40
153 -7 -15
154 -22 32
155 -41 -13
156 -18 13
157 -47 -7
158 -14 -41
159 44 24
160 5 -43
161 -37 -34
162 31 -34
163 -44 0
164 -35 17
165 -20 23
166 23 14
167 12 41
168 21 -45
169 -27 -5
170 48 11
171 48 -38
172 -47 12
173 -6 -46
174 15 6
175 13 -49
176 -32 12
177 48 -21
178 -14 -46
179 -3 39
180 17 0
181 -34 29
182 -42 16
183 -20 -4
184 -27 -40
185 37 44
186 7 35
187 43 -25
188 -22 13
189 -8 -50
190 35 18
191 -46 31
192 -11 19
193 20 17
194 -15 24
195 23 -35
196 44 22
197 -23 45
198 4 -41
199 31 28
200 20 3
DEMAND_SECTION
1 0
2 47
3 26
4 100
5 52
6 52
7 87
8 68
9 38
10 70
11 33
12 84
13 100
14 29
15 95
16 95
17 69
18 55
19 81
20 87
21 67
22 89
23 48
24 50
25 27
26 43
27 43
28 73
29 82
30 50
31 94
32 41
33 32
34 82
35 27
36 27
37 73
38 81
39 64
40 88
41 55
42 42
43 59
44 76
45 90
46 97
47 67
48 52
49 29
50 59
51 49
52 56
53 64
54 85
55 68
56 38
57 77
58 48
59 70
60 91
61 40
62 67
63 90
64 31
65 70
66 41
67 89
68 31
69 65
70 36
71 64
72 39
73 87
74 68
75 84
76 59
77 32
78 41
79 44
80 44
81 36
82 29
83 84
84 49
85 52
86 52
87 73
88 30
89 27
90 80
91 68
92 36
93 52
94 79
95 29
96 52
97 40
98 55
99 41
100 95
101 86
102 59
103 30
104 97
105 93
106 58
107 76
108 90
109 58
110 27
111 40
112 38
113 26
114 81
115 62
116 47
117 87
118 99
119 53
120 75
121 69
122 54
123 86
124 30
125 69
126 25
127 90
128 39
129 67
130 100
131 79
132 69
133 52
134 61
135 77
136 93
137 49
138 54
139 100
140 57
141 45
142 32
143 48
144 97
145 82
146 88
147 85
148 91
149 25
150 73
151 42
152 40
153 84
154 46
155 40
156 30
157 62
158 60
159 86
160 25
161 57
162 77
163 77
164 63
165 91
166 96
167 78
168 59
169 76
170 40
171 31
172 34
173 49
174 84
175 97
176 95
177 75
178 42
179 25
180 73
181 99
182 45
183 78
184 77
185 31
186 81
187 79
188 96
189 29
190 75
191 32
192 68
193 85
194 57
195 32
196 83
197 73
198 47
199 61
200 55
DEPOT_SECTION
1
-1
EOF