NAME: p10_15
BEST_KNOWN: 0
COMMENT: 0
DIMENSION: 200
CAPACITY: 200
EDGE_WEIGHT_FORMAT: FUNCTION
EDGE_WEIGHT_TYPE: EXACT_2D
NODE_COORD_SECTION
1 0 0
2 -22 25
3 -44 17
4 42 40
5 -5 44
6 27 -3
7 -25 -46
8 15 -25
9 12 -46
10 8 -20
11 16 -33
12 40 28
13 -39 34
14 -3 39
15 -34 7
16 9 -31
17 -47 7
18 -44 -4
19 -38 36
20 -16 19
21 -20 -13
22 -33 -28
23 3 33
24 42 -44
25 -26 11
26 26 28
27 2 38
28 39 -19
29 -40 34
30 -46 30
31 25 16
32 -4 9
33 -29 -28
34 5 -6
35 -41 -1
36 -12 16
37 -16 -39
38 16 -4
39 -39 42
40 8 37
41 -3 34
42 -45 -33
43 -4 19
44 -6 -48
45 -36 48
46 44 -15
47 45 4
48 -43 -30
49 2 -23
50 25 37
51 20 21
52 15 -10
53 -44 42
54 -34 19
55 -47 -13
56 10 0
57 11 -33
58 -18 -2
59 -38 -33
60 18 37
61 -28 -20
62 -14 -21
63 16 24
64 34 -46
65 -25 -3
66 -38 43
67 -3 32
68 -32 -41
69 15 4
70 -25 25
71 -20 2
72 1 22
73 17 30
74 6 22
75 -39 6
76 28 -33
77 27 -2
78 -26 6
79 -11 -20
80 7 40
81 14 -30
82 10 14
83 -7 -43
84 -39 -17
85 -2 21
86 -45 -39
87 -17 48
88 -41 47
89 39 -31
90 39 -12
91 30 50
92 23 -30
93 -37 12
94 20 11
95 -43 21
96 -4 -40
97 -25 -33
98 32 -20
99 -50 31
100 1 24
101 9 27
102 -11 12
103 38 25
104 12 -48
105 42 22
106 -3 -50
107 11 18
108 -33 -2
109 -1 -30
110 -22 -42
111 -8 45
112 20 32
113 -40 8
114 0 39
115 40 -41
116 44 -27
117 3 -27
118 -14 6
119 22 -39
120 30 1
121 -49 47
122 27 12
123 20 -15
124 44 50
125 39 -45
126 -46 -39
127 -47 -8
128 -41 -41
129 39 8
130 6 17
131 -37 -9
132 -6 48
133 30 -36
134 17 -29
135 20 28
136 -2 9
137 49 16
138 -14 -13
139 -22 43
140 9 -12
141 -3 44
142 -1 46
143 -34 3
144 13 -27
145 14 34
146 10 19
147 -26 -33
148 -25 2
149 36 -32
150 -9 10
151 38 49
152 -26 24
153 36 -32
154 40 32
155 -38 -14
156 -48 32
157 33 40
158 -20 41
159 -2 37
160 30 -39
161 -33 49
162 14 17
163 -4 0
164 -5 -16
165 14 -26
166 16 -43
167 -10 19
168 15 -50
169 39 29
170 -4 -47
171 -37 21
172 16 38
173 -50 28
174 41 10
175 -29 29
176 -37 25
177 -12 -18
178 -13 25
179 49 -8
180 -18 -20
181 8 19
182 -11 -22
183 -45 18
184 37 -8
185 -26 -42
186 9 37
187 -34 35
188 -7 49
189 40 -4
190 -17 -24
191 38 48
192 37 -26
193 -10 18
194 33 6
195 -23 5
196 -25 13
197 1 42
198 -17 -18
199 15 41
200 23 -43
DEMAND_SECTION
1 0
2 49
3 37
4 88
5 91
6 56
7 31
8 38
9 71
10 91
11 93
12 54
13 48
14 95
15 26
16 81
17 83
18 55
19 30
20 90
21 43
22 83
23 36
24 29
25 81
26 70
27 73
28 64
29 84
30 95
31 37
32 99
33 49
34 34
35 53
36 84
37 98
38 44
39 75
40 99
41 96
42 56
43 52
44 72
45 83
46 75
47 95
48 60
49 97
50 40
51 91
52 34
53 97
54 99
55 68
56 38
57 98
58 32
59 40
60 94
61 92
62 91
63 53
64 80
65 53
66 89
67 48
68 58
69 46
70 29
71 94
72 95
73 54
74 72
75 50
76 86
77 56
78 46
79 87
80 64
81 98
82 37
83 82
84 57
85 27
86 50
87 37
88 87
89 67
90 64
91 43
92 86
93 88
94 46
95 90
96 96
97 52
98 74
99 77
100 48
101 47
102 30
103 38
104 68
105 90
106 46
107 29
108 50
109 34
110 88
111 69
112 93
113 66
114 94
115 86
116 88
117 91
118 41
119 69
120 26
121 93
122 75
123 87
124 98
125 67
126 89
127 58
128 37
129 82
130 61
131 77
132 99
133 69
134 31
135 80
136 25
137 66
138 59
139 43
140 91
141 82
142 44
143 28
144 37
145 94
146 38
147 78
148 95
149 35
150 73
151 37
152 50
153 66
154 48
155 91
156 61
157 57
158 72
159 37
160 42
161 41
162 70
163 71
164 39
165 79
166 74
167 65
168 25
169 63
170 98
171 38
172 89
173 70
174 93
175 54
176 40
177 51
178 79
179 98
180 25
181 60
182 90
183 56
184 32
185 26
186 87
187 61
188 37
189 73
190 48
191 94
192 53
193 69
194 85
195 33
196 77
197 33
198 57
199 29
200 47
DEPOT_SECTION
1
-1
EOF