NAME: .\SDVRP instances\p02\p02_1090
BEST_KNOWN: 0
COMMENT: 0
DIMENSION: 76
CAPACITY: 140
EDGE_WEIGHT_FORMAT: FUNCTION
EDGE_WEIGHT_TYPE: EXACT_2D
NODE_COORD_SECTION
1 0 0
2 -18 -18
3 -4 -14
4 -19 5
5 5 -5
6 15 -20
7 -7 -6
8 10 10
9 15 5
10 -14 19
11 0 26
12 15 25
13 -5 11
14 22 -5
15 22 17
16 22 -16
17 -19 -4
18 -7 4
19 -31 16
20 22 8
21 26 -26
22 4 -27
23 -14 -27
24 -29 -12
25 -33 3
26 -23 24
27 1 6
28 15 -6
29 -5 -24
30 12 -14
31 3 -14
32 -9 36
33 -18 13
34 -14 -11
35 10 0
36 15 10
37 14 -30
38 20 -25
39 7 26
40 -10 20
41 -10 10
42 -28 -23
43 -25 -26
44 -24 -21
45 -19 8
46 10 -10
47 11 2
48 10 -25
49 8 -19
50 -28 -2
51 -25 16
52 -11 -1
53 14 -2
54 15 17
55 27 1
56 -30 30
57 -34 -15
58 25 -13
59 0 20
60 30 24
61 24 -36
62 -4 -34
63 -10 -20
64 -20 -10
65 -25 -35
66 10 30
67 17 32
68 5 2
69 -2 -7
70 10 -36
71 26 -32
72 19 -35
73 -5 20
74 -13 -16
75 0 -20
76 0 -3
DEMAND_SECTION
1 0
2 109
3 58
4 39
5 76
6 115
7 110
8 69
9 26
10 37
11 17
12 104
13 58
14 66
15 72
16 92
17 47
18 23
19 71
20 109
21 75
22 25
23 84
24 87
25 79
26 102
27 96
28 17
29 100
30 30
31 25
32 109
33 103
34 106
35 38
36 108
37 67
38 101
39 68
40 68
41 107
42 35
43 21
44 84
45 88
46 112
47 45
48 69
49 62
50 108
51 83
52 88
53 87
54 22
55 116
56 97
57 95
58 48
59 92
60 59
61 51
62 113
63 43
64 49
65 47
66 53
67 67
68 109
69 24
70 124
71 110
72 120
73 114
74 108
75 125
76 19
DEPOT_SECTION
1
-1
EOF
