NAME: .\SDVRP instances\p02\p02_1030
BEST_KNOWN: 0
COMMENT: 0
DIMENSION: 76
CAPACITY: 140
EDGE_WEIGHT_FORMAT: FUNCTION
EDGE_WEIGHT_TYPE: EXACT_2D
NODE_COORD_SECTION
1 0 0
2 -18 -18
3 -4 -14
4 -19 5
5 5 -5
6 15 -20
7 -7 -6
8 10 10
9 15 5
10 -14 19
11 0 26
12 15 25
13 -5 11
14 22 -5
15 22 17
16 22 -16
17 -19 -4
18 -7 4
19 -31 16
20 22 8
21 26 -26
22 4 -27
23 -14 -27
24 -29 -12
25 -33 3
26 -23 24
27 1 6
28 15 -6
29 -5 -24
30 12 -14
31 3 -14
32 -9 36
33 -18 13
34 -14 -11
35 10 0
36 15 10
37 14 -30
38 20 -25
39 7 26
40 -10 20
41 -10 10
42 -28 -23
43 -25 -26
44 -24 -21
45 -19 8
46 10 -10
47 11 2
48 10 -25
49 8 -19
50 -28 -2
51 -25 16
52 -11 -1
53 14 -2
54 15 17
55 27 1
56 -30 30
57 -34 -15
58 25 -13
59 0 20
60 30 24
61 24 -36
62 -4 -34
63 -10 -20
64 -20 -10
65 -25 -35
66 10 30
67 17 32
68 5 2
69 -2 -7
70 10 -36
71 26 -32
72 19 -35
73 -5 20
74 -13 -16
75 0 -20
76 0 -3
DEMAND_SECTION
1 0
2 37
3 25
4 20
5 29
6 39
7 38
8 27
9 17
10 19
11 14
12 36
13 25
14 27
15 28
16 33
17 22
18 16
19 28
20 37
21 29
22 16
23 31
24 32
25 30
26 36
27 34
28 14
29 35
30 18
31 16
32 37
33 36
34 37
35 20
36 37
37 27
38 35
39 27
40 27
41 37
42 19
43 15
44 31
45 32
46 38
47 21
48 27
49 26
50 37
51 31
52 32
53 32
54 16
55 39
56 34
57 34
58 22
59 33
60 25
61 23
62 38
63 21
64 22
65 22
66 23
67 27
68 37
69 16
70 41
71 38
72 40
73 39
74 37
75 41
76 15
DEPOT_SECTION
1
-1
EOF
