NAME: .\SDVRP instances\p02\p02_1050
BEST_KNOWN: 0
COMMENT: 0
DIMENSION: 76
CAPACITY: 140
EDGE_WEIGHT_FORMAT: FUNCTION
EDGE_WEIGHT_TYPE: EXACT_2D
NODE_COORD_SECTION
1 0 0
2 -18 -18
3 -4 -14
4 -19 5
5 5 -5
6 15 -20
7 -7 -6
8 10 10
9 15 5
10 -14 19
11 0 26
12 15 25
13 -5 11
14 22 -5
15 22 17
16 22 -16
17 -19 -4
18 -7 4
19 -31 16
20 22 8
21 26 -26
22 4 -27
23 -14 -27
24 -29 -12
25 -33 3
26 -23 24
27 1 6
28 15 -6
29 -5 -24
30 12 -14
31 3 -14
32 -9 36
33 -18 13
34 -14 -11
35 10 0
36 15 10
37 14 -30
38 20 -25
39 7 26
40 -10 20
41 -10 10
42 -28 -23
43 -25 -26
44 -24 -21
45 -19 8
46 10 -10
47 11 2
48 10 -25
49 8 -19
50 -28 -2
51 -25 16
52 -11 -1
53 14 -2
54 15 17
55 27 1
56 -30 30
57 -34 -15
58 25 -13
59 0 20
60 30 24
61 24 -36
62 -4 -34
63 -10 -20
64 -20 -10
65 -25 -35
66 10 30
67 17 32
68 5 2
69 -2 -7
70 10 -36
71 26 -32
72 19 -35
73 -5 20
74 -13 -16
75 0 -20
76 0 -3
DEMAND_SECTION
1 0
2 61
3 36
4 26
5 45
6 64
7 62
8 41
9 20
10 25
11 15
12 59
13 36
14 40
15 43
16 53
17 30
18 18
19 42
20 61
21 44
22 19
23 49
24 50
25 46
26 58
27 55
28 15
29 57
30 22
31 19
32 61
33 58
34 60
35 26
36 61
37 40
38 57
39 41
40 41
41 60
42 24
43 17
44 49
45 51
46 63
47 29
48 41
49 38
50 61
51 48
52 51
53 50
54 18
55 65
56 55
57 54
58 31
59 53
60 36
61 32
62 63
63 28
64 31
65 30
66 33
67 40
68 61
69 19
70 69
71 62
72 67
73 64
74 61
75 69
76 16
DEPOT_SECTION
1
-1
EOF
