NAME: .\SDVRP instances\p02\p02_110
BEST_KNOWN: 0
COMMENT: 0
DIMENSION: 76
CAPACITY: 140
EDGE_WEIGHT_FORMAT: FUNCTION
EDGE_WEIGHT_TYPE: EXACT_2D
NODE_COORD_SECTION
1 0 0
2 -18 -18
3 -4 -14
4 -19 5
5 5 -5
6 15 -20
7 -7 -6
8 10 10
9 15 5
10 -14 19
11 0 26
12 15 25
13 -5 11
14 22 -5
15 22 17
16 22 -16
17 -19 -4
18 -7 4
19 -31 16
20 22 8
21 26 -26
22 4 -27
23 -14 -27
24 -29 -12
25 -33 3
26 -23 24
27 1 6
28 15 -6
29 -5 -24
30 12 -14
31 3 -14
32 -9 36
33 -18 13
34 -14 -11
35 10 0
36 15 10
37 14 -30
38 20 -25
39 7 26
40 -10 20
41 -10 10
42 -28 -23
43 -25 -26
44 -24 -21
45 -19 8
46 10 -10
47 11 2
48 10 -25
49 8 -19
50 -28 -2
51 -25 16
52 -11 -1
53 14 -2
54 15 17
55 27 1
56 -30 30
57 -34 -15
58 25 -13
59 0 20
60 30 24
61 24 -36
62 -4 -34
63 -10 -20
64 -20 -10
65 -25 -35
66 10 30
67 17 32
68 5 2
69 -2 -7
70 10 -36
71 26 -32
72 19 -35
73 -5 20
74 -13 -16
75 0 -20
76 0 -3
DEMAND_SECTION
1 0
2 12
3 6
4 3
5 8
6 12
7 12
8 7
9 2
10 3
11 1
12 11
13 6
14 7
15 7
16 10
17 4
18 2
19 7
20 12
21 8
22 2
23 9
24 9
25 8
26 11
27 10
28 1
29 11
30 2
31 2
32 12
33 11
34 11
35 3
36 12
37 7
38 11
39 7
40 7
41 11
42 3
43 1
44 9
45 9
46 12
47 4
48 7
49 6
50 11
51 9
52 9
53 9
54 1
55 12
56 10
57 10
58 5
59 10
60 6
61 5
62 12
63 4
64 5
65 4
66 5
67 7
68 12
69 2
70 13
71 12
72 13
73 12
74 11
75 13
76 1
DEPOT_SECTION
1
-1
EOF
