NAME: .\SDVRP instances\p02\p02_3070
BEST_KNOWN: 0
COMMENT: 0
DIMENSION: 76
CAPACITY: 140
EDGE_WEIGHT_FORMAT: FUNCTION
EDGE_WEIGHT_TYPE: EXACT_2D
NODE_COORD_SECTION
1 0 0
2 -18 -18
3 -4 -14
4 -19 5
5 5 -5
6 15 -20
7 -7 -6
8 10 10
9 15 5
10 -14 19
11 0 26
12 15 25
13 -5 11
14 22 -5
15 22 17
16 22 -16
17 -19 -4
18 -7 4
19 -31 16
20 22 8
21 26 -26
22 4 -27
23 -14 -27
24 -29 -12
25 -33 3
26 -23 24
27 1 6
28 15 -6
29 -5 -24
30 12 -14
31 3 -14
32 -9 36
33 -18 13
34 -14 -11
35 10 0
36 15 10
37 14 -30
38 20 -25
39 7 26
40 -10 20
41 -10 10
42 -28 -23
43 -25 -26
44 -24 -21
45 -19 8
46 10 -10
47 11 2
48 10 -25
49 8 -19
50 -28 -2
51 -25 16
52 -11 -1
53 14 -2
54 15 17
55 27 1
56 -30 30
57 -34 -15
58 25 -13
59 0 20
60 30 24
61 24 -36
62 -4 -34
63 -10 -20
64 -20 -10
65 -25 -35
66 10 30
67 17 32
68 5 2
69 -2 -7
70 10 -36
71 26 -32
72 19 -35
73 -5 20
74 -13 -16
75 0 -20
76 0 -3
DEMAND_SECTION
1 0
2 89
3 64
4 54
5 73
6 92
7 90
8 69
9 48
10 53
11 43
12 87
13 64
14 68
15 71
16 81
17 58
18 46
19 70
20 89
21 72
22 47
23 77
24 78
25 74
26 86
27 83
28 43
29 85
30 50
31 47
32 89
33 86
34 88
35 54
36 89
37 68
38 85
39 69
40 69
41 88
42 52
43 45
44 77
45 79
46 91
47 57
48 69
49 66
50 89
51 76
52 79
53 78
54 46
55 93
56 83
57 82
58 59
59 81
60 64
61 60
62 91
63 56
64 59
65 58
66 61
67 68
68 89
69 47
70 97
71 90
72 95
73 92
74 89
75 97
76 44
DEPOT_SECTION
1
-1
EOF
