NAME: .\SDVRP instances\p02\p02_00
BEST_KNOWN: 0
COMMENT: 0
DIMENSION: 76
CAPACITY: 140
EDGE_WEIGHT_FORMAT: FUNCTION
EDGE_WEIGHT_TYPE: EXACT_2D
NODE_COORD_SECTION
1 0 0
2 -18 -18
3 -4 -14
4 -19 5
5 5 -5
6 15 -20
7 -7 -6
8 10 10
9 15 5
10 -14 19
11 0 26
12 15 25
13 -5 11
14 22 -5
15 22 17
16 22 -16
17 -19 -4
18 -7 4
19 -31 16
20 22 8
21 26 -26
22 4 -27
23 -14 -27
24 -29 -12
25 -33 3
26 -23 24
27 1 6
28 15 -6
29 -5 -24
30 12 -14
31 3 -14
32 -9 36
33 -18 13
34 -14 -11
35 10 0
36 15 10
37 14 -30
38 20 -25
39 7 26
40 -10 20
41 -10 10
42 -28 -23
43 -25 -26
44 -24 -21
45 -19 8
46 10 -10
47 11 2
48 10 -25
49 8 -19
50 -28 -2
51 -25 16
52 -11 -1
53 14 -2
54 15 17
55 27 1
56 -30 30
57 -34 -15
58 25 -13
59 0 20
60 30 24
61 24 -36
62 -4 -34
63 -10 -20
64 -20 -10
65 -25 -35
66 10 30
67 17 32
68 5 2
69 -2 -7
70 10 -36
71 26 -32
72 19 -35
73 -5 20
74 -13 -16
75 0 -20
76 0 -3
DEMAND_SECTION
1 0
2 18
3 26
4 11
5 30
6 21
7 19
8 15
9 16
10 29
11 26
12 37
13 16
14 12
15 31
16 8
17 19
18 20
19 13
20 15
21 22
22 28
23 12
24 6
25 27
26 14
27 18
28 17
29 29
30 13
31 22
32 25
33 28
34 27
35 19
36 10
37 12
38 14
39 24
40 16
41 33
42 15
43 11
44 18
45 17
46 21
47 27
48 19
49 20
50 5
51 22
52 12
53 19
54 22
55 16
56 7
57 26
58 14
59 21
60 24
61 13
62 15
63 18
64 11
65 28
66 9
67 37
68 30
69 10
70 8
71 11
72 3
73 1
74 6
75 10
76 20
DEPOT_SECTION
1
-1
EOF
