NAME: .\SDVRP instances\p11\p11_1050
BEST_KNOWN: 0
COMMENT: 0
DIMENSION: 121
CAPACITY: 200
EDGE_WEIGHT_FORMAT: FUNCTION
EDGE_WEIGHT_TYPE: EXACT_2D
NODE_COORD_SECTION
1 0 0
2 15 -44
3 15 -42
4 21 -40
5 22 -40
6 21 -38
7 22 -36
8 24 -36
9 36 -36
10 25 -38
11 24 -39
12 25 -40
13 37 -39
14 30 -40
15 29 -42
16 26 -42
17 63 -39
18 63 -37
19 14 -9
20 66 -39
21 66 -35
22 66 -32
23 68 -42
24 68 -36
25 69 -42
26 69 -40
27 69 -34
28 72 -42
29 72 -38
30 80 -30
31 74 -42
32 74 -40
33 74 -36
34 75 -44
35 77 -40
36 75 -37
37 77 -38
38 76 -4
39 76 -1
40 76 1
41 75 10
42 79 -2
43 79 1
44 79 7
45 82 -3
46 82 7
47 84 -3
48 84 -1
49 84 3
50 86 -3
51 89 1
52 89 5
53 73 35
54 73 38
55 75 36
56 75 40
57 75 44
58 77 35
59 77 41
60 80 32
61 80 43
62 83 37
63 83 39
64 83 44
65 84 41
66 85 35
67 89 44
68 27 38
69 40 35
70 25 40
71 25 42
72 34 41
73 36 44
74 36 38
75 36 42
76 36 44
77 38 38
78 40 40
79 40 43
80 44 41
81 44 45
82 0 -10
83 0 -5
84 8 -15
85 7 -10
86 6 -7
87 4 -5
88 5 -3
89 1 -3
90 8 -5
91 11 -6
92 10 -5
93 8 -4
94 10 -1
95 12 -1
96 6 0
97 10 0
98 15 0
99 20 10
100 10 5
101 12 6
102 8 4
103 6 3
104 10 10
105 8 8
106 4 5
107 5 6
108 6 9
109 18 -12
110 23 -7
111 20 5
112 3 -5
113 5 -9
114 8 -14
115 15 -8
116 20 1
117 15 7
118 6 -12
119 15 -10
120 -5 -5
121 -5 5
DEMAND_SECTION
1 0
2 88
3 51
4 38
5 64
6 92
7 88
8 59
9 28
10 36
11 22
12 84
13 51
14 57
15 61
16 76
17 43
18 26
19 60
20 88
21 63
22 28
23 70
24 72
25 66
26 83
27 78
28 22
29 82
30 32
31 28
32 88
33 84
34 86
35 37
36 87
37 58
38 82
39 58
40 58
41 86
42 35
43 25
44 70
45 73
46 90
47 42
48 59
49 54
50 87
51 69
52 73
53 72
54 26
55 93
56 79
57 78
58 44
59 76
60 52
61 47
62 90
63 41
64 45
65 43
66 48
67 58
68 88
69 27
70 98
71 89
72 95
73 91
74 87
75 99
76 24
77 46
78 66
79 77
80 65
81 84
82 72
83 42
84 74
85 71
86 98
87 82
88 98
89 84
90 88
91 29
92 85
93 66
94 34
95 95
96 74
97 83
98 81
99 54
100 81
101 28
102 73
103 83
104 80
105 96
106 55
107 37
108 27
109 64
110 45
111 93
112 93
113 73
114 21
115 44
116 75
117 51
118 49
119 86
120 81
121 94
DEPOT_SECTION
1
-1
EOF
