NAME: .\SDVRP instances\p11\p11_1030
BEST_KNOWN: 0
COMMENT: 0
DIMENSION: 121
CAPACITY: 200
EDGE_WEIGHT_FORMAT: FUNCTION
EDGE_WEIGHT_TYPE: EXACT_2D
NODE_COORD_SECTION
1 0 0
2 15 -44
3 15 -42
4 21 -40
5 22 -40
6 21 -38
7 22 -36
8 24 -36
9 36 -36
10 25 -38
11 24 -39
12 25 -40
13 37 -39
14 30 -40
15 29 -42
16 26 -42
17 63 -39
18 63 -37
19 14 -9
20 66 -39
21 66 -35
22 66 -32
23 68 -42
24 68 -36
25 69 -42
26 69 -40
27 69 -34
28 72 -42
29 72 -38
30 80 -30
31 74 -42
32 74 -40
33 74 -36
34 75 -44
35 77 -40
36 75 -37
37 77 -38
38 76 -4
39 76 -1
40 76 1
41 75 10
42 79 -2
43 79 1
44 79 7
45 82 -3
46 82 7
47 84 -3
48 84 -1
49 84 3
50 86 -3
51 89 1
52 89 5
53 73 35
54 73 38
55 75 36
56 75 40
57 75 44
58 77 35
59 77 41
60 80 32
61 80 43
62 83 37
63 83 39
64 83 44
65 84 41
66 85 35
67 89 44
68 27 38
69 40 35
70 25 40
71 25 42
72 34 41
73 36 44
74 36 38
75 36 42
76 36 44
77 38 38
78 40 40
79 40 43
80 44 41
81 44 45
82 0 -10
83 0 -5
84 8 -15
85 7 -10
86 6 -7
87 4 -5
88 5 -3
89 1 -3
90 8 -5
91 11 -6
92 10 -5
93 8 -4
94 10 -1
95 12 -1
96 6 0
97 10 0
98 15 0
99 20 10
100 10 5
101 12 6
102 8 4
103 6 3
104 10 10
105 8 8
106 4 5
107 5 6
108 6 9
109 18 -12
110 23 -7
111 20 5
112 3 -5
113 5 -9
114 8 -14
115 15 -8
116 20 1
117 15 7
118 6 -12
119 15 -10
120 -5 -5
121 -5 5
DEMAND_SECTION
1 0
2 54
3 35
4 29
5 42
6 56
7 54
8 39
9 24
10 28
11 21
12 52
13 35
14 38
15 40
16 48
17 31
18 23
19 40
20 54
21 41
22 24
23 45
24 46
25 43
26 51
27 49
28 21
29 51
30 26
31 24
32 54
33 52
34 53
35 28
36 53
37 39
38 51
39 39
40 39
41 53
42 27
43 22
44 45
45 46
46 55
47 31
48 39
49 37
50 53
51 44
52 46
53 46
54 23
55 56
56 49
57 49
58 32
59 48
60 36
61 33
62 55
63 30
64 32
65 31
66 34
67 39
68 54
69 23
70 59
71 54
72 57
73 55
74 53
75 59
76 22
77 33
78 43
79 48
80 42
81 52
82 46
83 31
84 47
85 45
86 59
87 51
88 59
89 52
90 54
91 24
92 52
93 43
94 27
95 57
96 47
97 51
98 50
99 37
100 50
101 24
102 46
103 51
104 50
105 58
106 37
107 28
108 23
109 42
110 32
111 56
112 56
113 46
114 20
115 32
116 47
117 35
118 34
119 53
120 50
121 57
DEPOT_SECTION
1
-1
EOF
